0.003271 -0.012356 0.000000 0.000000 0.004329 -0.012276 0.000000 0.200000 0.007660 -0.011365 0.300000 0.850000 
 0.003363 -0.012324 0.000000 0.000000 0.003611 -0.012339 0.000000 0.100000 0.007446 -0.011547 0.200000 0.800000 
 0.003003 -0.012352 0.000000 0.000000 0.004022 -0.012359 0.000000 0.000000 0.006974 -0.011524 0.233333 0.900000 
 0.002966 -0.012365 0.000000 0.000000 0.004065 -0.012300 0.000000 0.100000 0.006542 -0.011757 0.133333 0.700000 
 0.003317 -0.012331 0.000000 0.050000 0.004072 -0.012306 0.000000 0.200000 0.006451 -0.011759 0.100000 0.650000 
 0.003314 -0.012328 0.000000 0.050000 0.004240 -0.012269 0.000000 0.150000 0.008400 -0.011579 0.100000 0.650000 
 0.003527 -0.012325 0.000000 0.050000 0.003674 -0.012293 0.000000 0.100000 0.008831 -0.011571 0.100000 0.650000 
 0.003210 -0.012304 0.000000 0.100000 0.003304 -0.012313 0.000000 0.050000 0.009143 -0.011564 0.066667 0.600000 
 0.003030 -0.012343 0.000000 0.050000 0.003376 -0.012332 0.000000 0.050000 0.008816 -0.011653 0.033333 0.600000 
 0.003045 -0.012350 0.000000 0.050000 0.003566 -0.012363 0.000000 0.000000 0.007387 -0.011881 0.033333 0.450000 
 0.002894 -0.012361 0.000000 0.050000 0.003656 -0.012335 0.000000 0.000000 0.006660 -0.011992 0.100000 0.500000 
 0.002996 -0.012381 0.000000 0.000000 0.003731 -0.012311 0.000000 0.050000 0.006284 -0.011914 0.100000 0.450000 
 0.002772 -0.012381 0.000000 0.000000 0.003461 -0.012305 0.000000 0.100000 0.005947 -0.011796 0.166667 0.600000 
 0.003071 -0.012332 0.000000 0.000000 0.003258 -0.012289 0.000000 0.150000 0.005483 -0.011805 0.166667 0.700000 
 0.002765 -0.012337 0.000000 0.100000 0.003340 -0.012292 0.000000 0.200000 0.005552 -0.011636 0.200000 0.700000 
 0.002689 -0.012331 0.033333 0.050000 0.003206 -0.012307 0.000000 0.150000 0.005924 -0.011561 0.300000 0.750000 
 0.002917 -0.012325 0.000000 0.100000 0.003623 -0.012313 0.000000 0.100000 0.006259 -0.011776 0.266667 0.650000 
 0.002831 -0.012326 0.000000 0.150000 0.003728 -0.012326 0.000000 0.100000 0.006313 -0.011853 0.300000 0.650000 
 0.002846 -0.012308 0.000000 0.200000 0.004002 -0.012307 0.000000 0.050000 0.006168 -0.011985 0.233333 0.600000 
 0.003076 -0.012324 0.000000 0.150000 0.004264 -0.012264 0.000000 0.150000 0.006168 -0.011865 0.200000 0.500000 
 0.003142 -0.012354 0.000000 0.100000 0.004360 -0.012248 0.000000 0.200000 0.006524 -0.011792 0.166667 0.600000 
 0.003168 -0.012350 0.000000 0.100000 0.004379 -0.012251 0.000000 0.200000 0.006619 -0.011786 0.133333 0.550000 
 0.003133 -0.012352 0.000000 0.100000 0.004635 -0.012300 0.000000 0.100000 0.006660 -0.011745 0.133333 0.550000 
 0.002960 -0.012340 0.000000 0.100000 0.004282 -0.012323 0.000000 0.050000 0.006987 -0.011878 0.133333 0.450000 
 0.003269 -0.012277 0.000000 0.150000 0.004192 -0.012340 0.000000 0.100000 0.006207 -0.011943 0.133333 0.500000 
 0.003331 -0.012263 0.000000 0.100000 0.004020 -0.012337 0.000000 0.100000 0.007184 -0.011575 0.166667 0.550000 
 0.003338 -0.012285 0.000000 0.050000 0.003512 -0.012345 0.000000 0.100000 0.007286 -0.011523 0.233333 0.600000 
 0.003620 -0.012214 0.000000 0.150000 0.003133 -0.012359 0.000000 0.100000 0.007348 -0.011478 0.266667 0.650000 
 0.003309 -0.012312 0.000000 0.100000 0.002857 -0.012370 0.000000 0.100000 0.007539 -0.011563 0.333333 0.600000 
 0.003065 -0.012295 0.000000 0.150000 0.002957 -0.012384 0.000000 0.050000 0.006522 -0.011869 0.233333 0.400000 
 0.003188 -0.012300 0.000000 0.150000 0.003049 -0.012385 0.000000 0.000000 0.006986 -0.011868 0.200000 0.450000 
 0.003056 -0.012369 0.000000 0.000000 0.003441 -0.012358 0.000000 0.050000 0.006676 -0.011862 0.200000 0.500000 
 0.003349 -0.012362 0.000000 0.000000 0.003964 -0.012280 0.000000 0.100000 0.007570 -0.011739 0.166667 0.650000 
 0.003239 -0.012358 0.000000 0.050000 0.004166 -0.012228 0.000000 0.150000 0.007442 -0.011818 0.100000 0.750000 
 0.003112 -0.012390 0.000000 0.000000 0.003733 -0.012249 0.000000 0.150000 0.007644 -0.011909 0.133333 0.650000 
 0.002930 -0.012373 0.000000 0.000000 0.003882 -0.012282 0.000000 0.150000 0.008126 -0.011820 0.100000 0.800000 
 0.002702 -0.012393 0.000000 0.000000 0.003496 -0.012370 0.000000 0.050000 0.007947 -0.011968 0.100000 0.600000 
 0.002746 -0.012377 0.000000 0.050000 0.003193 -0.012359 0.000000 0.050000 0.007183 -0.011885 0.100000 0.400000 
 0.003161 -0.012305 0.033333 0.150000 0.003637 -0.012338 0.000000 0.050000 0.007217 -0.011808 0.066667 0.400000 
 0.003355 -0.012307 0.000000 0.150000 0.003456 -0.012338 0.000000 0.100000 0.006727 -0.011885 0.066667 0.400000 
 0.003494 -0.012285 0.000000 0.150000 0.003628 -0.012312 0.000000 0.150000 0.006445 -0.011842 0.100000 0.500000 
 0.003346 -0.012321 0.000000 0.100000 0.003517 -0.012340 0.000000 0.100000 0.006945 -0.011855 0.133333 0.550000 
 0.002935 -0.012347 0.000000 0.050000 0.003511 -0.012336 0.000000 0.100000 0.007978 -0.011800 0.166667 0.800000 
 0.003073 -0.012337 0.000000 0.050000 0.003579 -0.012323 0.000000 0.100000 0.007766 -0.011784 0.133333 0.800000 
 0.003199 -0.012367 0.000000 0.050000 0.003589 -0.012316 0.000000 0.050000 0.007778 -0.011881 0.066667 0.700000 
 0.003329 -0.012356 0.000000 0.000000 0.003620 -0.012303 0.000000 0.050000 0.007666 -0.011897 0.066667 0.800000 
 0.003645 -0.012325 0.000000 0.100000 0.003404 -0.012303 0.000000 0.100000 0.007090 -0.011600 0.100000 0.850000 
 0.003632 -0.012266 0.000000 0.200000 0.003341 -0.012334 0.000000 0.050000 0.007488 -0.011616 0.100000 0.750000 
 0.003471 -0.012247 0.033333 0.150000 0.003182 -0.012343 0.000000 0.100000 0.007415 -0.011509 0.233333 0.800000 
 0.003185 -0.012274 0.033333 0.100000 0.003124 -0.012367 0.000000 0.100000 0.007301 -0.011601 0.166667 0.750000 
 0.003035 -0.012299 0.033333 0.150000 0.003196 -0.012365 0.000000 0.000000 0.007309 -0.011914 0.133333 0.600000 
 0.002983 -0.012342 0.000000 0.100000 0.003482 -0.012363 0.000000 0.000000 0.007048 -0.011941 0.100000 0.600000 
 0.003183 -0.012370 0.000000 0.050000 0.003401 -0.012335 0.000000 0.100000 0.007081 -0.011975 0.033333 0.550000 
 0.003241 -0.012347 0.000000 0.050000 0.003957 -0.012279 0.000000 0.100000 0.007088 -0.011831 0.166667 0.650000 
 0.003357 -0.012360 0.000000 0.000000 0.004330 -0.012237 0.000000 0.200000 0.007421 -0.011698 0.233333 0.800000 
 0.003083 -0.012376 0.000000 0.000000 0.003837 -0.012250 0.000000 0.150000 0.007491 -0.011665 0.333333 0.750000 
 0.002926 -0.012376 0.000000 0.000000 0.003709 -0.012335 0.000000 0.050000 0.007666 -0.011534 0.466667 0.850000 
 0.002948 -0.012357 0.000000 0.050000 0.003581 -0.012368 0.000000 0.050000 0.008271 -0.011628 0.400000 0.800000 
 0.002798 -0.012309 0.000000 0.100000 0.003712 -0.012330 0.000000 0.100000 0.007245 -0.011798 0.400000 0.650000 
 0.003059 -0.012237 0.000000 0.250000 0.003660 -0.012336 0.000000 0.100000 0.007727 -0.011704 0.300000 0.650000 
 0.002982 -0.012244 0.000000 0.250000 0.003374 -0.012348 0.000000 0.050000 0.007734 -0.011768 0.166667 0.600000 
 0.002855 -0.012305 0.000000 0.200000 0.003266 -0.012311 0.000000 0.100000 0.007585 -0.011658 0.166667 0.550000 
 0.002935 -0.012320 0.000000 0.150000 0.002882 -0.012318 0.000000 0.100000 0.008016 -0.011417 0.200000 0.550000 
 0.002796 -0.012382 0.000000 0.000000 0.002908 -0.012314 0.000000 0.100000 0.007402 -0.011629 0.133333 0.500000 
 0.003342 -0.012376 0.000000 0.000000 0.003138 -0.012300 0.000000 0.100000 0.007314 -0.011697 0.133333 0.500000 
 0.003497 -0.012356 0.000000 0.000000 0.003130 -0.012374 0.000000 0.000000 0.006247 -0.011971 0.033333 0.350000 
 0.003412 -0.012365 0.000000 0.050000 0.003207 -0.012353 0.000000 0.050000 0.006922 -0.012076 0.066667 0.300000 
 0.003594 -0.012365 0.000000 0.000000 0.003222 -0.012345 0.000000 0.100000 0.007097 -0.011949 0.100000 0.350000 
 0.003534 -0.012312 0.000000 0.150000 0.003151 -0.012310 0.000000 0.150000 0.007330 -0.011787 0.133333 0.500000 
 0.003579 -0.012316 0.000000 0.200000 0.003568 -0.012319 0.000000 0.050000 0.007817 -0.011790 0.100000 0.550000 
 0.003854 -0.012329 0.000000 0.150000 0.003508 -0.012304 0.000000 0.050000 0.007010 -0.011719 0.133333 0.700000 
 0.002768 -0.012354 0.000000 0.050000 0.003863 -0.012310 0.000000 0.100000 0.007627 -0.011685 0.100000 0.700000 
 0.002637 -0.012363 0.000000 0.050000 0.003958 -0.012299 0.000000 0.150000 0.007067 -0.011759 0.166667 0.650000 
 0.002536 -0.012365 0.000000 0.100000 0.003569 -0.012314 0.000000 0.150000 0.006920 -0.011769 0.166667 0.650000 
 0.002734 -0.012378 0.000000 0.050000 0.003583 -0.012355 0.000000 0.150000 0.007466 -0.011593 0.133333 0.700000 
 0.003364 -0.012366 0.000000 0.050000 0.003188 -0.012360 0.000000 0.000000 0.007481 -0.011697 0.133333 0.700000 
 0.003815 -0.012346 0.000000 0.050000 0.003366 -0.012365 0.000000 0.100000 0.007856 -0.011836 0.100000 0.450000 
 0.003526 -0.012346 0.000000 0.050000 0.003428 -0.012354 0.000000 0.100000 0.008159 -0.011730 0.133333 0.500000 
 0.003223 -0.012383 0.000000 0.000000 0.003640 -0.012330 0.000000 0.100000 0.006911 -0.011966 0.066667 0.350000 
 0.003025 -0.012384 0.000000 0.050000 0.003779 -0.012344 0.000000 0.100000 0.007308 -0.011946 0.033333 0.400000 
 0.003023 -0.012403 0.000000 0.000000 0.003751 -0.012368 0.000000 0.050000 0.007060 -0.011932 0.000000 0.400000 
 0.003145 -0.012339 0.000000 0.100000 0.003773 -0.012353 0.000000 0.050000 0.007519 -0.011948 0.066667 0.500000 
 0.002964 -0.012313 0.000000 0.150000 0.003354 -0.012384 0.000000 0.000000 0.007812 -0.011865 0.100000 0.600000 
 0.002864 -0.012313 0.033333 0.100000 0.003213 -0.012388 0.000000 0.000000 0.007143 -0.011963 0.133333 0.500000 
 0.002837 -0.012251 0.000000 0.150000 0.003010 -0.012388 0.000000 0.000000 0.006993 -0.011913 0.133333 0.400000 
 0.002677 -0.012339 0.000000 0.050000 0.002968 -0.012371 0.000000 0.050000 0.005977 -0.011854 0.233333 0.600000 
 0.002707 -0.012357 0.000000 0.050000 0.003411 -0.012341 0.000000 0.050000 0.006655 -0.011878 0.300000 0.500000 
 0.002738 -0.012372 0.000000 0.050000 0.003820 -0.012327 0.000000 0.100000 0.007207 -0.011744 0.233333 0.650000 
 0.002535 -0.012388 0.000000 0.000000 0.004120 -0.012317 0.000000 0.100000 0.007342 -0.011808 0.166667 0.550000 
 0.002724 -0.012349 0.000000 0.050000 0.004176 -0.012310 0.000000 0.100000 0.007347 -0.011777 0.100000 0.550000 
 0.002872 -0.012326 0.000000 0.100000 0.003766 -0.012333 0.000000 0.050000 0.006638 -0.011848 0.066667 0.550000 
 0.003077 -0.012301 0.000000 0.150000 0.003815 -0.012269 0.000000 0.150000 0.006160 -0.011775 0.133333 0.650000 
 0.002899 -0.012341 0.000000 0.100000 0.003960 -0.012263 0.000000 0.200000 0.006413 -0.011557 0.100000 0.800000 
 0.003272 -0.012361 0.000000 0.050000 0.003982 -0.012260 0.000000 0.200000 0.006388 -0.011531 0.133333 0.800000 
 0.003105 -0.012350 0.000000 0.100000 0.003764 -0.012275 0.000000 0.200000 0.006589 -0.011675 0.133333 0.700000 
 0.003305 -0.012364 0.000000 0.050000 0.003668 -0.012349 0.000000 0.100000 0.006931 -0.011735 0.100000 0.650000 
 0.003589 -0.012302 0.000000 0.150000 0.003913 -0.012343 0.000000 0.100000 0.006361 -0.011804 0.166667 0.650000 
 0.003028 -0.012365 0.000000 0.000000 0.003359 -0.012360 0.000000 0.100000 0.008480 -0.011402 0.233333 0.900000 
 0.003189 -0.012347 0.000000 0.000000 0.003437 -0.012332 0.000000 0.100000 0.007902 -0.011419 0.233333 0.900000 
 0.003180 -0.012333 0.000000 0.050000 0.003579 -0.012318 0.033333 0.100000 0.007329 -0.011518 0.266667 1.000000 
 0.003143 -0.012352 0.000000 0.000000 0.003752 -0.012332 0.000000 0.100000 0.006705 -0.011523 0.300000 0.900000 
 0.002813 -0.012384 0.000000 0.000000 0.004000 -0.012312 0.000000 0.100000 0.006506 -0.011623 0.266667 0.750000 
 0.003298 -0.012340 0.000000 0.100000 0.004006 -0.012331 0.000000 0.050000 0.007209 -0.011679 0.166667 0.750000 
 0.003044 -0.012337 0.000000 0.150000 0.003961 -0.012353 0.000000 0.050000 0.006767 -0.011643 0.166667 0.600000 
 0.003384 -0.012322 0.000000 0.150000 0.003803 -0.012335 0.000000 0.150000 0.006695 -0.011804 0.066667 0.500000 
 0.003009 -0.012325 0.000000 0.150000 0.003399 -0.012376 0.000000 0.000000 0.006699 -0.011876 0.066667 0.400000 
 0.002954 -0.012371 0.000000 0.000000 0.003374 -0.012368 0.000000 0.050000 0.006021 -0.012030 0.166667 0.400000 
 0.002886 -0.012374 0.000000 0.050000 0.003289 -0.012345 0.000000 0.100000 0.005934 -0.012030 0.166667 0.500000 
 0.002682 -0.012380 0.000000 0.050000 0.003358 -0.012313 0.000000 0.150000 0.006288 -0.011911 0.200000 0.550000 
 0.002453 -0.012381 0.000000 0.050000 0.003464 -0.012310 0.000000 0.200000 0.006424 -0.011855 0.166667 0.550000 
 0.002923 -0.012337 0.000000 0.150000 0.003468 -0.012280 0.000000 0.150000 0.006184 -0.011844 0.166667 0.450000 
 0.003068 -0.012346 0.000000 0.050000 0.004021 -0.012228 0.000000 0.250000 0.006668 -0.011844 0.166667 0.450000 
 0.003078 -0.012329 0.000000 0.100000 0.004224 -0.012292 0.000000 0.150000 0.006697 -0.011931 0.100000 0.400000 
 0.003496 -0.012320 0.000000 0.100000 0.004107 -0.012315 0.000000 0.200000 0.006346 -0.011910 0.133333 0.450000 
 0.003082 -0.012329 0.000000 0.050000 0.004001 -0.012362 0.000000 0.100000 0.006754 -0.011907 0.066667 0.600000 
 0.003027 -0.012346 0.000000 0.000000 0.003445 -0.012405 0.000000 0.050000 0.007413 -0.011744 0.066667 0.750000 
 0.002892 -0.012367 0.000000 0.000000 0.003630 -0.012382 0.000000 0.100000 0.007684 -0.011680 0.166667 0.650000 
 0.002865 -0.012390 0.000000 0.000000 0.003578 -0.012345 0.000000 0.050000 0.007660 -0.011714 0.166667 0.650000 
 0.002935 -0.012398 0.000000 0.000000 0.003704 -0.012364 0.000000 0.050000 0.007898 -0.011563 0.200000 0.600000 
 0.003397 -0.012349 0.000000 0.100000 0.003721 -0.012327 0.000000 0.100000 0.006731 -0.011814 0.200000 0.500000 
 0.003471 -0.012331 0.000000 0.100000 0.003209 -0.012351 0.000000 0.050000 0.005863 -0.011979 0.066667 0.500000 
 0.003391 -0.012304 0.000000 0.100000 0.002935 -0.012364 0.000000 0.050000 0.006113 -0.011870 0.100000 0.550000 
 0.003131 -0.012353 0.000000 0.050000 0.002861 -0.012395 0.000000 0.050000 0.005875 -0.011889 0.166667 0.750000 
 0.002715 -0.012377 0.000000 0.000000 0.003355 -0.012328 0.000000 0.150000 0.006909 -0.011666 0.233333 0.800000 
 0.002809 -0.012368 0.000000 0.000000 0.003630 -0.012330 0.000000 0.150000 0.007230 -0.011631 0.266667 0.700000 
 0.002820 -0.012337 0.000000 0.100000 0.003861 -0.012336 0.000000 0.050000 0.007148 -0.011748 0.200000 0.550000 
 0.003162 -0.012312 0.000000 0.100000 0.003655 -0.012320 0.000000 0.150000 0.007900 -0.011540 0.200000 0.700000 
 0.003236 -0.012305 0.000000 0.100000 0.003802 -0.012322 0.000000 0.050000 0.007157 -0.011735 0.200000 0.700000 
 0.003287 -0.012293 0.000000 0.150000 0.003681 -0.012326 0.000000 0.050000 0.007589 -0.011611 0.166667 0.800000 
 0.003443 -0.012332 0.000000 0.100000 0.003447 -0.012312 0.000000 0.100000 0.008190 -0.011549 0.133333 0.850000 
 0.003269 -0.012338 0.000000 0.100000 0.003227 -0.012333 0.000000 0.050000 0.007250 -0.011818 0.066667 0.650000 
 0.003163 -0.012366 0.000000 0.050000 0.003068 -0.012329 0.000000 0.100000 0.007375 -0.011872 0.133333 0.550000 
 0.003244 -0.012334 0.000000 0.050000 0.002940 -0.012316 0.000000 0.100000 0.008089 -0.011759 0.133333 0.550000 
 0.002979 -0.012310 0.000000 0.100000 0.003056 -0.012332 0.000000 0.100000 0.007520 -0.011796 0.100000 0.500000 
 0.003219 -0.012297 0.000000 0.150000 0.003151 -0.012341 0.000000 0.050000 0.007952 -0.011681 0.233333 0.700000 
 0.003692 -0.012284 0.000000 0.100000 0.003042 -0.012335 0.000000 0.050000 0.008033 -0.011422 0.266667 0.850000 
 0.003541 -0.012301 0.000000 0.050000 0.003345 -0.012335 0.000000 0.050000 0.007546 -0.011547 0.266667 0.700000 
 0.003313 -0.012305 0.000000 0.100000 0.003258 -0.012320 0.000000 0.050000 0.007299 -0.011636 0.200000 0.600000 
 0.003073 -0.012358 0.000000 0.050000 0.003329 -0.012316 0.000000 0.050000 0.006648 -0.011780 0.100000 0.650000 
 0.002599 -0.012357 0.000000 0.050000 0.003492 -0.012294 0.000000 0.100000 0.007559 -0.011550 0.133333 0.600000 
 0.002670 -0.012399 0.000000 0.050000 0.003110 -0.012310 0.000000 0.100000 0.007418 -0.011493 0.133333 0.700000 
 0.002846 -0.012388 0.000000 0.050000 0.003657 -0.012335 0.000000 0.150000 0.007534 -0.011521 0.166667 0.750000 
 0.003295 -0.012358 0.000000 0.050000 0.003747 -0.012326 0.000000 0.150000 0.007628 -0.011474 0.166667 0.800000 
 0.003443 -0.012331 0.000000 0.100000 0.003875 -0.012342 0.000000 0.100000 0.006530 -0.011907 0.100000 0.750000 
 0.003489 -0.012352 0.000000 0.100000 0.003938 -0.012336 0.000000 0.150000 0.006215 -0.011976 0.066667 0.700000 
 0.003288 -0.012348 0.000000 0.100000 0.003132 -0.012349 0.000000 0.100000 0.005992 -0.012018 0.166667 0.550000 
 0.003102 -0.012377 0.000000 0.100000 0.003076 -0.012344 0.000000 0.100000 0.005621 -0.012116 0.033333 0.400000 
 0.003129 -0.012379 0.000000 0.100000 0.002739 -0.012355 0.000000 0.100000 0.006469 -0.012054 0.033333 0.400000 
 0.003005 -0.012397 0.000000 0.050000 0.003248 -0.012376 0.000000 0.050000 0.007280 -0.011942 0.133333 0.500000 
 0.003055 -0.012400 0.000000 0.050000 0.003688 -0.012295 0.066667 0.100000 0.006933 -0.011831 0.166667 0.500000 
 0.002804 -0.012374 0.000000 0.050000 0.004181 -0.012283 0.066667 0.100000 0.008463 -0.011758 0.133333 0.600000 
 0.002784 -0.012352 0.000000 0.050000 0.004036 -0.012261 0.066667 0.100000 0.008076 -0.011761 0.133333 0.550000 
 0.002943 -0.012344 0.000000 0.000000 0.003372 -0.012326 0.000000 0.050000 0.007643 -0.011697 0.200000 0.700000 
 0.003003 -0.012319 0.000000 0.000000 0.003513 -0.012322 0.000000 0.050000 0.007550 -0.011717 0.266667 0.800000 
 0.003323 -0.012310 0.000000 0.050000 0.003181 -0.012334 0.000000 0.100000 0.006563 -0.011884 0.300000 0.600000 
 0.003284 -0.012334 0.000000 0.050000 0.003510 -0.012356 0.000000 0.100000 0.006846 -0.011885 0.200000 0.650000 
 0.003454 -0.012344 0.000000 0.050000 0.003674 -0.012333 0.000000 0.100000 0.006147 -0.012038 0.100000 0.400000 
 0.003875 -0.012307 0.000000 0.100000 0.003304 -0.012362 0.000000 0.050000 0.006401 -0.012032 0.066667 0.400000 
 0.003850 -0.012307 0.000000 0.100000 0.003171 -0.012383 0.000000 0.000000 0.007057 -0.011885 0.100000 0.500000 
 0.003784 -0.012297 0.000000 0.100000 0.003030 -0.012370 0.000000 0.000000 0.006642 -0.011917 0.100000 0.450000 
 0.003655 -0.012273 0.000000 0.150000 0.003410 -0.012369 0.000000 0.000000 0.007317 -0.011714 0.100000 0.600000 
 0.003349 -0.012322 0.000000 0.100000 0.003660 -0.012352 0.000000 0.050000 0.007692 -0.011683 0.133333 0.650000 
 0.003355 -0.012273 0.000000 0.100000 0.003887 -0.012303 0.000000 0.100000 0.006890 -0.011727 0.066667 0.650000 
 0.003262 -0.012283 0.033333 0.150000 0.004253 -0.012241 0.000000 0.250000 0.006836 -0.011654 0.100000 0.600000 
 0.002888 -0.012298 0.033333 0.100000 0.003980 -0.012225 0.000000 0.250000 0.007052 -0.011705 0.133333 0.750000 
 0.002746 -0.012327 0.000000 0.050000 0.003607 -0.012249 0.000000 0.250000 0.006387 -0.011710 0.033333 0.800000 
 0.002579 -0.012354 0.000000 0.050000 0.003412 -0.012280 0.000000 0.200000 0.006845 -0.011733 0.100000 0.800000 
 0.002623 -0.012334 0.000000 0.100000 0.003420 -0.012308 0.000000 0.050000 0.007174 -0.011864 0.066667 0.550000 
 0.002794 -0.012333 0.000000 0.100000 0.003383 -0.012320 0.000000 0.000000 0.006650 -0.011804 0.233333 0.600000 
 0.002844 -0.012290 0.000000 0.150000 0.003574 -0.012303 0.000000 0.150000 0.007449 -0.011808 0.200000 0.650000 
 0.002956 -0.012332 0.000000 0.100000 0.003772 -0.012286 0.033333 0.150000 0.007283 -0.011846 0.266667 0.600000 
 0.002981 -0.012363 0.000000 0.050000 0.003564 -0.012265 0.033333 0.200000 0.007689 -0.011762 0.200000 0.650000 
 0.003225 -0.012364 0.000000 0.000000 0.003467 -0.012279 0.033333 0.200000 0.008169 -0.011737 0.233333 0.650000 
 0.003356 -0.012369 0.000000 0.000000 0.002985 -0.012339 0.033333 0.100000 0.007334 -0.011735 0.166667 0.750000 
 0.003203 -0.012337 0.000000 0.050000 0.002638 -0.012377 0.000000 0.000000 0.006633 -0.011805 0.133333 0.550000 
 0.002994 -0.012348 0.000000 0.100000 0.002701 -0.012382 0.000000 0.000000 0.006490 -0.011796 0.166667 0.500000 
 0.003032 -0.012331 0.000000 0.100000 0.002926 -0.012343 0.000000 0.050000 0.005619 -0.011841 0.066667 0.550000 
 0.002950 -0.012301 0.000000 0.150000 0.003179 -0.012312 0.000000 0.050000 0.005747 -0.011901 0.133333 0.500000 
 0.002886 -0.012326 0.000000 0.100000 0.003567 -0.012301 0.000000 0.050000 0.006815 -0.011759 0.266667 0.600000 
 0.002977 -0.012347 0.000000 0.000000 0.003668 -0.012321 0.000000 0.050000 0.006747 -0.011776 0.133333 0.450000 
 0.003073 -0.012335 0.000000 0.150000 0.003365 -0.012297 0.000000 0.100000 0.007202 -0.011807 0.100000 0.350000 
 0.002863 -0.012356 0.000000 0.050000 0.003617 -0.012339 0.000000 0.100000 0.007756 -0.011654 0.133333 0.550000 
 0.002958 -0.012328 0.000000 0.050000 0.003470 -0.012332 0.000000 0.100000 0.007500 -0.011711 0.100000 0.600000 
 0.003303 -0.012329 0.000000 0.100000 0.003574 -0.012313 0.000000 0.100000 0.007495 -0.011566 0.133333 0.750000 
 0.002908 -0.012359 0.000000 0.100000 0.003814 -0.012341 0.000000 0.100000 0.007784 -0.011411 0.166667 0.800000 
 0.003002 -0.012354 0.000000 0.100000 0.003846 -0.012317 0.000000 0.100000 0.007530 -0.011323 0.233333 0.850000 
 0.002998 -0.012337 0.000000 0.150000 0.004150 -0.012310 0.000000 0.150000 0.007914 -0.011409 0.100000 0.800000 
 0.002847 -0.012327 0.000000 0.100000 0.003999 -0.012312 0.000000 0.100000 0.006628 -0.011716 0.100000 0.550000 
 0.003243 -0.012355 0.000000 0.050000 0.003833 -0.012325 0.000000 0.050000 0.007317 -0.011739 0.100000 0.500000 
 0.003461 -0.012317 0.000000 0.050000 0.003552 -0.012332 0.000000 0.050000 0.007261 -0.011895 0.066667 0.600000 
 0.003483 -0.012331 0.000000 0.050000 0.003166 -0.012382 0.000000 0.000000 0.007164 -0.011976 0.133333 0.450000 
 0.003272 -0.012336 0.000000 0.050000 0.003326 -0.012378 0.000000 0.000000 0.007692 -0.011814 0.066667 0.450000 
 0.002955 -0.012344 0.000000 0.050000 0.003387 -0.012348 0.000000 0.050000 0.006254 -0.011798 0.200000 0.450000 
 0.002696 -0.012367 0.000000 0.050000 0.003153 -0.012365 0.000000 0.050000 0.006578 -0.011672 0.233333 0.650000 
 0.003946 -0.012265 0.000000 0.200000 0.003533 -0.012353 0.000000 0.050000 0.007198 -0.011835 0.100000 0.550000 
 0.003996 -0.012327 0.000000 0.100000 0.003721 -0.012343 0.000000 0.100000 0.007004 -0.011863 0.100000 0.500000 
 0.003457 -0.012356 0.000000 0.050000 0.003522 -0.012328 0.000000 0.100000 0.007684 -0.011789 0.166667 0.500000 
 0.003193 -0.012394 0.000000 0.050000 0.003829 -0.012330 0.000000 0.200000 0.007005 -0.011953 0.166667 0.450000 
 0.003042 -0.012378 0.000000 0.050000 0.003994 -0.012339 0.000000 0.200000 0.007157 -0.011922 0.133333 0.500000 
 0.002756 -0.012359 0.000000 0.050000 0.003908 -0.012290 0.000000 0.150000 0.006655 -0.012005 0.100000 0.400000 
 0.002696 -0.012372 0.000000 0.050000 0.003794 -0.012300 0.000000 0.150000 0.006853 -0.011833 0.100000 0.550000 
 0.002823 -0.012398 0.000000 0.000000 0.003625 -0.012309 0.000000 0.150000 0.006732 -0.011775 0.100000 0.600000 
 0.003477 -0.012341 0.000000 0.150000 0.003030 -0.012375 0.000000 0.050000 0.006167 -0.011751 0.200000 0.600000 
 0.003421 -0.012325 0.000000 0.200000 0.003016 -0.012403 0.000000 0.050000 0.006747 -0.011678 0.233333 0.700000 
 0.003327 -0.012292 0.000000 0.200000 0.003305 -0.012376 0.000000 0.050000 0.006138 -0.011600 0.400000 0.800000 
 0.003459 -0.012287 0.000000 0.200000 0.003307 -0.012365 0.000000 0.100000 0.006258 -0.011681 0.200000 0.650000 
 0.003129 -0.012326 0.000000 0.100000 0.003653 -0.012353 0.000000 0.100000 0.006702 -0.011753 0.166667 0.650000 
 0.003234 -0.012344 0.033333 0.100000 0.003649 -0.012341 0.000000 0.100000 0.007475 -0.011640 0.266667 0.850000 
 0.003877 -0.012307 0.033333 0.100000 0.003289 -0.012305 0.000000 0.150000 0.006789 -0.011812 0.166667 0.550000 
 0.003860 -0.012281 0.000000 0.150000 0.003402 -0.012312 0.000000 0.100000 0.006928 -0.011750 0.100000 0.650000 
 0.003754 -0.012266 0.000000 0.250000 0.003365 -0.012277 0.000000 0.150000 0.007156 -0.011835 0.066667 0.500000 
 0.003451 -0.012326 0.000000 0.150000 0.003151 -0.012293 0.000000 0.150000 0.006514 -0.011908 0.100000 0.450000 
 0.003468 -0.012277 0.000000 0.200000 0.002998 -0.012327 0.000000 0.100000 0.007065 -0.011781 0.066667 0.650000 
 0.003274 -0.012299 0.000000 0.150000 0.003044 -0.012320 0.000000 0.150000 0.007504 -0.011631 0.200000 0.750000 
 0.003433 -0.012314 0.000000 0.150000 0.002949 -0.012370 0.000000 0.050000 0.007195 -0.011699 0.166667 0.600000 
 0.003228 -0.012308 0.000000 0.100000 0.002873 -0.012348 0.000000 0.100000 0.007210 -0.011575 0.200000 0.650000 
 0.003016 -0.012377 0.000000 0.000000 0.003572 -0.012337 0.000000 0.100000 0.007651 -0.011589 0.200000 0.650000 
 0.003548 -0.012297 0.000000 0.100000 0.003570 -0.012335 0.000000 0.100000 0.006508 -0.011711 0.133333 0.650000 
 0.003383 -0.012271 0.000000 0.050000 0.003361 -0.012348 0.000000 0.100000 0.007215 -0.011605 0.066667 0.700000 
 0.003416 -0.012234 0.000000 0.250000 0.003480 -0.012348 0.000000 0.100000 0.007412 -0.011697 0.066667 0.650000 
 0.003518 -0.012210 0.000000 0.300000 0.003162 -0.012381 0.000000 0.050000 0.007154 -0.011712 0.066667 0.600000 
 0.002953 -0.012274 0.000000 0.250000 0.003142 -0.012400 0.000000 0.000000 0.007661 -0.011708 0.066667 0.500000 
 0.002858 -0.012320 0.000000 0.150000 0.003647 -0.012370 0.000000 0.000000 0.006432 -0.011878 0.100000 0.500000 
 0.003146 -0.012295 0.000000 0.150000 0.003838 -0.012357 0.000000 0.000000 0.006760 -0.011724 0.133333 0.600000 
 0.002677 -0.012330 0.000000 0.100000 0.003870 -0.012333 0.000000 0.050000 0.006218 -0.011836 0.233333 0.500000 
 0.002966 -0.012333 0.000000 0.100000 0.003829 -0.012324 0.000000 0.050000 0.006553 -0.011674 0.200000 0.600000 
 0.003312 -0.012339 0.000000 0.150000 0.003885 -0.012365 0.000000 0.000000 0.007246 -0.011565 0.166667 0.650000 
 0.003268 -0.012356 0.000000 0.150000 0.003738 -0.012310 0.000000 0.100000 0.007165 -0.011757 0.200000 0.600000 
 0.003340 -0.012341 0.000000 0.100000 0.003459 -0.012287 0.000000 0.150000 0.007597 -0.011823 0.133333 0.600000 
 0.003620 -0.012317 0.000000 0.100000 0.003578 -0.012282 0.000000 0.200000 0.006945 -0.011875 0.166667 0.600000 
 0.003342 -0.012323 0.000000 0.100000 0.003462 -0.012249 0.000000 0.200000 0.007229 -0.011869 0.166667 0.650000 
 0.003298 -0.012309 0.000000 0.100000 0.003249 -0.012301 0.000000 0.100000 0.007048 -0.011915 0.133333 0.650000 
 0.003091 -0.012322 0.000000 0.100000 0.003353 -0.012285 0.000000 0.100000 0.006534 -0.011821 0.100000 0.700000 
 0.002596 -0.012337 0.000000 0.100000 0.003405 -0.012273 0.000000 0.150000 0.006604 -0.011936 0.066667 0.550000 
 0.002752 -0.012336 0.000000 0.100000 0.003625 -0.012266 0.000000 0.200000 0.005787 -0.011992 0.033333 0.550000 
 0.002766 -0.012367 0.000000 0.050000 0.003616 -0.012242 0.000000 0.200000 0.005373 -0.012009 0.100000 0.550000 
 0.002987 -0.012346 0.000000 0.100000 0.003496 -0.012292 0.000000 0.150000 0.005859 -0.011885 0.000000 0.450000 
 0.003305 -0.012334 0.000000 0.150000 0.002900 -0.012371 0.000000 0.050000 0.006242 -0.011814 0.033333 0.500000 
 0.002992 -0.012336 0.000000 0.150000 0.002674 -0.012389 0.000000 0.050000 0.006193 -0.011837 0.033333 0.450000 
 0.002909 -0.012350 0.000000 0.100000 0.002922 -0.012396 0.000000 0.050000 0.006330 -0.011825 0.100000 0.500000 
 0.002969 -0.012358 0.000000 0.050000 0.003148 -0.012328 0.000000 0.150000 0.005983 -0.011935 0.133333 0.500000 
 0.002758 -0.012349 0.000000 0.000000 0.003318 -0.012299 0.000000 0.200000 0.006283 -0.011780 0.100000 0.550000 
 0.003054 -0.012357 0.000000 0.000000 0.003148 -0.012268 0.000000 0.200000 0.006250 -0.011824 0.066667 0.500000 
 0.003258 -0.012342 0.000000 0.000000 0.003218 -0.012221 0.000000 0.250000 0.006427 -0.011899 0.066667 0.250000 
 0.003333 -0.012303 0.000000 0.100000 0.003128 -0.012219 0.000000 0.300000 0.006774 -0.011955 0.033333 0.300000 
 0.003334 -0.012301 0.000000 0.100000 0.003570 -0.012214 0.000000 0.250000 0.006335 -0.011964 0.133333 0.400000 
 0.003188 -0.012258 0.033333 0.150000 0.003596 -0.012229 0.000000 0.300000 0.006327 -0.011888 0.200000 0.450000 
 0.003505 -0.012264 0.000000 0.150000 0.003421 -0.012286 0.000000 0.250000 0.005848 -0.011848 0.166667 0.450000 
 0.003437 -0.012327 0.033333 0.100000 0.003368 -0.012316 0.000000 0.200000 0.005609 -0.011892 0.066667 0.400000 
 0.003436 -0.012342 0.033333 0.050000 0.003251 -0.012329 0.000000 0.200000 0.007211 -0.011785 0.100000 0.550000 
 0.003561 -0.012379 0.000000 0.000000 0.003445 -0.012349 0.000000 0.150000 0.007757 -0.011737 0.166667 0.750000 
 0.003226 -0.012292 0.000000 0.150000 0.003518 -0.012347 0.000000 0.100000 0.008574 -0.011726 0.166667 0.650000 
 0.003294 -0.012270 0.000000 0.150000 0.003933 -0.012323 0.000000 0.050000 0.008931 -0.011682 0.166667 0.650000 
 0.003569 -0.012269 0.000000 0.150000 0.003449 -0.012368 0.000000 0.000000 0.006843 -0.011997 0.100000 0.350000 
 0.003680 -0.012288 0.000000 0.200000 0.003548 -0.012296 0.000000 0.150000 0.006703 -0.012049 0.066667 0.250000 
 0.003229 -0.012364 0.000000 0.100000 0.003384 -0.012279 0.000000 0.150000 0.006511 -0.012037 0.066667 0.300000 
 0.003475 -0.012335 0.000000 0.200000 0.002878 -0.012298 0.000000 0.150000 0.006455 -0.012053 0.100000 0.300000 
 0.003318 -0.012310 0.000000 0.150000 0.003437 -0.012273 0.000000 0.150000 0.006423 -0.012035 0.100000 0.300000 
 0.002832 -0.012325 0.000000 0.050000 0.003501 -0.012319 0.033333 0.100000 0.006621 -0.011940 0.166667 0.400000 
 0.003317 -0.012278 0.000000 0.150000 0.003704 -0.012302 0.000000 0.200000 0.006027 -0.011989 0.133333 0.350000 
 0.003095 -0.012341 0.000000 0.100000 0.003813 -0.012304 0.000000 0.200000 0.006728 -0.011872 0.133333 0.500000 
 0.003048 -0.012345 0.000000 0.150000 0.003555 -0.012307 0.033333 0.100000 0.006397 -0.011842 0.133333 0.500000 
 0.003128 -0.012324 0.000000 0.150000 0.003259 -0.012368 0.000000 0.000000 0.006389 -0.011927 0.100000 0.400000 
 0.003132 -0.012329 0.000000 0.100000 0.003062 -0.012389 0.000000 0.000000 0.006652 -0.011805 0.166667 0.400000 
 0.003197 -0.012329 0.000000 0.100000 0.003543 -0.012372 0.000000 0.000000 0.005678 -0.011965 0.100000 0.400000 
 0.003592 -0.012282 0.000000 0.150000 0.003448 -0.012359 0.000000 0.050000 0.006665 -0.011709 0.233333 0.450000 
 0.003848 -0.012277 0.000000 0.150000 0.003724 -0.012346 0.000000 0.050000 0.006325 -0.011656 0.200000 0.600000 
 0.003598 -0.012306 0.000000 0.150000 0.003569 -0.012335 0.000000 0.050000 0.006661 -0.011616 0.166667 0.800000 
 0.003519 -0.012317 0.000000 0.100000 0.003546 -0.012350 0.000000 0.000000 0.006970 -0.011672 0.066667 0.700000 
 0.003336 -0.012349 0.000000 0.100000 0.003777 -0.012349 0.000000 0.000000 0.007332 -0.011704 0.166667 0.650000 
 0.003450 -0.012336 0.000000 0.100000 0.003884 -0.012340 0.000000 0.000000 0.007687 -0.011598 0.133333 0.650000 
 0.003404 -0.012341 0.000000 0.050000 0.004195 -0.012338 0.000000 0.050000 0.007063 -0.011726 0.133333 0.500000 
 0.003635 -0.012355 0.000000 0.050000 0.003951 -0.012343 0.000000 0.050000 0.007157 -0.011675 0.100000 0.500000 
 0.003420 -0.012323 0.000000 0.100000 0.003976 -0.012329 0.000000 0.050000 0.006501 -0.011756 0.066667 0.450000 
 0.003011 -0.012335 0.000000 0.050000 0.003791 -0.012345 0.000000 0.050000 0.006628 -0.011780 0.100000 0.550000 
 0.003276 -0.012319 0.000000 0.050000 0.003543 -0.012330 0.000000 0.000000 0.007473 -0.011682 0.133333 0.600000 
 0.003118 -0.012347 0.000000 0.050000 0.003194 -0.012320 0.000000 0.050000 0.007332 -0.011766 0.100000 0.600000 
 0.003052 -0.012381 0.000000 0.000000 0.003290 -0.012351 0.000000 0.100000 0.007571 -0.011737 0.100000 0.700000 
 0.003590 -0.012361 0.000000 0.050000 0.003162 -0.012357 0.000000 0.000000 0.007859 -0.011754 0.100000 0.650000 
 0.003483 -0.012342 0.000000 0.150000 0.003464 -0.012383 0.000000 0.050000 0.008044 -0.011790 0.133333 0.600000 
 0.003315 -0.012308 0.000000 0.150000 0.003717 -0.012359 0.000000 0.050000 0.008124 -0.011602 0.200000 0.650000 
 0.003363 -0.012292 0.000000 0.200000 0.003620 -0.012316 0.000000 0.150000 0.007563 -0.011714 0.100000 0.600000 
 0.003677 -0.012273 0.000000 0.150000 0.003566 -0.012322 0.000000 0.100000 0.006927 -0.011799 0.200000 0.500000 
 0.003490 -0.012291 0.000000 0.100000 0.003480 -0.012320 0.000000 0.100000 0.006287 -0.011762 0.100000 0.450000 
 0.003712 -0.012311 0.000000 0.050000 0.003045 -0.012331 0.000000 0.050000 0.006768 -0.011765 0.166667 0.600000 
 0.003784 -0.012301 0.000000 0.050000 0.003374 -0.012364 0.000000 0.050000 0.007119 -0.011572 0.166667 0.650000 
 0.003162 -0.012365 0.000000 0.000000 0.003341 -0.012376 0.000000 0.050000 0.007109 -0.011575 0.166667 0.800000 
 0.003162 -0.012332 0.000000 0.050000 0.003281 -0.012379 0.000000 0.100000 0.007193 -0.011565 0.133333 0.700000 
 0.002835 -0.012335 0.000000 0.050000 0.003690 -0.012342 0.000000 0.100000 0.006681 -0.011694 0.066667 0.600000 
 0.003108 -0.012306 0.000000 0.200000 0.003269 -0.012345 0.000000 0.050000 0.007144 -0.011858 0.066667 0.500000 
 0.003245 -0.012298 0.000000 0.050000 0.003510 -0.012332 0.000000 0.050000 0.007410 -0.011793 0.100000 0.450000 
 0.066199 0.023566 0.466667 0.750000 0.013181 -0.009900 0.400000 1.000000 0.091085 0.044369 0.533333 1.000000 
 0.060341 0.017714 0.433333 0.700000 0.011033 -0.010538 0.366667 0.950000 0.078719 0.035064 0.666667 1.000000 
 0.068123 0.019734 0.400000 0.700000 0.012799 -0.010215 0.266667 0.850000 0.075203 0.032140 0.566667 1.000000 
 0.075787 0.032784 0.366667 0.700000 0.013344 -0.009908 0.133333 0.650000 0.083543 0.029652 0.533333 0.800000 
 0.070712 0.028779 0.400000 0.800000 0.015064 -0.009196 0.166667 0.750000 0.076623 0.021071 0.533333 0.900000 
 0.078140 0.029966 0.300000 0.850000 0.015677 -0.009500 0.200000 0.650000 0.087536 0.024568 0.500000 0.950000 
 0.079106 0.031164 0.400000 0.900000 0.013413 -0.010112 0.166667 0.650000 0.099169 0.031143 0.433333 1.050000 
 0.062190 0.006863 0.433333 0.750000 0.013926 -0.010212 0.333333 0.700000 0.096797 0.049683 0.466667 1.000000 
 0.064659 0.009455 0.533333 0.800000 0.015024 -0.010465 0.200000 0.700000 0.085019 0.048828 0.466667 1.000000 
 0.071184 0.012912 0.433333 0.750000 0.020198 -0.009727 0.266667 0.800000 0.088258 0.060991 0.466667 0.900000 
 0.053258 0.005905 0.500000 0.850000 0.019916 -0.009927 0.333333 0.850000 0.086477 0.065973 0.466667 0.950000 
 0.057605 0.009158 0.533333 0.900000 0.018585 -0.010307 0.400000 0.900000 0.082281 0.053934 0.533333 1.000000 
 0.054391 0.009378 0.500000 0.900000 0.017719 -0.010247 0.400000 0.850000 0.087084 0.061412 0.533333 0.950000 
 0.043612 0.004319 0.500000 0.950000 0.013070 -0.010452 0.433333 0.850000 0.075882 0.044122 0.533333 0.950000 
 0.061667 0.011876 0.333333 0.850000 0.013740 -0.010170 0.400000 1.100000 0.076733 0.034442 0.533333 0.850000 
 0.068203 0.016941 0.266667 0.750000 0.014040 -0.010160 0.266667 1.000000 0.069864 0.035127 0.566667 0.850000 
 0.072471 0.016420 0.300000 0.750000 0.013416 -0.010184 0.333333 1.050000 0.088153 0.048246 0.566667 0.800000 
 0.079057 0.019889 0.433333 0.750000 0.012711 -0.010385 0.300000 0.950000 0.095892 0.061142 0.666667 0.900000 
 0.069627 0.018411 0.433333 0.650000 0.012601 -0.010003 0.233333 0.650000 0.090226 0.067216 0.600000 1.050000 
 0.062186 0.014447 0.466667 0.650000 0.011887 -0.010305 0.166667 0.600000 0.094195 0.061320 0.600000 0.850000 
 0.062764 0.017130 0.400000 0.700000 0.010519 -0.010429 0.266667 0.650000 0.079356 0.046310 0.366667 0.900000 
 0.064521 0.017425 0.466667 0.650000 0.012623 -0.009982 0.300000 0.800000 0.085955 0.050363 0.466667 1.000000 
 0.064095 0.015625 0.433333 0.700000 0.011994 -0.010422 0.366667 0.800000 0.084243 0.044347 0.500000 0.950000 
 0.063817 0.016658 0.500000 0.850000 0.014568 -0.010181 0.433333 0.700000 0.082565 0.049881 0.466667 1.050000 
 0.067581 0.016549 0.500000 1.000000 0.015281 -0.010229 0.400000 0.800000 0.095935 0.069050 0.400000 1.000000 
 0.065891 0.018149 0.466667 0.950000 0.015584 -0.009758 0.400000 0.900000 0.094856 0.059467 0.433333 0.900000 
 0.060352 0.012618 0.333333 0.950000 0.017698 -0.009423 0.466667 1.100000 0.107060 0.060520 0.500000 0.950000 
 0.062068 0.013856 0.333333 0.900000 0.015323 -0.009480 0.366667 1.200000 0.112152 0.071687 0.400000 0.850000 
 0.059409 0.009941 0.300000 0.750000 0.014822 -0.009850 0.433333 1.100000 0.093726 0.043367 0.566667 0.850000 
 0.055773 0.006038 0.233333 0.850000 0.014380 -0.010598 0.433333 1.000000 0.092777 0.059877 0.566667 0.950000 
 0.063383 0.011981 0.300000 0.900000 0.013005 -0.010680 0.366667 0.950000 0.088518 0.053772 0.500000 1.000000 
 0.059418 0.013046 0.333333 0.850000 0.013457 -0.010480 0.533333 0.850000 0.074472 0.036205 0.633333 0.900000 
 0.053174 0.012138 0.400000 1.050000 0.015969 -0.010070 0.533333 0.900000 0.086771 0.048632 0.633333 1.050000 
 0.051212 0.010554 0.333333 1.000000 0.015070 -0.010019 0.433333 0.900000 0.081900 0.037629 0.500000 1.050000 
 0.059882 0.015674 0.433333 0.950000 0.015307 -0.010327 0.466667 0.950000 0.079536 0.032433 0.566667 1.100000 
 0.061053 0.014073 0.566667 0.950000 0.015184 -0.010142 0.366667 0.950000 0.087524 0.034213 0.433333 1.050000 
 0.059520 0.012891 0.500000 0.950000 0.012928 -0.010352 0.366667 0.850000 0.082594 0.022591 0.500000 0.950000 
 0.068129 0.020374 0.533333 0.950000 0.014437 -0.010150 0.366667 0.950000 0.089236 0.025416 0.533333 0.950000 
 0.065534 0.017473 0.400000 0.900000 0.015451 -0.010006 0.266667 0.850000 0.092283 0.031287 0.433333 0.850000 
 0.058767 0.014366 0.466667 0.850000 0.017538 -0.009330 0.266667 0.950000 0.111255 0.067935 0.433333 0.800000 
 0.065820 0.015367 0.366667 0.750000 0.017901 -0.009529 0.300000 0.700000 0.107027 0.069538 0.466667 0.850000 
 0.071751 0.012955 0.333333 0.700000 0.016838 -0.009868 0.200000 0.550000 0.103494 0.068800 0.533333 0.950000 
 0.058842 0.006665 0.300000 0.700000 0.016106 -0.010041 0.300000 0.800000 0.097356 0.079061 0.733333 1.000000 
 0.070785 0.015263 0.266667 0.750000 0.013942 -0.010729 0.466667 0.750000 0.068991 0.041300 0.900000 1.100000 
 0.063084 0.012157 0.300000 0.700000 0.012477 -0.010819 0.400000 0.900000 0.063568 0.034649 0.833333 0.950000 
 0.062062 0.017802 0.366667 0.800000 0.013010 -0.010423 0.400000 0.800000 0.063141 0.022612 0.633333 0.950000 
 0.068843 0.022052 0.466667 0.800000 0.013663 -0.009847 0.366667 0.750000 0.066640 0.027874 0.566667 0.950000 
 0.066495 0.020178 0.500000 0.800000 0.015086 -0.009761 0.333333 0.600000 0.077161 0.035691 0.500000 0.900000 
 0.069518 0.023192 0.533333 0.900000 0.016419 -0.009322 0.266667 0.700000 0.087402 0.045547 0.533333 1.000000 
 0.056344 0.011213 0.533333 1.000000 0.015757 -0.009576 0.233333 0.700000 0.083513 0.047471 0.566667 1.150000 
 0.050807 0.007617 0.533333 0.850000 0.014918 -0.010383 0.266667 0.750000 0.099951 0.056215 0.566667 1.050000 
 0.036733 -0.000643 0.500000 0.850000 0.012328 -0.010734 0.266667 0.950000 0.091027 0.047976 0.466667 1.100000 
 0.050958 0.009585 0.433333 0.800000 0.012024 -0.010893 0.266667 0.800000 0.092252 0.046296 0.400000 1.100000 
 0.052073 0.012133 0.366667 0.950000 0.012922 -0.010819 0.300000 1.050000 0.109432 0.066418 0.466667 1.100000 
 0.054520 0.014452 0.300000 0.900000 0.013593 -0.010477 0.366667 1.100000 0.096581 0.056278 0.366667 1.050000 
 0.067636 0.019967 0.466667 0.950000 0.013773 -0.010581 0.500000 0.950000 0.095789 0.057506 0.533333 1.050000 
 0.055053 0.007705 0.300000 1.000000 0.013380 -0.010582 0.466667 0.950000 0.102614 0.055709 0.333333 0.850000 
 0.057185 0.010689 0.400000 1.050000 0.012566 -0.010627 0.400000 1.000000 0.085220 0.041339 0.500000 0.900000 
 0.072408 0.024328 0.400000 0.950000 0.012249 -0.010475 0.366667 0.800000 0.074272 0.030560 0.400000 1.000000 
 0.058229 0.019162 0.400000 1.000000 0.013307 -0.010540 0.266667 0.800000 0.090474 0.047438 0.366667 0.900000 
 0.063463 0.026444 0.433333 0.900000 0.014481 -0.010325 0.300000 0.900000 0.084838 0.046106 0.433333 1.000000 
 0.072709 0.029199 0.466667 0.800000 0.016386 -0.010714 0.100000 0.800000 0.080821 0.041364 0.533333 0.950000 
 0.060795 0.013180 0.500000 0.800000 0.016268 -0.010277 0.233333 0.850000 0.080272 0.038828 0.666667 1.000000 
 0.063669 0.014435 0.433333 0.800000 0.015955 -0.010154 0.233333 0.850000 0.059628 0.027231 0.900000 1.050000 
 0.065339 0.015409 0.466667 0.850000 0.014019 -0.010505 0.200000 0.700000 0.054674 0.017165 0.966667 1.100000 
 0.052019 0.011775 0.533333 1.000000 0.011862 -0.010484 0.233333 0.700000 0.062441 0.028345 0.833333 1.100000 
 0.047198 0.009737 0.400000 0.950000 0.010476 -0.010539 0.266667 0.800000 0.061451 0.026160 0.766667 1.100000 
 0.044314 0.005691 0.466667 0.900000 0.012111 -0.009859 0.366667 0.950000 0.077592 0.041581 0.566667 1.050000 
 0.040048 -0.001929 0.333333 0.800000 0.014904 -0.009493 0.366667 0.950000 0.082534 0.057242 0.633333 1.000000 
 0.046458 -0.001466 0.366667 0.700000 0.015227 -0.009451 0.433333 0.850000 0.085686 0.062243 0.633333 1.100000 
 0.056868 0.005797 0.433333 0.700000 0.015996 -0.009695 0.366667 0.900000 0.090170 0.066899 0.666667 1.100000 
 0.058409 0.006804 0.366667 0.650000 0.016127 -0.010178 0.400000 0.800000 0.082071 0.055762 0.733333 1.100000 
 0.053626 0.003839 0.300000 0.750000 0.015331 -0.009744 0.466667 0.950000 0.079076 0.046101 0.766667 1.050000 
 0.048251 0.004398 0.433333 0.850000 0.016123 -0.009963 0.466667 1.000000 0.079957 0.033133 0.833333 0.950000 
 0.038965 -0.001930 0.500000 1.000000 0.016403 -0.009726 0.533333 0.900000 0.095338 0.053776 0.700000 0.950000 
 0.062380 0.011008 0.400000 0.950000 0.018192 -0.008917 0.466667 0.950000 0.102343 0.052724 0.600000 0.800000 
 0.077353 0.031341 0.400000 0.900000 0.021304 -0.008581 0.433333 0.850000 0.111061 0.067424 0.500000 0.800000 
 0.073535 0.029206 0.333333 0.900000 0.018938 -0.008843 0.300000 0.750000 0.111326 0.074160 0.433333 0.950000 
 0.073663 0.030358 0.300000 0.800000 0.023151 -0.008326 0.266667 0.650000 0.099123 0.053273 0.533333 0.900000 
 0.075828 0.025330 0.433333 0.850000 0.024078 -0.007492 0.300000 0.750000 0.109166 0.069572 0.466667 1.000000 
 0.067617 0.017151 0.433333 0.850000 0.022635 -0.008276 0.300000 0.750000 0.109084 0.063188 0.466667 0.850000 
 0.074846 0.021917 0.400000 0.800000 0.027530 -0.006061 0.366667 0.800000 0.095114 0.058877 0.566667 0.950000 
 0.081413 0.024857 0.366667 0.750000 0.023732 -0.006851 0.400000 0.900000 0.101836 0.056225 0.566667 0.950000 
 0.069318 0.020531 0.366667 0.800000 0.020581 -0.008708 0.433333 0.950000 0.084080 0.033823 0.533333 1.100000 
 0.078172 0.019445 0.266667 0.750000 0.021641 -0.006170 0.400000 0.950000 0.075505 0.026622 0.633333 1.050000 
 0.072801 0.016404 0.333333 0.950000 0.017675 -0.008292 0.400000 0.900000 0.078641 0.027668 0.533333 0.950000 
 0.078248 0.024928 0.333333 0.850000 0.019216 -0.007781 0.366667 0.950000 0.073325 0.026436 0.566667 0.950000 
 0.067964 0.020291 0.366667 1.000000 0.016860 -0.008020 0.366667 0.950000 0.076022 0.033519 0.600000 0.900000 
 0.053181 0.014519 0.433333 1.150000 0.015385 -0.010031 0.433333 0.950000 0.074715 0.034493 0.533333 1.000000 
 0.055651 0.019558 0.500000 1.050000 0.016221 -0.009488 0.500000 1.050000 0.087557 0.040931 0.466667 0.950000 
 0.049498 0.010898 0.433333 0.950000 0.013635 -0.010089 0.433333 1.050000 0.083288 0.044434 0.533333 0.950000 
 0.051407 0.013209 0.533333 1.000000 0.015143 -0.010262 0.400000 0.950000 0.078239 0.034335 0.433333 1.000000 
 0.054807 0.011692 0.533333 0.800000 0.014195 -0.010675 0.366667 0.950000 0.083031 0.035281 0.566667 1.000000 
 0.076907 0.032435 0.466667 0.750000 0.014185 -0.010510 0.366667 1.050000 0.070512 0.036849 0.566667 1.000000 
 0.069712 0.026757 0.433333 0.750000 0.016674 -0.009835 0.400000 1.000000 0.071745 0.033556 0.633333 1.050000 
 0.064240 0.023706 0.533333 0.900000 0.016162 -0.009759 0.366667 1.000000 0.088509 0.047543 0.500000 1.000000 
 0.065741 0.023741 0.500000 0.850000 0.015131 -0.009637 0.433333 0.950000 0.080357 0.039224 0.433333 0.950000 
 0.082013 0.033014 0.400000 0.500000 0.016301 -0.009279 0.566667 0.950000 0.113569 0.056649 0.466667 0.850000 
 0.095647 0.049130 0.500000 0.700000 0.016599 -0.009921 0.566667 0.800000 0.127384 0.068469 0.366667 1.000000 
 0.066857 0.025497 0.466667 0.600000 0.014204 -0.010385 0.566667 0.950000 0.096738 0.067601 0.500000 1.050000 
 0.061499 0.022573 0.500000 0.900000 0.013778 -0.010603 0.500000 0.900000 0.072976 0.042957 0.533333 1.050000 
 0.079183 0.034728 0.566667 0.800000 0.014044 -0.010257 0.366667 0.800000 0.091430 0.057254 0.500000 1.200000 
 0.064281 0.018350 0.500000 0.750000 0.012453 -0.010618 0.366667 0.800000 0.075612 0.043130 0.466667 1.200000 
 0.066557 0.019685 0.533333 0.950000 0.012735 -0.010731 0.400000 0.850000 0.070667 0.038822 0.566667 1.250000 
 0.074094 0.022675 0.433333 0.800000 0.013265 -0.010673 0.466667 0.900000 0.077907 0.044447 0.533333 1.150000 
 0.058665 0.011953 0.400000 0.750000 0.012970 -0.010742 0.500000 1.100000 0.073509 0.033790 0.566667 1.050000 
 0.050875 0.006984 0.466667 0.750000 0.014334 -0.010476 0.533333 1.100000 0.069448 0.034053 0.633333 1.150000 
 0.054990 0.007014 0.433333 0.800000 0.014816 -0.010440 0.333333 1.100000 0.082513 0.040720 0.433333 1.050000 
 0.061850 0.010482 0.333333 0.850000 0.016247 -0.010387 0.333333 0.950000 0.082354 0.041556 0.600000 1.000000 
 0.085983 0.031478 0.333333 0.900000 0.017588 -0.010213 0.266667 0.850000 0.085271 0.046686 0.566667 1.000000 
 0.085576 0.029967 0.300000 0.950000 0.017386 -0.010240 0.233333 0.850000 0.082531 0.034757 0.533333 1.000000 
 0.075525 0.027825 0.300000 0.850000 0.016458 -0.010203 0.266667 0.800000 0.085954 0.044346 0.633333 0.950000 
 0.075837 0.029829 0.333333 0.850000 0.014555 -0.010258 0.333333 0.750000 0.099001 0.048843 0.466667 0.900000 
 0.064907 0.015407 0.400000 0.850000 0.014681 -0.010575 0.333333 0.850000 0.087926 0.034783 0.500000 0.900000 
 0.055089 0.012640 0.400000 0.950000 0.013926 -0.010437 0.333333 0.900000 0.096875 0.046333 0.433333 0.850000 
 0.071734 0.023136 0.500000 0.950000 0.013204 -0.010693 0.366667 0.950000 0.083509 0.027966 0.433333 0.850000 
 0.060616 0.015441 0.533333 0.850000 0.013477 -0.010806 0.433333 0.950000 0.071315 0.029915 0.500000 1.000000 
 0.055039 0.013696 0.500000 0.850000 0.012886 -0.010134 0.400000 0.900000 0.077836 0.037766 0.400000 1.000000 
 0.063504 0.018956 0.533333 0.800000 0.013555 -0.009928 0.333333 0.950000 0.083314 0.048935 0.500000 1.000000 
 0.068592 0.018220 0.466667 0.700000 0.016428 -0.009408 0.400000 0.900000 0.098010 0.058475 0.433333 0.950000 
 0.064817 0.015336 0.500000 0.800000 0.016010 -0.009066 0.266667 0.950000 0.094608 0.050362 0.500000 0.850000 
 0.057237 0.006703 0.433333 0.850000 0.015555 -0.009329 0.266667 0.850000 0.097950 0.050219 0.500000 0.800000 
 0.055141 0.005506 0.533333 0.850000 0.015427 -0.009589 0.266667 0.700000 0.096616 0.039554 0.433333 0.850000 
 0.054531 0.017369 0.533333 0.850000 0.015173 -0.009675 0.233333 0.850000 0.092663 0.027366 0.366667 1.000000 
 0.053251 0.017452 0.666667 0.950000 0.015064 -0.010151 0.266667 0.850000 0.094498 0.034255 0.466667 1.050000 
 0.065098 0.021435 0.600000 0.850000 0.015451 -0.010363 0.366667 0.900000 0.088996 0.041730 0.533333 1.200000 
 0.069116 0.022622 0.433333 0.850000 0.016364 -0.010645 0.266667 0.950000 0.088901 0.056669 0.533333 1.100000 
 0.047516 0.002924 0.500000 0.900000 0.014290 -0.010990 0.300000 0.900000 0.078521 0.052345 0.533333 1.000000 
 0.065399 0.011831 0.400000 0.700000 0.014591 -0.011122 0.266667 0.850000 0.077945 0.049927 0.466667 0.950000 
 0.054310 0.010361 0.400000 0.650000 0.013308 -0.011380 0.133333 0.800000 0.083254 0.049759 0.600000 0.900000 
 0.050863 0.007695 0.333333 0.650000 0.011023 -0.011363 0.233333 0.800000 0.082985 0.037358 0.533333 0.950000 
 0.054439 0.008567 0.466667 0.750000 0.011241 -0.011251 0.266667 0.750000 0.083557 0.041702 0.566667 0.950000 
 0.048295 0.002162 0.500000 0.900000 0.012008 -0.010720 0.266667 0.850000 0.103430 0.061803 0.466667 0.950000 
 0.045222 0.002854 0.433333 0.900000 0.012841 -0.010659 0.300000 0.750000 0.107002 0.056620 0.366667 0.950000 
 0.047649 0.004074 0.500000 0.950000 0.014566 -0.010579 0.433333 0.650000 0.089833 0.045987 0.533333 0.950000 
 0.063848 0.012818 0.433333 0.850000 0.017603 -0.009606 0.433333 0.650000 0.101221 0.056535 0.500000 1.000000 
 0.063454 0.011946 0.466667 0.750000 0.017236 -0.010020 0.466667 0.550000 0.085076 0.038393 0.533333 1.050000 
 0.076117 0.016862 0.433333 0.750000 0.017213 -0.010033 0.433333 0.550000 0.070645 0.030358 0.566667 1.050000 
 0.071747 0.020627 0.366667 0.800000 0.016605 -0.009817 0.433333 0.750000 0.076509 0.032772 0.633333 1.100000 
 0.063049 0.016829 0.400000 0.850000 0.013216 -0.010540 0.500000 0.900000 0.072973 0.027174 0.566667 0.900000 
 0.056701 0.015254 0.533333 1.100000 0.012856 -0.010609 0.400000 0.900000 0.059994 0.017252 0.600000 1.050000 
 0.055951 0.014310 0.433333 0.800000 0.014472 -0.010026 0.600000 1.100000 0.079144 0.025759 0.566667 0.950000 
 0.059493 0.017613 0.566667 0.850000 0.015093 -0.009829 0.466667 0.950000 0.086089 0.023514 0.366667 1.000000 
 0.071776 0.025867 0.600000 0.900000 0.014540 -0.010094 0.366667 0.850000 0.078667 0.022308 0.433333 1.150000 
 0.068149 0.023566 0.600000 0.900000 0.015321 -0.010262 0.300000 0.800000 0.079660 0.024988 0.600000 1.100000 
 0.068798 0.025049 0.466667 0.800000 0.014597 -0.010165 0.400000 0.750000 0.061923 0.020110 0.700000 1.100000 
 0.072801 0.026362 0.333333 0.750000 0.014707 -0.010095 0.266667 0.800000 0.059988 0.024529 0.766667 0.950000 
 0.065299 0.015297 0.300000 0.800000 0.016289 -0.009829 0.366667 0.750000 0.064071 0.027866 0.633333 1.000000 
 0.064172 0.017680 0.333333 0.750000 0.017121 -0.009391 0.533333 0.850000 0.081931 0.036120 0.466667 1.000000 
 0.062519 0.012591 0.466667 0.800000 0.017024 -0.009310 0.466667 0.900000 0.090424 0.045070 0.433333 0.950000 
 0.058610 0.009484 0.466667 0.900000 0.019028 -0.008757 0.366667 1.000000 0.092846 0.043764 0.466667 1.000000 
 0.051998 0.013140 0.500000 0.950000 0.018783 -0.009140 0.366667 0.900000 0.101081 0.046565 0.433333 1.050000 
 0.049470 0.010523 0.566667 1.100000 0.016230 -0.009968 0.266667 0.750000 0.090478 0.037829 0.500000 1.000000 
 0.055294 0.016185 0.600000 1.100000 0.020174 -0.008199 0.300000 0.750000 0.092397 0.037798 0.500000 1.100000 
 0.058501 0.014712 0.566667 0.800000 0.016216 -0.008874 0.400000 0.750000 0.093388 0.044017 0.533333 1.050000 
 0.053630 0.008958 0.666667 0.900000 0.015542 -0.008553 0.400000 0.850000 0.081088 0.036604 0.533333 1.100000 
 0.062438 0.014649 0.433333 0.750000 0.015325 -0.008586 0.500000 0.900000 0.102833 0.058318 0.433333 0.950000 
 0.048635 0.006261 0.500000 0.850000 0.010231 -0.010882 0.400000 0.700000 0.107544 0.066936 0.533333 1.000000 
 0.043059 0.003684 0.466667 0.850000 0.012483 -0.011165 0.300000 0.600000 0.100512 0.054188 0.466667 1.000000 
 0.045290 0.004002 0.400000 0.800000 0.011987 -0.011226 0.300000 0.600000 0.112280 0.058471 0.566667 0.800000 
 0.042305 0.001596 0.466667 0.950000 0.013993 -0.010944 0.266667 0.550000 0.095033 0.048807 0.633333 0.950000 
 0.049841 0.008977 0.466667 0.800000 0.014013 -0.010713 0.300000 0.700000 0.081979 0.039283 0.566667 0.850000 
 0.049969 0.009438 0.500000 0.850000 0.013274 -0.010473 0.266667 0.650000 0.089909 0.047322 0.500000 0.850000 
 0.053414 0.010227 0.500000 0.850000 0.013945 -0.010802 0.366667 0.800000 0.083721 0.048036 0.566667 0.900000 
 0.052277 0.013049 0.433333 0.800000 0.013090 -0.010483 0.400000 0.800000 0.073573 0.054483 0.466667 1.000000 
 0.053380 0.009542 0.500000 0.850000 0.012837 -0.010409 0.400000 0.800000 0.070413 0.057831 0.600000 1.050000 
 0.065674 0.019979 0.400000 0.850000 0.011704 -0.010530 0.366667 0.900000 0.059293 0.045717 0.600000 1.050000 
 0.066825 0.022521 0.400000 0.850000 0.011264 -0.010502 0.266667 0.900000 0.067173 0.041437 0.533333 1.200000 
 0.063623 0.020698 0.500000 0.950000 0.011226 -0.010715 0.266667 0.950000 0.069245 0.027886 0.566667 1.200000 
 0.060475 0.012567 0.433333 1.050000 0.012028 -0.010939 0.366667 0.900000 0.078140 0.028240 0.500000 0.950000 
 0.057872 0.007721 0.433333 0.950000 0.012883 -0.010701 0.300000 0.950000 0.085550 0.028755 0.400000 1.000000 
 0.050990 0.005026 0.466667 1.050000 0.013721 -0.010197 0.300000 0.900000 0.071501 0.021495 0.466667 0.800000 
 0.054657 0.007633 0.466667 0.900000 0.013771 -0.009779 0.366667 0.950000 0.081924 0.029606 0.400000 0.850000 
 0.053863 0.009187 0.433333 0.900000 0.013427 -0.009950 0.333333 0.800000 0.075276 0.027321 0.433333 1.000000 
 0.044293 0.004967 0.433333 0.850000 0.014317 -0.010105 0.366667 0.800000 0.086738 0.040530 0.466667 0.950000 
 0.054131 0.007489 0.400000 0.850000 0.013736 -0.010457 0.533333 0.750000 0.100978 0.050292 0.433333 0.950000 
 0.054925 0.011796 0.433333 0.850000 0.015105 -0.010417 0.533333 0.850000 0.100174 0.053093 0.400000 0.900000 
 0.055088 0.011593 0.466667 0.950000 0.015726 -0.009650 0.466667 0.900000 0.112523 0.056894 0.433333 0.800000 
 0.071494 0.023813 0.466667 1.050000 0.018148 -0.009091 0.433333 1.000000 0.110628 0.049923 0.466667 0.900000 
 0.066840 0.021475 0.500000 0.950000 0.018616 -0.009217 0.466667 1.000000 0.105791 0.047483 0.433333 0.850000 
 0.062800 0.018833 0.433333 1.050000 0.015708 -0.010196 0.366667 0.900000 0.098998 0.040660 0.333333 0.950000 
 0.066582 0.018170 0.400000 0.900000 0.015637 -0.010591 0.366667 0.850000 0.089312 0.038057 0.433333 0.900000 
 0.053811 0.008940 0.400000 0.850000 0.013026 -0.011076 0.333333 0.700000 0.074003 0.032968 0.400000 0.950000 
 0.067034 0.016781 0.366667 0.850000 0.013321 -0.010381 0.266667 0.700000 0.075961 0.048445 0.566667 1.150000 
 0.068065 0.019912 0.333333 0.950000 0.014513 -0.010305 0.366667 0.650000 0.080046 0.050516 0.533333 1.000000 
 0.067179 0.018730 0.333333 1.050000 0.014460 -0.010071 0.233333 0.850000 0.085822 0.056183 0.433333 1.050000 
 0.065560 0.017120 0.333333 1.050000 0.014686 -0.010046 0.300000 0.950000 0.092897 0.058948 0.366667 1.050000 
 0.042605 0.001304 0.333333 1.000000 0.012394 -0.010889 0.266667 0.900000 0.080652 0.037911 0.333333 1.050000 
 0.050471 0.003929 0.266667 0.900000 0.012934 -0.010607 0.133333 1.100000 0.068011 0.031648 0.333333 1.050000 
 0.079493 0.034462 0.266667 0.750000 0.014277 -0.010654 0.166667 0.800000 0.065213 0.035248 0.533333 1.150000 
 0.083333 0.038910 0.300000 0.750000 0.014939 -0.010604 0.100000 0.850000 0.073927 0.037651 0.466667 1.000000 
 0.087728 0.040701 0.300000 0.800000 0.015954 -0.010075 0.200000 0.850000 0.076218 0.035464 0.500000 0.950000 
 0.078045 0.034161 0.366667 0.750000 0.016969 -0.010161 0.233333 0.850000 0.080286 0.036448 0.633333 0.900000 
 0.051588 0.003943 0.333333 0.900000 0.016308 -0.010179 0.300000 1.000000 0.079732 0.030970 0.633333 0.950000 
 0.059269 0.011534 0.533333 0.850000 0.016122 -0.009498 0.600000 0.850000 0.114690 0.077915 0.666667 0.850000 
 0.070485 0.017994 0.400000 0.850000 0.013601 -0.009945 0.600000 1.050000 0.091166 0.062831 0.700000 1.050000 
 0.071849 0.020263 0.366667 0.850000 0.013804 -0.010174 0.533333 1.050000 0.122212 0.090249 0.566667 0.900000 
 0.079244 0.020279 0.366667 0.800000 0.015859 -0.009293 0.466667 1.250000 0.113022 0.080771 0.500000 1.050000 
 0.080312 0.024195 0.333333 0.900000 0.016947 -0.009085 0.433333 1.050000 0.113554 0.078797 0.433333 0.950000 
 0.073343 0.026008 0.366667 0.950000 0.017801 -0.009141 0.333333 0.900000 0.110807 0.074860 0.466667 0.850000 
 0.083153 0.034031 0.400000 0.950000 0.019402 -0.009018 0.300000 0.950000 0.086052 0.047595 0.466667 0.950000 
 0.078833 0.038978 0.300000 0.850000 0.017660 -0.009744 0.366667 0.750000 0.110384 0.066033 0.533333 1.000000 
 0.095411 0.041237 0.266667 0.800000 0.016654 -0.009835 0.300000 0.750000 0.113267 0.065687 0.466667 1.050000 
 0.100523 0.041557 0.333333 0.750000 0.015808 -0.009772 0.300000 0.850000 0.145216 0.098689 0.433333 1.000000 
 0.084226 0.021969 0.366667 0.550000 0.014685 -0.009891 0.333333 0.750000 0.142734 0.104515 0.366667 0.950000 
 0.094188 0.031234 0.433333 0.700000 0.016178 -0.009408 0.333333 0.950000 0.118484 0.086828 0.500000 1.000000 
 0.079703 0.026836 0.433333 0.700000 0.016957 -0.009625 0.366667 0.950000 0.129953 0.087714 0.433333 1.000000 
 0.075653 0.019177 0.566667 0.800000 0.017576 -0.009358 0.366667 1.000000 0.106511 0.054628 0.433333 1.100000 
 0.078057 0.019951 0.466667 0.750000 0.017716 -0.009259 0.466667 1.050000 0.111530 0.052344 0.466667 1.100000 
 0.071937 0.020392 0.366667 0.650000 0.016422 -0.009948 0.400000 1.050000 0.123675 0.066122 0.333333 1.050000 
 0.065990 0.017951 0.400000 0.700000 0.014363 -0.009904 0.500000 0.950000 0.104039 0.045181 0.433333 0.900000 
 0.071209 0.017759 0.400000 0.750000 0.016394 -0.009773 0.500000 0.800000 0.120020 0.070215 0.566667 1.000000 
 0.075254 0.017612 0.400000 0.700000 0.016564 -0.010015 0.533333 0.750000 0.113171 0.064407 0.700000 0.900000 
 0.075616 0.016005 0.366667 0.800000 0.017430 -0.009559 0.400000 0.800000 0.098195 0.051847 0.700000 1.000000 
 0.072938 0.013115 0.400000 0.850000 0.017380 -0.009538 0.400000 0.750000 0.092465 0.051043 0.700000 0.950000 
 0.063025 0.011101 0.433333 0.850000 0.018266 -0.009250 0.366667 0.900000 0.093059 0.042128 0.566667 0.900000 
 0.058630 0.013209 0.466667 0.900000 0.020411 -0.008990 0.333333 0.900000 0.101927 0.054233 0.466667 0.800000 
 0.058062 0.009227 0.466667 0.800000 0.021665 -0.008173 0.333333 0.950000 0.102995 0.058085 0.533333 0.850000 
 0.061812 0.011498 0.533333 0.850000 0.021906 -0.008653 0.366667 1.000000 0.111999 0.057256 0.400000 0.850000 
 0.066695 0.015099 0.500000 0.750000 0.019221 -0.008766 0.300000 0.800000 0.091873 0.038407 0.433333 0.900000 
 0.064036 0.008847 0.533333 0.750000 0.017070 -0.010000 0.333333 0.650000 0.083052 0.030214 0.500000 0.950000 
 0.068833 0.018582 0.533333 0.750000 0.017087 -0.009802 0.300000 0.650000 0.078044 0.029410 0.566667 1.000000 
 0.064592 0.017181 0.600000 0.750000 0.018812 -0.008897 0.400000 0.650000 0.070929 0.025711 0.633333 1.100000 
 0.054429 0.012016 0.600000 0.900000 0.017701 -0.009736 0.366667 0.700000 0.096259 0.063084 0.566667 1.100000 
 0.075271 0.035015 0.500000 0.900000 0.017914 -0.009066 0.333333 0.900000 0.113803 0.076613 0.433333 1.000000 
 0.071243 0.031218 0.433333 0.800000 0.017699 -0.008830 0.266667 0.850000 0.120090 0.087744 0.433333 0.850000 
 0.066666 0.030561 0.400000 0.900000 0.015795 -0.009587 0.300000 0.750000 0.127065 0.105864 0.400000 0.850000 
 0.091604 0.051937 0.433333 0.850000 0.015929 -0.009751 0.266667 0.550000 0.109583 0.074681 0.366667 0.900000 
 0.071855 0.027538 0.366667 0.800000 0.014671 -0.010121 0.166667 0.600000 0.086225 0.047549 0.433333 0.950000 
 0.060983 0.022180 0.366667 0.850000 0.013390 -0.010311 0.366667 0.700000 0.080337 0.052246 0.566667 1.000000 
 0.082395 0.029460 0.333333 0.800000 0.016153 -0.009516 0.400000 0.750000 0.078113 0.037286 0.633333 0.950000 
 0.061228 0.014986 0.400000 0.900000 0.016159 -0.009478 0.400000 0.800000 0.068441 0.029030 0.733333 1.050000 
 0.054877 0.012353 0.400000 0.950000 0.015913 -0.009348 0.500000 0.850000 0.075327 0.034864 0.766667 1.050000 
 0.064467 0.012764 0.600000 0.850000 0.015647 -0.009424 0.333333 0.750000 0.087744 0.025583 0.533333 0.950000 
 0.051297 0.003660 0.533333 0.950000 0.014600 -0.010035 0.233333 0.850000 0.079254 0.023772 0.700000 1.000000 
 0.053398 0.002776 0.566667 0.900000 0.016382 -0.009411 0.366667 0.750000 0.105610 0.045940 0.533333 0.850000 
 0.070124 0.010128 0.433333 0.950000 0.018049 -0.009380 0.300000 0.700000 0.108267 0.039026 0.500000 0.900000 
 0.069013 0.011338 0.466667 1.000000 0.021138 -0.008837 0.400000 0.850000 0.127326 0.061115 0.500000 0.850000 
 0.073341 0.011375 0.466667 0.900000 0.021018 -0.008591 0.400000 1.050000 0.129407 0.060940 0.400000 0.700000 
 0.089625 0.027383 0.400000 1.000000 0.022307 -0.008943 0.433333 0.900000 0.112499 0.044541 0.366667 0.800000 
 0.084310 0.026119 0.433333 0.800000 0.021634 -0.009066 0.400000 0.850000 0.116507 0.053271 0.466667 0.900000 
 0.085066 0.030366 0.333333 0.800000 0.018425 -0.009616 0.400000 0.850000 0.084349 0.028407 0.600000 1.000000 
 0.079037 0.033567 0.400000 0.900000 0.016636 -0.009474 0.433333 0.750000 0.094133 0.039265 0.500000 0.950000 
 0.063589 0.019084 0.533333 0.850000 0.014456 -0.009710 0.466667 0.850000 0.098019 0.051839 0.500000 0.900000 
 0.062822 0.020135 0.533333 0.800000 0.014002 -0.009575 0.333333 0.900000 0.084132 0.046320 0.466667 0.900000 
 0.066630 0.017372 0.566667 0.750000 0.014464 -0.009583 0.400000 0.950000 0.089682 0.054186 0.500000 1.000000 
 0.064780 0.012126 0.433333 0.700000 0.014974 -0.009359 0.500000 1.000000 0.079224 0.055680 0.666667 1.100000 
 0.072468 0.015809 0.400000 0.850000 0.016831 -0.010012 0.400000 1.000000 0.079868 0.047047 0.700000 1.150000 
 0.072378 0.017213 0.500000 0.850000 0.016060 -0.009667 0.500000 0.950000 0.101617 0.059760 0.733333 1.000000 
 0.061311 0.011648 0.400000 0.900000 0.015760 -0.009708 0.400000 0.950000 0.109528 0.079003 0.633333 1.050000 
 0.070845 0.020742 0.400000 0.800000 0.014585 -0.010218 0.200000 0.800000 0.105851 0.067641 0.633333 1.000000 
 0.066536 0.018168 0.400000 0.800000 0.012095 -0.010360 0.300000 0.800000 0.107784 0.074091 0.433333 0.850000 
 0.059102 0.013834 0.433333 0.850000 0.012949 -0.010723 0.333333 0.850000 0.101960 0.074993 0.566667 1.000000 
 0.070265 0.026231 0.500000 0.800000 0.013951 -0.010540 0.300000 0.800000 0.092099 0.048717 0.466667 0.850000 
 0.056001 0.015092 0.533333 0.800000 0.015504 -0.010080 0.333333 0.750000 0.099851 0.056754 0.366667 1.000000 
 0.061003 0.018152 0.533333 0.800000 0.016595 -0.010043 0.233333 0.850000 0.100510 0.054776 0.400000 1.050000 
 0.063417 0.022683 0.533333 0.650000 0.016415 -0.010105 0.166667 0.650000 0.080911 0.028293 0.533333 1.100000 
 0.063173 0.014240 0.466667 0.700000 0.015283 -0.010282 0.200000 0.950000 0.088213 0.035120 0.633333 1.050000 
 0.077997 0.019982 0.400000 0.700000 0.015449 -0.009968 0.333333 0.950000 0.100088 0.055505 0.666667 1.050000 
 0.077375 0.023139 0.333333 0.700000 0.015066 -0.009656 0.400000 0.950000 0.109956 0.065516 0.600000 1.000000 
 0.075532 0.020751 0.366667 0.800000 0.015416 -0.009639 0.433333 1.050000 0.117457 0.071768 0.500000 0.950000 
 0.074168 0.020384 0.400000 0.800000 0.016369 -0.009301 0.400000 1.150000 0.102047 0.058774 0.500000 1.000000 
 0.091515 0.034164 0.400000 0.900000 0.016648 -0.009176 0.466667 1.150000 0.109014 0.057449 0.533333 0.950000 
 0.078720 0.029572 0.400000 0.850000 0.016206 -0.009157 0.400000 0.950000 0.104988 0.055372 0.500000 0.900000 
 0.093911 0.031289 0.366667 0.850000 0.018577 -0.007417 0.433333 1.000000 0.141115 0.068401 0.466667 0.850000 
 0.091016 0.030367 0.466667 0.800000 0.018555 -0.007724 0.266667 0.700000 0.136281 0.065172 0.366667 0.950000 
 0.068196 0.010550 0.300000 0.800000 0.018685 -0.007749 0.333333 0.850000 0.124180 0.064491 0.433333 0.800000 
 0.076016 0.010749 0.266667 0.900000 0.019861 -0.007377 0.400000 1.000000 0.121911 0.057223 0.466667 0.900000 
 0.080644 0.022340 0.333333 0.900000 0.018553 -0.008870 0.400000 1.000000 0.089713 0.042604 0.533333 0.950000 
 0.082130 0.027776 0.266667 1.050000 0.020833 -0.007465 0.466667 1.100000 0.104112 0.051296 0.433333 1.000000 
 0.079411 0.028569 0.333333 1.050000 0.018824 -0.007646 0.433333 1.050000 0.094455 0.038599 0.400000 0.950000 
 0.077498 0.030254 0.433333 1.100000 0.016952 -0.008032 0.433333 1.050000 0.081097 0.037719 0.600000 1.050000 
 0.065009 0.013943 0.466667 0.950000 0.016397 -0.008565 0.366667 1.000000 0.076926 0.038128 0.500000 1.100000 
 0.073667 0.016841 0.466667 1.000000 0.013742 -0.010116 0.300000 0.900000 0.071854 0.030708 0.600000 1.050000 
 0.070586 0.017727 0.466667 0.750000 0.015899 -0.009666 0.433333 0.950000 0.095941 0.052532 0.600000 1.050000 
 0.076570 0.023838 0.533333 0.900000 0.016219 -0.009518 0.600000 0.950000 0.092947 0.044883 0.500000 0.900000 
 0.072807 0.031903 0.600000 0.900000 0.015781 -0.009463 0.633333 0.900000 0.088951 0.034383 0.466667 0.950000 
 0.058893 0.024180 0.633333 0.900000 0.015776 -0.009750 0.600000 0.900000 0.091690 0.035937 0.466667 1.000000 
 0.050761 0.020142 0.566667 1.000000 0.014877 -0.010137 0.400000 0.800000 0.075907 0.019092 0.466667 1.050000 
 0.050225 0.016564 0.666667 1.050000 0.014736 -0.010490 0.333333 0.800000 0.074988 0.023154 0.500000 1.000000 
 0.057180 0.019518 0.633333 0.900000 0.014771 -0.010224 0.333333 1.000000 0.099597 0.047255 0.466667 0.950000 
 0.053103 0.020156 0.566667 0.900000 0.015305 -0.009899 0.400000 1.050000 0.107254 0.060333 0.466667 0.900000 
 0.048918 0.018312 0.533333 0.850000 0.014537 -0.010073 0.566667 1.000000 0.101370 0.058810 0.433333 0.900000 
 0.069595 0.022752 0.500000 0.750000 0.015411 -0.009685 0.533333 0.900000 0.107860 0.064863 0.500000 0.950000 
 0.068089 0.018002 0.500000 0.750000 0.017509 -0.009506 0.566667 0.850000 0.081788 0.047863 0.600000 1.000000 
 0.072573 0.019201 0.533333 0.850000 0.017984 -0.009131 0.433333 0.750000 0.107625 0.074995 0.700000 1.000000 
 0.099131 0.032522 0.533333 0.900000 0.018218 -0.008919 0.366667 0.950000 0.119647 0.098814 0.600000 1.100000 
 0.073562 0.019819 0.533333 0.900000 0.015513 -0.010037 0.333333 0.800000 0.131289 0.093965 0.533333 1.000000 
 0.063120 0.012593 0.600000 0.900000 0.013561 -0.010190 0.233333 0.800000 0.140467 0.093416 0.366667 1.000000 
 0.080250 0.033110 0.566667 0.850000 0.013241 -0.011029 0.300000 0.750000 0.139086 0.099799 0.333333 0.850000 
 0.062399 0.019967 0.666667 0.900000 0.014441 -0.010986 0.400000 0.600000 0.138741 0.085626 0.366667 0.900000 
 0.014999 -0.010369 0.300000 0.700000 0.009147 -0.011450 0.133333 0.750000 0.019867 -0.007766 0.633333 1.250000 
 0.016103 -0.009489 0.433333 0.950000 0.009442 -0.011636 0.100000 0.650000 0.017072 -0.008889 0.666667 1.250000 
 0.016209 -0.008949 0.433333 1.000000 0.009274 -0.011699 0.133333 0.550000 0.017729 -0.008912 0.466667 1.100000 
 0.017704 -0.007846 0.500000 1.000000 0.008566 -0.011873 0.100000 0.500000 0.015785 -0.008779 0.433333 1.000000 
 0.016902 -0.008337 0.500000 1.100000 0.009032 -0.011807 0.166667 0.450000 0.017197 -0.008469 0.566667 1.050000 
 0.016385 -0.008365 0.433333 0.950000 0.009260 -0.011631 0.133333 0.350000 0.016415 -0.008453 0.500000 0.950000 
 0.019624 -0.008344 0.433333 0.900000 0.009773 -0.011500 0.166667 0.450000 0.015944 -0.008200 0.600000 1.000000 
 0.019961 -0.008583 0.300000 0.900000 0.010497 -0.010989 0.233333 0.500000 0.018311 -0.006229 0.500000 0.900000 
 0.018992 -0.008578 0.366667 0.800000 0.009864 -0.011090 0.166667 0.500000 0.016173 -0.006603 0.500000 1.100000 
 0.019329 -0.008618 0.333333 0.650000 0.008682 -0.011214 0.200000 0.650000 0.017090 -0.006833 0.566667 1.000000 
 0.018776 -0.008485 0.333333 0.750000 0.009196 -0.011282 0.166667 0.600000 0.020043 -0.006887 0.600000 1.100000 
 0.019177 -0.009121 0.400000 0.650000 0.007925 -0.011834 0.133333 0.600000 0.017340 -0.009538 0.666667 1.200000 
 0.019164 -0.009355 0.466667 0.750000 0.008074 -0.011787 0.200000 0.600000 0.018902 -0.009470 0.700000 1.300000 
 0.019337 -0.008506 0.533333 0.850000 0.008706 -0.011599 0.233333 0.700000 0.019009 -0.008335 0.633333 1.250000 
 0.018154 -0.008403 0.733333 0.950000 0.009203 -0.011589 0.133333 0.650000 0.015279 -0.008917 0.600000 1.150000 
 0.016291 -0.008389 0.566667 0.900000 0.009234 -0.011581 0.200000 0.700000 0.014872 -0.008395 0.600000 1.200000 
 0.015575 -0.008443 0.533333 0.950000 0.008552 -0.011707 0.133333 0.700000 0.013695 -0.008956 0.633333 1.250000 
 0.015799 -0.009353 0.500000 0.900000 0.007833 -0.012007 0.133333 0.500000 0.013571 -0.009937 0.600000 1.050000 
 0.018130 -0.008376 0.433333 0.900000 0.007184 -0.011957 0.100000 0.450000 0.015041 -0.009815 0.666667 0.950000 
 0.016764 -0.008290 0.433333 1.050000 0.007626 -0.012031 0.100000 0.350000 0.015606 -0.010177 0.633333 0.900000 
 0.017893 -0.007809 0.433333 1.000000 0.008355 -0.011862 0.133333 0.350000 0.016363 -0.009620 0.633333 0.700000 
 0.018165 -0.007666 0.333333 0.950000 0.009204 -0.011784 0.133333 0.450000 0.017091 -0.009277 0.533333 1.000000 
 0.015221 -0.007615 0.366667 1.000000 0.009026 -0.011354 0.200000 0.550000 0.019832 -0.007107 0.800000 1.050000 
 0.015318 -0.007541 0.366667 0.850000 0.008524 -0.011392 0.166667 0.500000 0.019092 -0.007201 0.733333 1.200000 
 0.014816 -0.007391 0.300000 0.650000 0.009172 -0.011463 0.200000 0.650000 0.022931 -0.005807 0.633333 1.050000 
 0.016905 -0.007068 0.533333 0.700000 0.008788 -0.011411 0.266667 0.700000 0.022805 -0.005929 0.433333 0.750000 
 0.014942 -0.008178 0.433333 0.700000 0.007685 -0.011828 0.133333 0.550000 0.018898 -0.007277 0.366667 0.900000 
 0.014906 -0.007981 0.533333 0.850000 0.008850 -0.011577 0.166667 0.650000 0.017957 -0.007656 0.400000 0.750000 
 0.014118 -0.008635 0.533333 1.050000 0.007979 -0.011667 0.133333 0.550000 0.015545 -0.008461 0.500000 0.850000 
 0.011389 -0.010384 0.433333 0.900000 0.006854 -0.011797 0.100000 0.450000 0.014467 -0.008608 0.533333 1.050000 
 0.019241 -0.003751 0.600000 1.050000 0.008630 -0.011506 0.166667 0.550000 0.015431 -0.008073 0.566667 1.050000 
 0.018989 -0.003051 0.433333 0.900000 0.007376 -0.011704 0.166667 0.450000 0.015621 -0.007639 0.466667 1.150000 
 0.021499 -0.002359 0.466667 0.950000 0.008272 -0.011582 0.166667 0.600000 0.014639 -0.008145 0.600000 1.250000 
 0.019679 -0.002844 0.400000 0.950000 0.008657 -0.011644 0.200000 0.650000 0.015278 -0.007642 0.633333 1.200000 
 0.013586 -0.009411 0.300000 0.850000 0.008550 -0.011620 0.166667 0.700000 0.016191 -0.006254 0.600000 1.250000 
 0.014984 -0.008589 0.366667 0.900000 0.008817 -0.011520 0.233333 0.750000 0.017725 -0.005667 0.533333 1.150000 
 0.012697 -0.008966 0.300000 0.750000 0.007788 -0.011606 0.233333 0.700000 0.019013 -0.005934 0.600000 1.050000 
 0.015576 -0.008298 0.466667 0.950000 0.008459 -0.011567 0.200000 0.500000 0.018673 -0.006221 0.633333 1.200000 
 0.016378 -0.007049 0.333333 0.850000 0.008493 -0.011650 0.166667 0.500000 0.016392 -0.008729 0.600000 1.200000 
 0.016739 -0.007467 0.300000 0.700000 0.009147 -0.011461 0.200000 0.650000 0.015333 -0.009637 0.666667 1.200000 
 0.020111 -0.005879 0.300000 0.850000 0.009838 -0.011552 0.200000 0.600000 0.013546 -0.009391 0.466667 1.300000 
 0.017309 -0.006495 0.233333 0.750000 0.008777 -0.011645 0.133333 0.600000 0.013288 -0.009597 0.366667 1.250000 
 0.017115 -0.007747 0.300000 0.700000 0.008165 -0.011761 0.133333 0.400000 0.014254 -0.009506 0.500000 1.050000 
 0.015098 -0.008350 0.266667 0.650000 0.007387 -0.011794 0.100000 0.450000 0.014797 -0.009467 0.500000 1.100000 
 0.012940 -0.010254 0.300000 0.600000 0.007422 -0.011739 0.100000 0.550000 0.016463 -0.008404 0.633333 1.000000 
 0.014286 -0.008909 0.433333 0.850000 0.008079 -0.011425 0.166667 0.600000 0.017731 -0.008113 0.700000 0.950000 
 0.013763 -0.010124 0.600000 0.750000 0.007915 -0.011468 0.133333 0.650000 0.020153 -0.006183 0.566667 1.050000 
 0.014361 -0.010201 0.700000 0.800000 0.007596 -0.011486 0.066667 0.600000 0.019862 -0.006517 0.600000 1.200000 
 0.013645 -0.010039 0.600000 0.900000 0.007677 -0.011674 0.100000 0.550000 0.020304 -0.006876 0.566667 1.200000 
 0.013728 -0.010300 0.566667 0.850000 0.007970 -0.011780 0.066667 0.550000 0.017979 -0.008275 0.533333 1.150000 
 0.017430 -0.009371 0.466667 0.700000 0.008073 -0.011666 0.233333 0.750000 0.017203 -0.008804 0.500000 1.050000 
 0.019521 -0.008377 0.600000 0.950000 0.008076 -0.011637 0.200000 0.800000 0.017300 -0.008377 0.600000 1.000000 
 0.019223 -0.008909 0.633333 0.850000 0.007434 -0.011693 0.233333 0.800000 0.016126 -0.009020 0.533333 1.100000 
 0.019053 -0.008915 0.400000 0.800000 0.008303 -0.011542 0.233333 0.750000 0.017450 -0.007928 0.466667 1.150000 
 0.013614 -0.010207 0.366667 0.750000 0.007857 -0.011763 0.166667 0.600000 0.016975 -0.008090 0.566667 1.050000 
 0.014721 -0.010436 0.233333 0.800000 0.008126 -0.011715 0.200000 0.550000 0.017926 -0.008696 0.666667 1.050000 
 0.015177 -0.010370 0.300000 0.700000 0.008862 -0.011752 0.233333 0.550000 0.018409 -0.008109 0.533333 1.050000 
 0.015522 -0.010216 0.366667 0.800000 0.007590 -0.011909 0.266667 0.450000 0.016360 -0.009281 0.566667 1.100000 
 0.017041 -0.009908 0.400000 0.800000 0.007124 -0.011931 0.166667 0.400000 0.016829 -0.009379 0.566667 1.150000 
 0.017794 -0.007541 0.466667 0.900000 0.007736 -0.011944 0.133333 0.600000 0.016395 -0.009492 0.633333 1.000000 
 0.015502 -0.007784 0.466667 0.900000 0.006506 -0.012044 0.066667 0.500000 0.015309 -0.010018 0.633333 1.000000 
 0.014504 -0.008233 0.266667 0.900000 0.006200 -0.012047 0.066667 0.500000 0.015515 -0.009530 0.566667 0.900000 
 0.013164 -0.007626 0.300000 0.800000 0.006920 -0.011927 0.066667 0.550000 0.015801 -0.009054 0.566667 1.000000 
 0.013995 -0.009089 0.233333 0.700000 0.006670 -0.012018 0.066667 0.400000 0.016728 -0.008953 0.466667 1.000000 
 0.018038 -0.007372 0.366667 0.750000 0.007846 -0.011925 0.133333 0.550000 0.018397 -0.008767 0.466667 1.000000 
 0.019416 -0.006883 0.500000 0.850000 0.008123 -0.011911 0.100000 0.600000 0.018269 -0.009032 0.500000 1.000000 
 0.020282 -0.007315 0.500000 0.950000 0.008293 -0.011770 0.166667 0.550000 0.020868 -0.008653 0.566667 0.900000 
 0.018792 -0.008180 0.500000 1.050000 0.009613 -0.011572 0.133333 0.550000 0.021948 -0.007980 0.433333 0.900000 
 0.016941 -0.009360 0.500000 1.050000 0.009014 -0.011550 0.100000 0.600000 0.020303 -0.008024 0.400000 0.950000 
 0.020089 -0.008544 0.466667 1.100000 0.009467 -0.011577 0.066667 0.500000 0.020391 -0.007974 0.466667 0.900000 
 0.022082 -0.008291 0.400000 1.050000 0.008951 -0.011669 0.133333 0.500000 0.017565 -0.008363 0.500000 0.750000 
 0.018478 -0.008420 0.400000 0.950000 0.007698 -0.011923 0.100000 0.500000 0.015750 -0.008106 0.500000 0.900000 
 0.019009 -0.007960 0.333333 0.900000 0.008844 -0.011716 0.133333 0.450000 0.017063 -0.008656 0.466667 0.850000 
 0.017224 -0.008711 0.400000 0.750000 0.008520 -0.011773 0.100000 0.450000 0.019178 -0.007634 0.400000 1.000000 
 0.016348 -0.006131 0.433333 0.850000 0.009076 -0.011578 0.200000 0.500000 0.017978 -0.007648 0.466667 1.150000 
 0.017322 -0.005405 0.400000 0.850000 0.009423 -0.011414 0.166667 0.550000 0.019418 -0.007578 0.466667 1.150000 
 0.017844 -0.005014 0.400000 0.950000 0.008526 -0.011478 0.200000 0.650000 0.020106 -0.007022 0.633333 1.300000 
 0.017577 -0.006602 0.566667 0.850000 0.008929 -0.011428 0.166667 0.700000 0.019103 -0.006801 0.600000 1.150000 
 0.015139 -0.008667 0.400000 0.700000 0.008395 -0.011558 0.100000 0.650000 0.022541 -0.005724 0.533333 1.150000 
 0.014823 -0.008787 0.433333 0.600000 0.007903 -0.011716 0.100000 0.550000 0.019934 -0.006802 0.433333 1.050000 
 0.015495 -0.009221 0.466667 0.600000 0.007563 -0.011762 0.066667 0.500000 0.018689 -0.007678 0.466667 0.900000 
 0.013758 -0.010085 0.366667 0.650000 0.007138 -0.011874 0.033333 0.400000 0.018453 -0.008381 0.466667 0.950000 
 0.012878 -0.010242 0.466667 0.750000 0.006877 -0.011877 0.100000 0.500000 0.013860 -0.010578 0.533333 1.000000 
 0.013205 -0.010090 0.533333 0.750000 0.007446 -0.011636 0.066667 0.550000 0.013913 -0.010443 0.666667 1.000000 
 0.015789 -0.009881 0.466667 0.800000 0.008445 -0.011623 0.100000 0.550000 0.013373 -0.010029 0.700000 0.950000 
 0.014791 -0.009960 0.400000 0.650000 0.007951 -0.011683 0.133333 0.550000 0.012855 -0.009322 0.566667 1.100000 
 0.017817 -0.008462 0.500000 0.750000 0.008942 -0.011698 0.133333 0.450000 0.013383 -0.008784 0.566667 1.150000 
 0.018523 -0.007848 0.500000 0.850000 0.009165 -0.011832 0.100000 0.550000 0.013852 -0.008622 0.533333 1.100000 
 0.017587 -0.006113 0.333333 0.850000 0.009333 -0.011799 0.166667 0.500000 0.015569 -0.008639 0.433333 0.950000 
 0.019842 -0.005156 0.466667 0.950000 0.010697 -0.011763 0.166667 0.450000 0.018795 -0.008248 0.400000 1.000000 
 0.019097 -0.005131 0.433333 0.950000 0.010409 -0.011590 0.166667 0.450000 0.018122 -0.008494 0.366667 0.900000 
 0.019122 -0.004261 0.366667 0.850000 0.010995 -0.011588 0.200000 0.500000 0.021872 -0.008132 0.566667 1.000000 
 0.018112 -0.006490 0.333333 0.850000 0.009865 -0.011721 0.100000 0.450000 0.020912 -0.007552 0.600000 1.050000 
 0.018543 -0.006378 0.300000 0.800000 0.008989 -0.011662 0.133333 0.700000 0.018601 -0.008551 0.633333 1.000000 
 0.017022 -0.007823 0.366667 0.700000 0.007838 -0.011906 0.100000 0.700000 0.018708 -0.007839 0.700000 1.150000 
 0.017069 -0.008568 0.500000 0.750000 0.006995 -0.011962 0.133333 0.550000 0.016474 -0.008260 0.733333 1.100000 
 0.014173 -0.009162 0.466667 0.650000 0.007864 -0.011946 0.133333 0.600000 0.014696 -0.008823 0.700000 1.100000 
 0.017028 -0.008715 0.333333 0.900000 0.008203 -0.011565 0.166667 0.550000 0.015434 -0.008381 0.566667 1.200000 
 0.013850 -0.008900 0.300000 0.750000 0.007452 -0.011651 0.166667 0.450000 0.014951 -0.009046 0.400000 1.150000 
 0.013943 -0.008915 0.433333 0.900000 0.007540 -0.011650 0.133333 0.650000 0.014503 -0.009481 0.366667 1.050000 
 0.014400 -0.008907 0.466667 1.000000 0.007616 -0.011608 0.100000 0.800000 0.016201 -0.009037 0.466667 1.000000 
 0.014579 -0.009178 0.633333 0.850000 0.008431 -0.011666 0.133333 0.800000 0.016812 -0.008682 0.566667 1.050000 
 0.015685 -0.009955 0.533333 0.900000 0.008804 -0.011710 0.033333 0.700000 0.016591 -0.008158 0.600000 1.000000 
 0.016564 -0.009400 0.500000 1.050000 0.008012 -0.011747 0.066667 0.550000 0.015279 -0.008713 0.533333 0.850000 
 0.018474 -0.008413 0.533333 1.100000 0.008092 -0.011697 0.066667 0.500000 0.015481 -0.008022 0.666667 1.000000 
 0.020963 -0.007481 0.466667 1.200000 0.008557 -0.011721 0.100000 0.400000 0.015673 -0.008573 0.600000 0.950000 
 0.018141 -0.007887 0.366667 1.100000 0.008173 -0.011847 0.066667 0.350000 0.014295 -0.009136 0.500000 0.950000 
 0.015033 -0.008946 0.300000 0.750000 0.008380 -0.011913 0.066667 0.350000 0.014498 -0.008827 0.566667 1.050000 
 0.014167 -0.009941 0.333333 0.600000 0.008595 -0.012052 0.100000 0.350000 0.013112 -0.009877 0.566667 0.950000 
 0.011686 -0.010264 0.300000 0.500000 0.008486 -0.011722 0.100000 0.400000 0.013541 -0.009768 0.666667 1.100000 
 0.015024 -0.009147 0.433333 0.750000 0.008299 -0.011606 0.133333 0.500000 0.013665 -0.010081 0.733333 1.000000 
 0.023376 -0.007344 0.500000 0.950000 0.009556 -0.011513 0.133333 0.550000 0.014580 -0.010156 0.666667 0.950000 
 0.023125 -0.006924 0.500000 0.950000 0.010863 -0.011385 0.100000 0.700000 0.017646 -0.009280 0.666667 1.050000 
 0.024244 -0.006735 0.466667 0.900000 0.010124 -0.011621 0.100000 0.650000 0.016558 -0.009501 0.533333 0.900000 
 0.022118 -0.007079 0.366667 0.850000 0.010487 -0.011532 0.166667 0.750000 0.017044 -0.008937 0.533333 1.000000 
 0.016815 -0.008280 0.300000 0.800000 0.010052 -0.011514 0.100000 0.650000 0.018970 -0.008563 0.466667 1.050000 
 0.017044 -0.008365 0.400000 0.800000 0.008090 -0.011647 0.166667 0.650000 0.017523 -0.008833 0.466667 1.050000 
 0.018824 -0.008715 0.433333 0.850000 0.008711 -0.011630 0.100000 0.600000 0.017436 -0.008854 0.533333 1.150000 
 0.019564 -0.009682 0.500000 0.900000 0.009241 -0.011593 0.100000 0.650000 0.017801 -0.008750 0.566667 1.000000 
 0.019545 -0.009325 0.566667 0.950000 0.008420 -0.011623 0.100000 0.600000 0.014863 -0.009255 0.566667 0.900000 
 0.018819 -0.009616 0.500000 0.950000 0.008453 -0.011678 0.100000 0.600000 0.014667 -0.009413 0.700000 0.950000 
 0.014197 -0.010534 0.333333 1.000000 0.007580 -0.011901 0.066667 0.500000 0.013544 -0.008776 0.566667 1.000000 
 0.014858 -0.009213 0.366667 0.850000 0.006942 -0.011832 0.066667 0.500000 0.015103 -0.008152 0.566667 1.000000 
 0.017799 -0.008713 0.333333 0.850000 0.007151 -0.011844 0.066667 0.650000 0.016602 -0.007921 0.633333 1.050000 
 0.020116 -0.007749 0.366667 0.850000 0.007658 -0.011637 0.133333 0.650000 0.018568 -0.007722 0.466667 0.850000 
 0.021158 -0.007268 0.466667 1.050000 0.008350 -0.011627 0.100000 0.700000 0.018791 -0.007963 0.500000 1.000000 
 0.019092 -0.008399 0.300000 0.900000 0.007937 -0.011757 0.100000 0.500000 0.017056 -0.008632 0.466667 0.950000 
 0.014450 -0.009600 0.333333 0.650000 0.008091 -0.011752 0.100000 0.450000 0.015281 -0.008848 0.433333 0.950000 
 0.013177 -0.010075 0.233333 0.700000 0.007498 -0.011979 0.033333 0.400000 0.012390 -0.009859 0.600000 1.000000 
 0.015542 -0.008620 0.266667 0.650000 0.007351 -0.011890 0.033333 0.450000 0.013215 -0.009529 0.566667 0.850000 
 0.020644 -0.007942 0.300000 0.750000 0.009703 -0.011512 0.100000 0.650000 0.015955 -0.008739 0.533333 1.000000 
 0.020157 -0.008086 0.366667 0.850000 0.009517 -0.011572 0.133333 0.500000 0.017642 -0.008375 0.533333 1.050000 
 0.019666 -0.008547 0.366667 0.900000 0.009957 -0.011527 0.166667 0.500000 0.020669 -0.007365 0.466667 1.000000 
 0.017593 -0.009212 0.266667 0.800000 0.009979 -0.011624 0.133333 0.450000 0.020600 -0.007165 0.433333 1.050000 
 0.012656 -0.009969 0.433333 0.950000 0.007780 -0.011894 0.100000 0.450000 0.017320 -0.008446 0.566667 1.050000 
 0.015470 -0.009263 0.566667 1.050000 0.007038 -0.011952 0.100000 0.350000 0.016442 -0.008186 0.500000 1.150000 
 0.016580 -0.007576 0.566667 1.100000 0.007312 -0.011775 0.200000 0.450000 0.014052 -0.009543 0.433333 1.150000 
 0.016342 -0.008148 0.500000 1.150000 0.007524 -0.011695 0.200000 0.550000 0.013882 -0.009332 0.433333 1.200000 
 0.015952 -0.008207 0.466667 0.950000 0.007257 -0.011794 0.166667 0.550000 0.015767 -0.009367 0.500000 1.050000 
 0.014199 -0.009274 0.333333 0.800000 0.007614 -0.011721 0.233333 0.650000 0.015518 -0.009485 0.500000 1.050000 
 0.013989 -0.009356 0.366667 0.800000 0.007103 -0.011848 0.166667 0.600000 0.015808 -0.008878 0.633333 1.050000 
 0.016956 -0.008782 0.266667 0.750000 0.006217 -0.011974 0.200000 0.500000 0.015383 -0.009382 0.666667 1.000000 
 0.019097 -0.007179 0.466667 0.950000 0.006519 -0.011908 0.200000 0.450000 0.013389 -0.009480 0.700000 1.150000 
 0.019234 -0.007603 0.433333 0.850000 0.006312 -0.011951 0.166667 0.450000 0.014645 -0.009410 0.800000 1.000000 
 0.019136 -0.006911 0.466667 1.000000 0.007234 -0.011863 0.133333 0.400000 0.014163 -0.009751 0.633333 0.850000 
 0.020090 -0.007382 0.633333 1.000000 0.007879 -0.011886 0.033333 0.400000 0.013954 -0.009659 0.566667 0.900000 
 0.018032 -0.008873 0.566667 0.800000 0.008053 -0.011869 0.033333 0.400000 0.014797 -0.009913 0.500000 0.850000 
 0.017030 -0.009050 0.433333 0.850000 0.008001 -0.011932 0.033333 0.400000 0.014523 -0.009397 0.433333 0.950000 
 0.017388 -0.009364 0.400000 0.900000 0.008950 -0.011672 0.033333 0.500000 0.016653 -0.008436 0.600000 1.050000 
 0.015520 -0.009995 0.266667 0.800000 0.008619 -0.011758 0.100000 0.500000 0.016499 -0.007688 0.466667 1.000000 
 0.017342 -0.009134 0.366667 0.750000 0.008724 -0.011696 0.133333 0.550000 0.017537 -0.006969 0.466667 1.050000 
 0.018476 -0.008082 0.333333 0.750000 0.009070 -0.011631 0.133333 0.500000 0.017048 -0.006605 0.466667 0.950000 
 0.015124 -0.008936 0.333333 0.550000 0.008008 -0.011821 0.133333 0.650000 0.014888 -0.007395 0.500000 0.900000 
 0.013299 -0.009144 0.333333 0.650000 0.008357 -0.011725 0.133333 0.700000 0.016710 -0.007010 0.500000 1.000000 
 0.012387 -0.009072 0.333333 0.800000 0.008483 -0.011614 0.200000 0.750000 0.016051 -0.007919 0.566667 1.000000 
 0.011597 -0.009310 0.366667 0.800000 0.009640 -0.011531 0.200000 0.600000 0.017533 -0.008533 0.533333 0.950000 
 0.012269 -0.009097 0.500000 1.050000 0.009297 -0.011548 0.200000 0.600000 0.019159 -0.007606 0.500000 1.000000 
 0.016995 -0.006052 0.500000 1.050000 0.010065 -0.011346 0.233333 0.700000 0.019905 -0.006776 0.533333 0.950000 
 0.017431 -0.006543 0.433333 0.950000 0.009481 -0.011549 0.266667 0.600000 0.020009 -0.006135 0.433333 0.950000 
 0.018000 -0.006227 0.400000 1.050000 0.008665 -0.011600 0.100000 0.600000 0.019183 -0.006530 0.500000 1.000000 
 0.019778 -0.006868 0.400000 0.950000 0.009089 -0.011440 0.066667 0.600000 0.018229 -0.007227 0.533333 1.000000 
 0.014693 -0.009839 0.266667 0.800000 0.009853 -0.011303 0.066667 0.600000 0.017040 -0.008015 0.533333 1.050000 
 0.016200 -0.009147 0.333333 0.950000 0.010315 -0.011283 0.100000 0.600000 0.016974 -0.007803 0.633333 1.150000 
 0.015200 -0.009265 0.400000 0.950000 0.010805 -0.011150 0.166667 0.650000 0.016290 -0.008081 0.600000 1.100000 
 0.016230 -0.008596 0.433333 0.800000 0.010293 -0.011286 0.200000 0.700000 0.016329 -0.007675 0.500000 1.150000 
 0.018011 -0.008207 0.500000 1.000000 0.008076 -0.011650 0.133333 0.500000 0.014900 -0.008558 0.500000 1.050000 
 0.018359 -0.008309 0.600000 0.950000 0.008367 -0.011583 0.200000 0.600000 0.014711 -0.008383 0.466667 1.050000 
 0.018932 -0.008797 0.433333 0.900000 0.008465 -0.011559 0.100000 0.600000 0.015128 -0.008672 0.333333 1.000000 
 0.016998 -0.009336 0.300000 0.850000 0.008758 -0.011556 0.133333 0.650000 0.016855 -0.008593 0.400000 0.850000 
 0.016970 -0.009792 0.366667 0.700000 0.009305 -0.011684 0.133333 0.750000 0.016516 -0.008529 0.433333 0.750000 
 0.016623 -0.009172 0.366667 0.650000 0.009253 -0.011385 0.133333 0.950000 0.018176 -0.008035 0.566667 0.800000 
 0.018778 -0.008062 0.466667 0.700000 0.007747 -0.011564 0.200000 0.900000 0.016982 -0.008427 0.633333 0.850000 
 0.018602 -0.007933 0.433333 0.750000 0.008117 -0.011642 0.100000 0.900000 0.018485 -0.008408 0.633333 0.950000 
 0.016637 -0.009200 0.366667 0.750000 0.008558 -0.011587 0.133333 0.700000 0.020925 -0.007622 0.566667 1.050000 
 0.015860 -0.009573 0.400000 0.800000 0.010082 -0.011372 0.166667 0.350000 0.018681 -0.007806 0.500000 1.150000 
 0.015549 -0.009354 0.533333 1.000000 0.010517 -0.011173 0.233333 0.450000 0.018833 -0.006679 0.566667 1.100000 
 0.015959 -0.009100 0.533333 0.900000 0.009346 -0.011302 0.166667 0.350000 0.015988 -0.007766 0.566667 1.000000 
 0.018756 -0.008630 0.600000 0.850000 0.009175 -0.011342 0.200000 0.450000 0.013954 -0.008121 0.700000 0.950000 
 0.017347 -0.008671 0.566667 0.800000 0.007537 -0.011785 0.200000 0.550000 0.015424 -0.007444 0.833333 1.150000 
 0.017833 -0.009549 0.366667 0.550000 0.007181 -0.011962 0.133333 0.500000 0.014656 -0.008220 0.866667 1.150000 
 0.018057 -0.009518 0.433333 0.750000 0.008976 -0.011781 0.200000 0.500000 0.016756 -0.008381 0.800000 1.050000 
 0.020388 -0.007818 0.200000 0.650000 0.008556 -0.011768 0.200000 0.650000 0.016293 -0.008599 0.666667 1.100000 
 0.020596 -0.007935 0.300000 0.750000 0.008876 -0.011573 0.133333 0.650000 0.017608 -0.008686 0.533333 1.000000 
 0.018846 -0.007747 0.233333 0.750000 0.009714 -0.011573 0.166667 0.550000 0.019375 -0.008122 0.433333 1.100000 
 0.020425 -0.005305 0.233333 0.700000 0.008139 -0.011831 0.133333 0.450000 0.017603 -0.008353 0.466667 1.100000 
 0.015429 -0.007347 0.300000 0.850000 0.008138 -0.011756 0.066667 0.550000 0.018237 -0.008121 0.533333 1.150000 
 0.015231 -0.006755 0.333333 0.950000 0.007130 -0.011882 0.066667 0.600000 0.015828 -0.009908 0.466667 1.000000 
 0.013517 -0.007295 0.266667 0.750000 0.006505 -0.011906 0.066667 0.550000 0.015768 -0.009806 0.633333 1.050000 
 0.013984 -0.008350 0.366667 0.900000 0.006618 -0.011974 0.066667 0.550000 0.015025 -0.009594 0.533333 1.100000 
 0.014814 -0.006910 0.366667 0.800000 0.006700 -0.011844 0.100000 0.650000 0.015082 -0.009364 0.466667 1.050000 
 0.016900 -0.006696 0.300000 0.750000 0.007192 -0.011842 0.100000 0.650000 0.015553 -0.008351 0.533333 1.050000 
 0.018018 -0.006644 0.433333 0.750000 0.007132 -0.011889 0.066667 0.550000 0.015770 -0.008061 0.600000 1.150000 
 0.016090 -0.007544 0.400000 0.750000 0.006749 -0.011859 0.033333 0.550000 0.015680 -0.008493 0.566667 1.050000 
 0.017315 -0.009473 0.300000 0.650000 0.006760 -0.011984 0.033333 0.400000 0.016026 -0.009220 0.666667 1.050000 
 0.019578 -0.008172 0.466667 0.750000 0.006828 -0.011918 0.100000 0.550000 0.014288 -0.009276 0.666667 1.150000 
 0.018127 -0.007263 0.433333 0.850000 0.006650 -0.012010 0.066667 0.450000 0.013783 -0.009877 0.600000 1.150000 
 0.018904 -0.006184 0.400000 0.950000 0.007700 -0.011711 0.100000 0.550000 0.015233 -0.008974 0.500000 1.200000 
 0.018510 -0.006340 0.500000 1.050000 0.008031 -0.011677 0.200000 0.550000 0.016284 -0.008760 0.566667 1.000000 
 0.015784 -0.007939 0.300000 0.900000 0.008089 -0.011823 0.133333 0.600000 0.016537 -0.008851 0.600000 0.950000 
 0.016262 -0.009344 0.333333 0.850000 0.007585 -0.011868 0.133333 0.500000 0.016731 -0.008708 0.500000 0.850000 
 0.014587 -0.010654 0.433333 0.700000 0.006148 -0.011966 0.066667 0.450000 0.015824 -0.010028 0.366667 0.850000 
 0.017603 -0.008940 0.400000 0.750000 0.006155 -0.011938 0.066667 0.550000 0.015746 -0.009822 0.566667 1.000000 
 0.016626 -0.009212 0.433333 0.750000 0.005776 -0.011998 0.066667 0.500000 0.017527 -0.009215 0.533333 1.100000 
 0.014446 -0.009480 0.433333 0.750000 0.006522 -0.011997 0.100000 0.450000 0.017977 -0.008824 0.566667 1.150000 
 0.013367 -0.009620 0.400000 0.750000 0.006445 -0.012031 0.100000 0.450000 0.016716 -0.009255 0.700000 1.100000 
 0.013103 -0.009061 0.366667 0.750000 0.006656 -0.011997 0.066667 0.450000 0.014636 -0.009533 0.433333 1.050000 
 0.012695 -0.008939 0.266667 0.750000 0.006326 -0.012036 0.066667 0.400000 0.012885 -0.009810 0.633333 1.050000 
 0.015566 -0.006977 0.300000 0.800000 0.006340 -0.011967 0.066667 0.650000 0.012472 -0.010632 0.666667 1.100000 
 0.018001 -0.006980 0.233333 0.650000 0.007601 -0.011839 0.133333 0.600000 0.014693 -0.010144 0.533333 1.000000 
 0.018007 -0.005702 0.266667 0.600000 0.008120 -0.011704 0.166667 0.550000 0.015796 -0.009286 0.633333 0.950000 
 0.026013 -0.002575 0.400000 0.800000 0.008953 -0.011501 0.200000 0.550000 0.017164 -0.008476 0.600000 1.000000 
 0.020578 -0.003885 0.266667 0.750000 0.008434 -0.011504 0.133333 0.500000 0.016547 -0.008587 0.700000 0.850000 
 0.019054 -0.004597 0.233333 0.800000 0.008024 -0.011737 0.066667 0.450000 0.016076 -0.007761 0.733333 0.900000 
 0.016263 -0.007298 0.266667 0.800000 0.008157 -0.011792 0.166667 0.550000 0.014486 -0.008530 0.666667 0.950000 
 0.009012 -0.011227 0.266667 0.650000 0.007002 -0.011943 0.066667 0.400000 0.015024 -0.008348 0.633333 1.000000 
 0.015866 -0.007955 0.366667 0.800000 0.007158 -0.011878 0.066667 0.550000 0.016322 -0.007596 0.666667 0.950000 
 0.016558 -0.007703 0.433333 0.750000 0.007015 -0.011771 0.033333 0.500000 0.015528 -0.008829 0.666667 0.900000 
 0.016108 -0.007895 0.400000 0.700000 0.006697 -0.011861 0.000000 0.350000 0.017202 -0.008595 0.633333 0.950000 
 0.016202 -0.008306 0.400000 0.700000 0.007925 -0.011819 0.066667 0.400000 0.017609 -0.008141 0.733333 0.850000 
 0.016407 -0.007976 0.166667 0.650000 0.009459 -0.011745 0.133333 0.250000 0.018770 -0.008329 0.633333 0.950000 
 0.016573 -0.007450 0.233333 0.800000 0.010078 -0.011670 0.133333 0.400000 0.021847 -0.007954 0.633333 0.900000 
 0.017972 -0.006337 0.400000 1.000000 0.009632 -0.011735 0.133333 0.350000 0.022533 -0.007679 0.566667 0.950000 
 0.020794 -0.005818 0.400000 0.950000 0.010487 -0.011525 0.066667 0.300000 0.022833 -0.007887 0.500000 0.850000 
 0.016385 -0.008182 0.433333 1.050000 0.009719 -0.011643 0.100000 0.350000 0.022684 -0.007162 0.333333 0.800000 
 0.017582 -0.007604 0.433333 1.100000 0.008964 -0.011725 0.100000 0.250000 0.018486 -0.008066 0.466667 0.950000 
 0.018275 -0.007862 0.400000 1.000000 0.009432 -0.011646 0.100000 0.400000 0.018953 -0.007745 0.366667 0.800000 
 0.018962 -0.007643 0.500000 1.000000 0.008774 -0.011757 0.166667 0.550000 0.018378 -0.008910 0.533333 0.850000 
 0.018956 -0.007485 0.600000 1.000000 0.007996 -0.011787 0.066667 0.500000 0.016094 -0.009836 0.600000 0.900000 
 0.017523 -0.008537 0.400000 0.850000 0.007961 -0.011722 0.066667 0.500000 0.017510 -0.009313 0.600000 0.900000 
 0.016577 -0.008615 0.466667 0.750000 0.008160 -0.011697 0.100000 0.500000 0.016124 -0.008994 0.533333 0.900000 
 0.013945 -0.010186 0.466667 0.550000 0.007374 -0.011810 0.066667 0.400000 0.015876 -0.008479 0.600000 1.100000 
 0.016706 -0.006472 0.466667 0.650000 0.007669 -0.011754 0.066667 0.500000 0.016232 -0.008314 0.633333 1.100000 
 0.015426 -0.006685 0.466667 0.750000 0.007658 -0.011823 0.100000 0.450000 0.015004 -0.008686 0.566667 1.100000 
 0.015222 -0.007210 0.366667 0.650000 0.007088 -0.011866 0.133333 0.400000 0.015184 -0.009909 0.500000 1.000000 
 0.016819 -0.006334 0.333333 0.800000 0.008497 -0.011688 0.133333 0.450000 0.016400 -0.008297 0.400000 1.050000 
 0.013177 -0.009676 0.366667 0.900000 0.007800 -0.011754 0.033333 0.450000 0.015983 -0.008585 0.366667 0.950000 
 0.015641 -0.009200 0.333333 0.950000 0.007628 -0.011654 0.033333 0.550000 0.018232 -0.007155 0.466667 0.950000 
 0.016988 -0.008733 0.433333 1.000000 0.008209 -0.011574 0.033333 0.550000 0.019017 -0.005846 0.566667 0.950000 
 0.015564 -0.009478 0.433333 0.950000 0.006454 -0.011812 0.033333 0.400000 0.016824 -0.008034 0.633333 0.850000 
 0.018437 -0.008377 0.266667 1.000000 0.006975 -0.011833 0.066667 0.450000 0.017160 -0.008175 0.633333 0.950000 
 0.015717 -0.008742 0.333333 0.900000 0.006899 -0.011930 0.066667 0.400000 0.016149 -0.008918 0.566667 1.050000 
 0.018083 -0.007369 0.300000 0.850000 0.007254 -0.011868 0.133333 0.450000 0.014989 -0.009912 0.566667 1.000000 
 0.016110 -0.007866 0.266667 0.700000 0.008663 -0.011659 0.133333 0.750000 0.018109 -0.008012 0.633333 1.100000 
 0.013767 -0.008597 0.266667 0.750000 0.008391 -0.011701 0.100000 0.700000 0.017672 -0.007543 0.533333 0.950000 
 0.014349 -0.008648 0.266667 0.700000 0.009129 -0.011564 0.166667 0.600000 0.019011 -0.007092 0.633333 0.900000 
 0.015165 -0.009139 0.233333 0.650000 0.009960 -0.011593 0.100000 0.800000 0.021026 -0.006324 0.700000 0.850000 
 0.016367 -0.008768 0.300000 0.750000 0.008864 -0.011728 0.166667 0.650000 0.018662 -0.008398 0.566667 0.800000 
 0.014913 -0.009315 0.333333 0.700000 0.008675 -0.011660 0.200000 0.650000 0.018638 -0.008227 0.633333 1.000000 
 0.016274 -0.009015 0.466667 0.750000 0.008373 -0.011656 0.200000 0.750000 0.017879 -0.008310 0.500000 0.950000 
 0.013839 -0.009569 0.466667 0.850000 0.007146 -0.011636 0.166667 0.650000 0.017392 -0.008669 0.466667 1.000000 
 0.011965 -0.009731 0.466667 0.800000 0.006961 -0.011647 0.200000 0.650000 0.017265 -0.007667 0.433333 1.000000 
 0.012400 -0.010029 0.366667 0.800000 0.007511 -0.011729 0.166667 0.500000 0.018614 -0.007914 0.366667 1.000000 
 0.018130 -0.006673 0.266667 0.650000 0.009237 -0.011072 0.100000 0.300000 0.019727 -0.007499 0.466667 1.100000 
 0.016906 -0.007591 0.333333 0.800000 0.009059 -0.011126 0.066667 0.350000 0.016853 -0.008068 0.666667 1.150000 
 0.018317 -0.007313 0.333333 0.900000 0.009659 -0.010934 0.133333 0.550000 0.017865 -0.008246 0.766667 1.150000 
 0.017374 -0.007452 0.300000 0.900000 0.009261 -0.010958 0.166667 0.650000 0.017250 -0.007669 0.666667 1.100000 
 0.014259 -0.010452 0.366667 0.950000 0.007277 -0.011764 0.100000 0.600000 0.015958 -0.008689 0.766667 1.150000 
 0.016315 -0.009162 0.266667 1.000000 0.007658 -0.011804 0.166667 0.550000 0.017159 -0.008435 0.633333 0.900000 
 0.016529 -0.008810 0.266667 0.950000 0.007140 -0.011883 0.066667 0.600000 0.015446 -0.009172 0.600000 0.950000 
 0.018221 -0.008296 0.266667 1.000000 0.008927 -0.011738 0.100000 0.600000 0.018205 -0.008657 0.566667 0.850000 
 0.017800 -0.008975 0.366667 0.850000 0.008805 -0.011662 0.100000 0.650000 0.016582 -0.008920 0.433333 0.900000 
 0.016134 -0.010372 0.433333 0.650000 0.008253 -0.011738 0.166667 0.550000 0.016983 -0.008958 0.566667 0.850000 
 0.016659 -0.010651 0.433333 0.700000 0.009359 -0.011638 0.166667 0.550000 0.018252 -0.008640 0.666667 1.000000 
 0.016369 -0.010415 0.400000 0.700000 0.007782 -0.011771 0.166667 0.350000 0.016559 -0.009010 0.566667 0.900000 
 0.015517 -0.010497 0.266667 0.900000 0.007448 -0.011823 0.133333 0.400000 0.016745 -0.009048 0.566667 0.950000 
 0.017357 -0.009085 0.333333 0.900000 0.007406 -0.011845 0.133333 0.350000 0.016361 -0.009126 0.466667 1.000000 
 0.017019 -0.009164 0.366667 0.850000 0.007059 -0.011801 0.100000 0.450000 0.015430 -0.009505 0.466667 1.150000 
 0.016341 -0.009544 0.400000 0.750000 0.007989 -0.011805 0.033333 0.550000 0.014665 -0.008816 0.466667 1.250000 
 0.018620 -0.009477 0.366667 0.650000 0.008241 -0.011808 0.000000 0.500000 0.016545 -0.008518 0.433333 1.150000 
 0.018098 -0.009363 0.433333 0.700000 0.008532 -0.011907 0.033333 0.550000 0.018071 -0.008300 0.633333 1.150000 
 0.018090 -0.009171 0.300000 0.650000 0.008963 -0.011970 0.033333 0.550000 0.018310 -0.008539 0.433333 1.050000 
 0.020407 -0.007638 0.400000 0.700000 0.008208 -0.011959 0.033333 0.450000 0.017651 -0.009715 0.533333 0.900000 
 0.018038 -0.007840 0.400000 0.800000 0.009133 -0.011897 0.066667 0.600000 0.016700 -0.009649 0.533333 1.050000 
 0.016772 -0.008440 0.266667 0.750000 0.008942 -0.011879 0.033333 0.650000 0.014601 -0.010260 0.566667 0.950000 
 0.016958 -0.008456 0.433333 0.800000 0.008526 -0.011823 0.066667 0.700000 0.015133 -0.010154 0.733333 0.950000 
 0.013539 -0.010096 0.400000 0.800000 0.007979 -0.011770 0.066667 0.600000 0.015577 -0.009761 0.700000 1.000000 
 0.015076 -0.009445 0.433333 0.800000 0.007101 -0.011803 0.100000 0.500000 0.015237 -0.009278 0.566667 0.750000 
 0.017961 -0.009300 0.533333 1.000000 0.008595 -0.011577 0.133333 0.500000 0.017029 -0.008146 0.533333 0.900000 
 0.016503 -0.009431 0.366667 0.850000 0.008069 -0.011640 0.100000 0.500000 0.016230 -0.007894 0.566667 1.050000 
 0.015846 -0.009549 0.266667 0.700000 0.007868 -0.011745 0.066667 0.500000 0.015490 -0.008613 0.400000 1.000000 
 0.012154 -0.010402 0.200000 0.650000 0.008431 -0.011641 0.033333 0.500000 0.016352 -0.008394 0.466667 1.000000 
 0.013061 -0.008146 0.333333 0.600000 0.007189 -0.011815 0.066667 0.600000 0.015477 -0.009327 0.500000 1.050000 
 0.014198 -0.008015 0.266667 0.650000 0.007498 -0.011824 0.100000 0.600000 0.015384 -0.008906 0.266667 1.000000 
 0.015061 -0.007752 0.266667 0.700000 0.007828 -0.011823 0.033333 0.550000 0.016326 -0.008373 0.400000 0.900000 
 0.015599 -0.007884 0.200000 0.700000 0.008021 -0.011920 0.033333 0.500000 0.016163 -0.007398 0.566667 1.050000 
 0.011376 -0.011145 0.166667 0.650000 0.007665 -0.012038 0.000000 0.350000 0.015822 -0.007654 0.433333 1.050000 
 0.012248 -0.010504 0.233333 0.800000 0.007131 -0.012070 0.000000 0.400000 0.015755 -0.008322 0.600000 1.000000 
 0.016626 -0.009256 0.400000 1.000000 0.008146 -0.011649 0.033333 0.550000 0.016090 -0.008655 0.500000 1.050000 
 0.017189 -0.009290 0.466667 0.950000 0.008062 -0.011691 0.033333 0.550000 0.015568 -0.009951 0.700000 1.000000 
 0.017335 -0.009278 0.466667 0.950000 0.008187 -0.011586 0.066667 0.600000 0.015365 -0.009893 0.733333 1.050000 
 0.016244 -0.009131 0.466667 0.900000 0.008778 -0.011455 0.066667 0.650000 0.014983 -0.009625 0.700000 0.900000 
 