88, 475, 491
299, 409, 427
356, 488, 461
288, 400, 435
454, 536, 541
494, 537, 539
478, 529, 570
421, 472, 480
384, 479, 475
347, 459, 431
291, 432, 444
299, 416, 434
411, 498, 514
480, 474, 507
528, 599, 577
451, 512, 505
368, 471, 476
360, 469, 435
357, 492, 462
298, 413, 449
416, 497, 518
436, 478, 512
497, 540, 571
481, 513, 524
392, 460, 493
356, 459, 436
309, 442, 459
369, 471, 456
433, 512, 533
502, 535, 546
487, 530, 573
476, 507, 503
431, 505, 493
284, 391, 427
369, 496, 456
374, 490, 463
471, 552, 556
420, 482, 500
537, 602, 568
456, 501, 496
364, 456, 476
289, 398, 425
302, 440, 449
305, 419, 440
506, 568, 548
505, 537, 534
489, 529, 561
467, 516, 501
428, 520, 499
332, 439, 436
294, 428, 451
307, 419, 443
473, 547, 550
418, 465, 502
526, 573, 562
371, 434, 465
365, 472, 463
352, 463, 431
307, 444, 458
317, 426, 450
427, 507, 527
499, 529, 539
486, 527, 571
476, 507, 503
410, 503, 473
266, 386, 416
326, 460, 454
335, 445, 462
490, 559, 559
479, 517, 535
524, 582, 572
386, 443, 481
418, 502, 485
277, 389, 423
375, 505, 464
346, 448, 455
442, 518, 552
457, 500, 507
477, 538, 558
403, 453, 482
426, 512, 506
330, 437, 436
292, 426, 451
428, 466, 450
501, 561, 548
432, 469, 503
478, 528, 553
381, 448, 459
419, 507, 483
271, 387, 420
303, 444, 457
320, 425, 451
482, 552, 552
501, 540, 540
511, 564, 563
409, 471, 469
343, 461, 462
326, 447, 431
303, 442, 461
332, 435, 462
433, 507, 528
446, 485, 513
485, 530, 561
419, 480, 467
398, 507, 470
280, 400, 413
396, 518, 492
413, 503, 477
491, 552, 559
430, 469, 508
467, 521, 555
386, 445, 482
368, 459, 481
339, 458, 430
326, 454, 467
349, 448, 463
520, 597, 565
507, 536, 549
522, 535, 563
379, 451, 474
364, 462, 480
282, 401, 423
367, 500, 464
419, 505, 483
458, 527, 558
468, 501, 510
471, 530, 548
377, 447, 474
361, 463, 479
334, 448, 421
309, 445, 461
388, 482, 466
422, 499, 528
525, 566, 547
480, 524, 552
423, 485, 472
335, 448, 470
324, 439, 430
313, 444, 464
391, 484, 467
424, 496, 523
442, 479, 512
516, 578, 548
419, 487, 460
330, 444, 469
286, 408, 419
338, 464, 474
409, 497, 478
440, 506, 534
454, 482, 512
471, 524, 553
431, 489, 477
387, 491, 460
312, 428, 420
334, 464, 465
381, 474, 476
516, 590, 568
455, 483, 519
467, 519, 549
373, 444, 473
413, 509, 485
265, 386, 420
380, 498, 475
403, 483, 477
458, 519, 547
510, 537, 547
471, 517, 552
366, 438, 461
343, 455, 468
321, 441, 425
312, 443, 463
396, 484, 468
522, 583, 555
448, 473, 513
475, 520, 542
384, 445, 457
408, 499, 477
265, 384, 412
334, 461, 479
359, 451, 472
503, 520, 556
501, 535, 551
510, 558, 551
360, 436, 453
407, 520, 485
321, 440, 432
372, 499, 479
344, 439, 476
448, 510, 539
458, 483, 513
525, 585, 558
359, 433, 459
382, 502, 460
259, 388, 416
388, 507, 491
369, 458, 476
510, 571, 566
446, 479, 520
515, 578, 554
347, 428, 455
341, 454, 470
344, 465, 433
395, 524, 507
417, 494, 492
463, 525, 553
518, 568, 536
505, 565, 554
341, 422, 456
331, 447, 472
267, 392, 419
333, 463, 480
451, 525, 519
541, 606, 580
467, 499, 508
508, 568, 548
388, 463, 456
361, 479, 464
248, 376, 418
330, 457, 471
412, 494, 482
443, 509, 538
513, 538, 547
447, 508, 525
339, 424, 441
382, 499, 472
313, 437, 428
323, 448, 470
363, 449, 473
511, 571, 568
446, 481, 518
516, 578, 554
393, 482, 451
306, 435, 451
289, 412, 426
356, 472, 488
383, 465, 482
467, 527, 564
513, 550, 550
450, 507, 528
403, 474, 457
319, 443, 459
342, 467, 440
368, 487, 486
390, 466, 485
489, 546, 565
467, 498, 515
459, 516, 543
404, 473, 457
370, 486, 461
257, 382, 426
377, 504, 489
451, 519, 522
474, 532, 571
465, 496, 503
449, 514, 534
395, 471, 453
315, 438, 455
267, 391, 421
393, 506, 491
413, 488, 483
531, 586, 560
484, 514, 531
469, 526, 540
319, 407, 443
367, 487, 458
266, 389, 424
344, 461, 487
379, 458, 481
461, 523, 560
454, 486, 516
467, 528, 529
382, 473, 449
323, 452, 449
335, 457, 437
367, 488, 488
438, 513, 512
463, 519, 567
455, 481, 513
455, 512, 537
348, 430, 453
370, 493, 456
277, 397, 429
380, 483, 501
466, 529, 518
480, 528, 567
506, 489, 510
432, 506, 515
330, 423, 441
323, 446, 467
326, 445, 437
433, 531, 518
412, 475, 495
501, 551, 568
457, 492, 510
432, 501, 510
326, 421, 439
371, 492, 467
266, 391, 426
399, 510, 497
368, 444, 486
542, 595, 573
438, 482, 491
468, 544, 524
312, 407, 443
366, 488, 463
269, 393, 425
413, 519, 523
434, 451, 486
454, 520, 558
497, 532, 520
478, 542, 530
315, 408, 436
328, 455, 448
289, 412, 433
438, 534, 533
395, 456, 489
475, 533, 565
446, 488, 506
489, 555, 543
369, 469, 445
354, 485, 464
297, 415, 443
403, 505, 500
477, 537, 521
484, 534, 573
447, 486, 509
427, 501, 508
374, 470, 445
299, 430, 449
342, 462, 452
437, 531, 543
401, 457, 495
550, 606, 579
438, 487, 492
415, 500, 499
315, 419, 430
365, 491, 464
268, 393, 428
413, 520, 522
476, 534, 533
482, 531, 574
433, 467, 501
422, 495, 498
319, 416, 430
311, 444, 459
290, 406, 438
388, 480, 500
451, 462, 488
517, 589, 572
475, 525, 525
413, 491, 489
382, 482, 435
354, 482, 452
328, 443, 442
364, 471, 497
392, 457, 486
475, 535, 567
491, 524, 536
414, 482, 505
367, 474, 441
296, 435, 448
345, 462, 449
397, 500, 504
457, 517, 522
473, 527, 573
484, 513, 529
459, 520, 531
308, 398, 438
360, 485, 451
347, 472, 441
448, 530, 541
408, 473, 501
548, 608, 574
474, 514, 527
396, 467, 499
308, 403, 432
300, 432, 444
285, 409, 432
469, 548, 537
486, 528, 528
499, 539, 572
491, 528, 512
464, 531, 512
359, 450, 435
292, 424, 441
286, 410, 434
444, 537, 538
403, 460, 498
542, 582, 574
400, 442, 482
385, 473, 476
366, 472, 430
295, 435, 445
296, 412, 437
405, 494, 516
471, 520, 524
481, 524, 571
489, 516, 529
433, 508, 481
281, 388, 420
296, 431, 448
350, 465, 443
399, 487, 512
467, 515, 522
530, 588, 575
416, 455, 496
447, 520, 520
297, 398, 435
360, 485, 448
315, 428, 439
424, 503, 522
446, 496, 495
495, 547, 564
427, 470, 497
451, 521, 520
300, 400, 432
300, 436, 448
392, 458, 440
461, 548, 535
412, 463, 500
492, 538, 570
424, 461, 493
444, 517, 517
302, 400, 431
306, 433, 448
354, 462, 446
449, 526, 541
491, 533, 536
529, 591, 576
440, 494, 489
358, 455, 480
337, 446, 436
284, 427, 450
294, 414, 448
408, 494, 519
425, 473, 506
486, 537, 571
458, 501, 501
423, 515, 499
297, 407, 430
380, 512, 480
377, 485, 458
470, 548, 551
417, 462, 504
478, 534, 568
419, 463, 496
391, 471, 489
354, 463, 437
306, 441, 457
317, 430, 453
501, 576, 554
495, 530, 548
538, 546, 573
413, 465, 493
388, 470, 489
299, 406, 431
357, 485, 453
393, 487, 468
444, 518, 540
457, 498, 503
484, 536, 561
471, 512, 516
379, 462, 491
350, 454, 436
295, 433, 451
356, 463, 449
400, 482, 513
500, 540, 535
490, 533, 565
464, 499, 491
365, 455, 483
339, 444, 435
296, 430, 454
362, 468, 450
410, 494, 521
435, 476, 510
535, 591, 562
442, 503, 475
356, 456, 473
295, 413, 426
319, 452, 457
374, 480, 452
418, 498, 521
438, 480, 503
483, 533, 565
469, 511, 500
407, 503, 471
319, 436, 424
300, 436, 455
346, 451, 456
491, 563, 557
442, 480, 511
479, 533, 563
415, 461, 491
431, 515, 512
293, 397, 432
362, 488, 459
376, 471, 467
423, 497, 523
501, 540, 529
487, 530, 562
405, 452, 478
378, 469, 482
343, 451, 429
300, 436, 451
363, 469, 453
506, 562, 550
432, 465, 501
465, 520, 549
446, 508, 473
413, 507, 485
270, 389, 423
311, 446, 459
323, 429, 456
484, 508, 525
490, 529, 540
526, 583, 560
382, 456, 460
418, 523, 489
270, 395, 422
317, 454, 470
340, 442, 468
437, 512, 548
451, 481, 514
541, 599, 571
409, 457, 487
405, 507, 470
266, 386, 413
375, 502, 472
351, 451, 462
496, 561, 558
431, 472, 504
516, 586, 565
371, 442, 470
363, 464, 475
341, 464, 428
380, 525, 501
393, 486, 483
443, 503, 533
515, 559, 538
524, 589, 569
370, 441, 469
361, 462, 480
282, 400, 419
313, 448, 452
428, 515, 508
523, 599, 576
459, 502, 515
542, 606, 561
427, 491, 478
402, 495, 485
262, 381, 427
313, 444, 460
388, 479, 469
422, 495, 527
525, 548, 550
463, 512, 549
365, 433, 458
409, 511, 471
317, 434, 422
309, 439, 462
342, 441, 467
495, 563, 561
426, 470, 507
516, 584, 560
405, 489, 461
323, 445, 471
264, 388, 416
328, 457, 475
405, 493, 480
433, 505, 531
502, 530, 541
463, 512, 551
425, 483, 467
345, 448, 465
333, 458, 426
343, 474, 472
362, 454, 471
472, 538, 559
471, 502, 522
476, 529, 553
429, 491, 478
346, 451, 471
274, 395, 419
345, 498, 466
428, 510, 490
447, 514, 559
462, 499, 514
466, 524, 542
420, 481, 459
328, 439, 470
263, 387, 414
375, 502, 471
389, 480, 466
516, 579, 552
499, 524, 541
498, 550, 555
358, 437, 456
399, 503, 480
258, 379, 427
330, 456, 466
356, 448, 464
449, 514, 553
456, 482, 516
500, 550, 548
406, 479, 459
323, 439, 466
318, 439, 428
343, 469, 476
414, 500, 477
444, 511, 538
456, 483, 514
471, 521, 550
374, 444, 471
396, 499, 465
267, 385, 415
340, 459, 482
439, 518, 510
460, 518, 567
514, 503, 525
461, 524, 549
360, 436, 457
348, 457, 470
329, 447, 431
400, 509, 480
383, 469, 482
483, 542, 566
524, 565, 555
457, 516, 552
356, 431, 458
396, 496, 472
259, 381, 426
384, 496, 472
348, 438, 471
531, 592, 567
453, 489, 502
499, 562, 545
330, 416, 445
381, 498, 474
257, 381, 428
387, 503, 491
403, 484, 479
438, 504, 531
515, 553, 533
516, 582, 552
334, 423, 445
345, 467, 453
279, 406, 421
403, 513, 514
369, 449, 481
459, 519, 562
458, 485, 519
519, 580, 554
393, 476, 453
360, 482, 458
279, 402, 421
352, 465, 484
431, 506, 490
449, 506, 537
448, 472, 505
448, 505, 517
399, 472, 448
317, 438, 455
325, 448, 431
397, 512, 516
374, 451, 487
515, 583, 569
446, 489, 501
444, 514, 536
342, 431, 449
381, 500, 472
256, 380, 423
389, 504, 490
452, 520, 521
471, 529, 568
454, 491, 501
460, 520, 535
348, 430, 450
329, 447, 471
277, 402, 427
348, 469, 489
430, 462, 483
504, 566, 568
504, 531, 531
443, 502, 512
412, 486, 447
374, 490, 469
271, 390, 422
346, 465, 484
380, 460, 482
464, 520, 558
508, 532, 544
444, 504, 523
385, 475, 450
306, 436, 452
326, 450, 431
361, 483, 478
436, 508, 487
452, 509, 539
498, 522, 534
439, 499, 517
339, 423, 442
369, 490, 456
333, 465, 440
419, 522, 531
405, 470, 492
549, 610, 572
501, 536, 540
435, 500, 516
334, 422, 441
323, 446, 468
273, 397, 427
439, 536, 523
466, 523, 525
497, 538, 573
514, 559, 532
483, 548, 537
376, 458, 448
300, 431, 452
272, 394, 424
399, 509, 495
370, 448, 477
540, 578, 573
431, 461, 500
431, 498, 497
380, 466, 442
356, 479, 456
266, 389, 426
358, 473, 498
439, 508, 495
456, 510, 542
500, 523, 538
468, 530, 514
311, 402, 431
308, 434, 447
288, 402, 431
439, 531, 532
446, 506, 501
514, 575, 574
431, 467, 507
485, 547, 540
323, 409, 446
363, 487, 454
303, 418, 438
397, 491, 511
423, 486, 490
489, 544, 563
445, 489, 506
476, 549, 537
320, 409, 444
316, 440, 458
384, 450, 435
443, 537, 524
401, 458, 493
497, 543, 573
448, 479, 507
475, 546, 532
316, 409, 443
310, 439, 460
336, 450, 437
408, 512, 513
474, 530, 528
535, 599, 583
472, 507, 508
390, 464, 490
357, 455, 437
292, 426, 445
279, 404, 429
384, 476, 504
399, 464, 486
476, 537, 566
484, 521, 537
467, 534, 521
308, 401, 434
377, 504, 458
308, 421, 440
454, 539, 539
407, 461, 499
480, 529, 564
441, 480, 499
420, 493, 501
366, 470, 442
295, 435, 448
308, 427, 439
470, 565, 537
412, 471, 501
536, 555, 571
426, 479, 506
409, 485, 502
315, 414, 439
364, 488, 463
366, 480, 449
407, 509, 510
430, 495, 495
543, 614, 577
469, 516, 526
395, 469, 501
361, 453, 439
296, 428, 446
337, 453, 438
367, 475, 501
481, 534, 533
498, 541, 577
484, 513, 527
397, 468, 498
361, 451, 435
294, 426, 447
346, 458, 440
381, 484, 504
396, 463, 492
544, 595, 569
471, 519, 509
380, 469, 493
297, 403, 430
302, 437, 450
352, 459, 445
395, 484, 509
405, 467, 492
480, 534, 566
487, 520, 531
432, 507, 481
331, 436, 430
305, 440, 444
321, 437, 447
475, 555, 550
419, 467, 502
485, 534, 571
431, 471, 503
457, 526, 526
305, 398, 437
344, 473, 450
343, 455, 445
407, 503, 507
487, 538, 527
501, 543, 575
436, 476, 499
401, 476, 491
360, 455, 438
294, 429, 448
345, 458, 444
471, 545, 538
415, 464, 498
492, 537, 565
432, 478, 488
392, 472, 485
303, 409, 429
306, 438, 456
301, 417, 438
462, 497, 514
461, 517, 524
540, 595, 573
417, 467, 481
438, 532, 500
287, 403, 430
356, 486, 464
293, 407, 445
411, 495, 519
428, 474, 507
540, 603, 579
418, 462, 499
425, 510, 479
279, 393, 424
355, 485, 455
312, 425, 444
476, 552, 550
419, 466, 503
538, 599, 576
465, 508, 503
380, 465, 489
349, 466, 437
363, 512, 484
357, 471, 460
411, 511, 517
491, 541, 530
533, 595, 578
395, 451, 480
375, 470, 485
296, 404, 429
305, 440, 457
398, 495, 468
496, 565, 547
442, 487, 502
552, 606, 572
464, 502, 497
420, 498, 488
276, 384, 419
296, 432, 443
355, 462, 446
400, 481, 510
501, 527, 543
477, 521, 564
394, 447, 478
427, 510, 490
278, 391, 424
302, 442, 451
309, 423, 444
473, 549, 551
417, 462, 504
530, 595, 574
442, 504, 476
355, 456, 472
276, 397, 421
310, 449, 453
313, 428, 447
429, 510, 526
498, 530, 539
485, 527, 572
476, 506, 501
377, 460, 482
347, 463, 433
328, 458, 459
335, 443, 458
452, 525, 549
456, 487, 518
493, 537, 565
473, 510, 501
369, 458, 483
292, 397, 426
326, 488, 453
402, 494, 475
431, 505, 530
453, 494, 506
478, 536, 554
456, 501, 491
363, 455, 479
285, 399, 424
362, 494, 463
353, 460, 453
500, 556, 547
483, 514, 529
512, 570, 565
385, 446, 472
419, 508, 487
272, 385, 419
309, 444, 455
316, 425, 448
428, 507, 527
445, 483, 510
515, 579, 559
432, 494, 470
356, 468, 461
351, 468, 427
332, 465, 464
393, 489, 465
425, 499, 523
442, 479, 512
485, 533, 563
416, 456, 485
408, 505, 468
266, 386, 413
321, 450, 459
412, 501, 471
487, 555, 558
480, 467, 506
454, 521, 557
385, 447, 484
365, 465, 483
336, 445, 434
377, 503, 467
354, 451, 463
463, 539, 558
463, 496, 520
534, 597, 565
373, 445, 469
414, 509, 488
267, 389, 423
359, 491, 463
309, 419, 446
518, 584, 552
457, 493, 506
519, 589, 558
359, 439, 464
400, 497, 477
263, 382, 427
365, 495, 469
376, 427, 462
419, 502, 528
525, 571, 546
530, 594, 561
357, 436, 459
353, 472, 463
277, 405, 420
378, 508, 481
336, 435, 466
437, 510, 534
453, 485, 513
535, 595, 564
417, 493, 464
381, 495, 477
275, 398, 424
330, 456, 467
408, 490, 477
439, 506, 534
452, 481, 512
473, 526, 556
432, 485, 473
350, 454, 473
320, 439, 432
369, 497, 476
362, 455, 472
524, 603, 571
463, 505, 513
473, 530, 554
377, 447, 475
413, 511, 486
269, 391, 423
367, 498, 468
428, 512, 506
450, 514, 563
464, 495, 514
486, 534, 549
429, 487, 472
344, 447, 474
273, 391, 418
326, 456, 468
400, 440, 464
483, 558, 562
508, 541, 543
469, 521, 551
433, 498, 463
347, 455, 472
324, 442, 429
321, 446, 473
356, 444, 471
451, 514, 554
513, 548, 550
469, 520, 559
422, 490, 466
331, 446, 472
320, 436, 429
339, 467, 469
414, 500, 480
440, 508, 534
505, 531, 544
512, 570, 567
358, 431, 464
387, 496, 459
320, 449, 424
377, 508, 489
351, 463, 479
505, 573, 570
494, 526, 548
450, 503, 530
356, 429, 453
347, 455, 471
275, 396, 421
405, 517, 503
438, 512, 510
460, 516, 564
512, 545, 546
508, 557, 558
398, 467, 461
320, 432, 454
260, 384, 410
379, 504, 471
344, 437, 472
527, 576, 565
449, 470, 514
470, 519, 542
412, 477, 458
380, 489, 466
256, 377, 424
331, 456, 469
411, 494, 480
436, 504, 528
500, 529, 540
501, 551, 534
331, 413, 445
328, 445, 471
273, 396, 427
399, 510, 495
361, 442, 483
508, 565, 570
448, 472, 516
516, 575, 559
352, 422, 455
379, 496, 455
284, 405, 424
352, 468, 486
399, 477, 490
476, 541, 568
461, 500, 520
516, 585, 555
349, 433, 456
333, 454, 468
363, 444, 430
403, 513, 499
372, 451, 484
476, 535, 566
463, 498, 516
513, 580, 552
341, 426, 453
330, 449, 465
321, 443, 427
376, 500, 478
449, 520, 518
521, 591, 578
493, 525, 544
453, 507, 525
416, 481, 449
323, 441, 466
271, 395, 424
344, 462, 487
370, 454, 477
459, 520, 559
501, 526, 551
504, 549, 551
333, 413, 450
372, 489, 469
282, 405, 435
403, 513, 515
378, 452, 486
463, 521, 558
458, 486, 517
462, 516, 543
395, 482, 448
310, 440, 458
295, 420, 425
431, 543, 514
391, 457, 485
471, 533, 564
457, 491, 514
456, 514, 541
348, 427, 451
383, 499, 473
347, 465, 445
380, 493, 492
411, 487, 487
532, 608, 570
493, 529, 539
435, 496, 512
383, 469, 447
312, 434, 453
317, 439, 426
328, 450, 467
457, 524, 519
490, 538, 570
506, 536, 537
428, 493, 516
385, 460, 446
304, 423, 448
323, 442, 432
326, 499, 479
369, 445, 480
537, 593, 569
487, 526, 521
412, 479, 505
336, 428, 439
321, 446, 467
336, 450, 435
346, 462, 483
379, 460, 482
463, 524, 560
502, 531, 543
472, 532, 517
370, 451, 438
316, 444, 448
305, 422, 429
442, 536, 529
393, 453, 489
472, 529, 562
450, 483, 507
493, 557, 543
327, 414, 447
345, 473, 451
324, 439, 440
357, 467, 492
441, 507, 493
531, 597, 573
435, 470, 507
422, 496, 500
372, 465, 443
298, 433, 447
325, 447, 437
438, 538, 525
396, 459, 492
477, 537, 566
441, 488, 490
416, 493, 501
372, 464, 439
300, 428, 447
277, 399, 427
410, 471, 493
427, 506, 494
533, 588, 562
425, 472, 482
474, 545, 518
313, 408, 436
362, 485, 463
275, 395, 430
369, 476, 499
391, 461, 488
526, 598, 574
434, 475, 511
457, 529, 508
299, 400, 429
351, 482, 452
296, 414, 440
444, 533, 538
401, 456, 492
530, 595, 573
484, 517, 533
415, 479, 512
371, 469, 443
355, 500, 456
336, 454, 444
388, 493, 500
450, 512, 515
525, 588, 576
422, 463, 502
410, 482, 499
317, 415, 438
314, 443, 461
374, 487, 456
461, 559, 539
427, 485, 500
546, 609, 576
475, 514, 528
450, 517, 530
305, 394, 437
307, 432, 447
342, 456, 435
367, 475, 501
476, 517, 528
481, 523, 571
435, 479, 491
453, 529, 521
303, 399, 438
305, 432, 447
296, 409, 438
448, 529, 536
402, 458, 495
535, 598, 577
476, 523, 520
391, 470, 497
303, 408, 431
306, 438, 458
299, 415, 442
406, 495, 516
474, 521, 534
486, 528, 570
493, 525, 532
413, 479, 508
365, 471, 443
316, 454, 452
308, 423, 443
418, 511, 510
423, 480, 500
483, 540, 570
483, 519, 528
401, 469, 501
310, 406, 432
312, 485, 454
369, 479, 461
411, 496, 516
441, 490, 499
493, 547, 565
484, 515, 524
394, 466, 494
306, 403, 431
359, 483, 451
336, 447, 445
459, 544, 531
463, 512, 522
526, 587, 575
412, 468, 482
443, 537, 508
291, 401, 430
299, 436, 448
295, 415, 441
404, 491, 515
422, 473, 507
529, 591, 577
464, 514, 512
378, 464, 485
348, 453, 432
310, 447, 457
358, 470, 448
398, 488, 512
416, 463, 494
485, 535, 570
432, 466, 499
426, 512, 495
280, 388, 422
317, 456, 448
376, 489, 448
464, 543, 550
468, 462, 503
467, 531, 564
417, 460, 492
394, 472, 488
353, 447, 437
363, 488, 452
316, 427, 444
445, 529, 546
506, 539, 549
492, 531, 577
426, 464, 493
446, 521, 519
305, 400, 430
359, 482, 452
289, 401, 438
493, 558, 546
443, 485, 503
537, 603, 573
407, 460, 493
434, 517, 516
293, 397, 432
357, 487, 458
348, 458, 449
396, 483, 512
495, 542, 536
540, 598, 574
406, 455, 487
378, 483, 470
291, 407, 424
360, 491, 467
298, 412, 447
417, 497, 518
440, 479, 512
550, 605, 580
452, 506, 484
415, 506, 490
289, 402, 422
329, 462, 459
376, 480, 453
418, 498, 519
437, 480, 504
486, 536, 563
475, 512, 519
386, 460, 490
332, 443, 439
356, 483, 463
313, 419, 453
476, 551, 558
439, 485, 504
478, 538, 563
412, 462, 489
435, 516, 513
294, 397, 431
357, 488, 456
403, 494, 477
430, 505, 532
455, 497, 504
495, 544, 555
467, 507, 493
369, 458, 481
289, 398, 427
309, 444, 454
367, 429, 447
463, 554, 552
495, 540, 540
482, 527, 563
455, 507, 473
367, 465, 480
283, 400, 418
311, 451, 462
316, 427, 450
426, 507, 527
499, 530, 542
487, 528, 570
446, 506, 479
356, 456, 473
331, 445, 431
325, 456, 458
390, 484, 462
425, 498, 525
498, 524, 539
479, 525, 568
417, 456, 487
411, 508, 472
324, 453, 425
356, 492, 464
324, 443, 464
482, 558, 562
477, 519, 538
463, 515, 559
398, 451, 481
373, 466, 482
285, 404, 423
387, 503, 471
410, 495, 475
456, 521, 544
516, 567, 538
526, 594, 567
426, 490, 475
350, 454, 473
278, 399, 423
364, 497, 464
306, 419, 447
514, 567, 566
442, 474, 509
464, 519, 551
444, 502, 471
407, 503, 478
268, 385, 419
313, 448, 455
384, 474, 463
423, 495, 525
497, 523, 539
525, 579, 557
358, 430, 459
355, 471, 462
277, 401, 415
326, 459, 473
343, 447, 471
497, 563, 564
442, 477, 521
535, 591, 569
382, 448, 468
395, 497, 460
279, 399, 418
331, 456, 465
369, 465, 465
456, 523, 555
458, 487, 518
535, 593, 562
425, 485, 471
348, 448, 468
350, 442, 431
382, 508, 471
348, 441, 470
467, 534, 563
467, 494, 524
530, 591, 564
366, 439, 464
352, 454, 473
276, 394, 419
371, 499, 465
424, 507, 487
500, 559, 570
495, 521, 537
466, 512, 545
435, 494, 462
340, 448, 463
269, 392, 415
327, 456, 469
348, 446, 469
443, 515, 554
517, 553, 559
527, 586, 565
351, 433, 458
402, 515, 486
335, 456, 425
377, 503, 476
341, 441, 468
442, 515, 555
451, 484, 516
475, 526, 556
421, 491, 467
330, 446, 473
285, 411, 424
410, 530, 500
360, 452, 477
453, 519, 556
458, 486, 518
474, 525, 553
379, 447, 476
414, 504, 482
334, 456, 428
349, 478, 477
389, 476, 476
518, 595, 570
505, 533, 551
454, 508, 532
411, 476, 459
325, 438, 459
315, 436, 423
305, 440, 457
438, 521, 515
478, 536, 566
524, 563, 554
455, 517, 554
408, 474, 461
319, 438, 460
315, 437, 427
368, 491, 473
339, 435, 467
527, 591, 566
510, 542, 538
449, 505, 524
365, 443, 450
339, 457, 467
322, 443, 428
324, 450, 466
355, 448, 467
449, 515, 553
509, 534, 552
506, 552, 536
384, 450, 446
329, 449, 449
289, 411, 420
420, 535, 507
372, 456, 479
463, 523, 559
461, 490, 521
523, 584, 555
353, 428, 455
361, 477, 460
310, 431, 431
345, 470, 476
448, 520, 508
478, 539, 568
466, 500, 523
465, 519, 544
411, 479, 462
327, 442, 470
318, 438, 426
400, 510, 483
368, 445, 481
478, 540, 563
464, 498, 503
448, 511, 518
399, 474, 453
314, 438, 456
261, 389, 417
382, 466, 480
401, 496, 479
525, 589, 560
445, 491, 502
509, 572, 544
384, 456, 449
308, 428, 451
265, 391, 419
338, 459, 479
371, 457, 477
515, 583, 566
450, 477, 519
497, 548, 536
328, 407, 445
368, 482, 456
283, 402, 424
400, 506, 494
366, 446, 484
509, 567, 570
495, 522, 544
444, 498, 522
392, 477, 450
365, 502, 461
315, 443, 434
355, 478, 483
436, 509, 491
504, 557, 570
434, 464, 497
437, 504, 512
336, 423, 442
324, 446, 468
353, 470, 446
435, 544, 519
409, 477, 490
551, 613, 575
504, 535, 542
496, 546, 548
326, 412, 447
324, 441, 467
325, 443, 435
330, 456, 471
454, 510, 500
463, 516, 563
439, 471, 507
482, 547, 534
321, 407, 444
317, 441, 460
275, 398, 427
403, 512, 513
378, 452, 486
517, 583, 569
503, 536, 529
420, 489, 505
340, 436, 439
373, 498, 466
323, 442, 439
348, 466, 493
434, 504, 490
453, 510, 540
501, 527, 539
442, 500, 521
384, 470, 446
322, 451, 447
295, 413, 432
389, 500, 491
398, 471, 489
476, 538, 567
503, 539, 542
438, 502, 519
335, 422, 442
316, 495, 473
353, 465, 443
382, 485, 506
396, 463, 496
493, 544, 563
506, 538, 538
426, 493, 512
331, 417, 438
369, 488, 465
316, 436, 430
435, 532, 519
449, 501, 499
513, 573, 574
426, 473, 494
481, 548, 527
320, 407, 441
315, 440, 458
282, 402, 430
367, 478, 498
390, 461, 489
536, 596, 580
477, 524, 519
402, 474, 499
380, 476, 439
321, 451, 451
342, 461, 437
375, 481, 498
392, 458, 484
471, 535, 566
449, 486, 510
463, 538, 514
307, 402, 431
306, 436, 447
365, 477, 443
445, 537, 538
452, 458, 495
467, 522, 566
438, 474, 508
421, 497, 505
372, 467, 445
350, 486, 447
302, 421, 440
410, 515, 524
484, 526, 539
544, 595, 585
424, 460, 499
436, 512, 508
303, 405, 439
400, 501, 489
332, 427, 464
471, 544, 527
389, 458, 472
469, 541, 538
353, 428, 466
440, 519, 526
347, 425, 464
441, 521, 527
406, 429, 468
395, 484, 504
427, 506, 477
460, 546, 527
355, 436, 466
399, 495, 491
349, 446, 462
442, 531, 528
349, 433, 467
400, 478, 504
361, 441, 464
457, 536, 532
424, 498, 475
444, 526, 533
366, 447, 469
400, 482, 500
431, 504, 469
403, 482, 500
359, 442, 465
404, 486, 503
411, 484, 467
378, 472, 491
389, 476, 467
426, 516, 525
346, 429, 470
472, 547, 527
385, 453, 471
417, 490, 507
360, 437, 459
442, 526, 524
344, 425, 460
440, 524, 527
425, 500, 479
404, 481, 505
384, 455, 468
483, 558, 539
366, 444, 468
387, 475, 495
343, 434, 458
389, 480, 492
408, 440, 460
455, 541, 541
432, 503, 482
413, 503, 499
425, 507, 463
384, 471, 499
395, 475, 464
374, 470, 493
350, 439, 466
404, 487, 506
416, 485, 472
395, 476, 504
419, 501, 474
386, 474, 500
397, 477, 467
384, 479, 490
403, 482, 464
388, 473, 502
408, 482, 469
392, 474, 503
352, 433, 460
444, 528, 513
400, 483, 465
433, 519, 527
368, 446, 471
465, 536, 536
416, 477, 480
395, 472, 503
352, 432, 455
391, 475, 497
349, 435, 461
447, 532, 519
424, 493, 472
404, 493, 498
432, 505, 472
455, 542, 525
406, 481, 470
384, 465, 494
347, 432, 458
442, 530, 526
351, 433, 466
466, 519, 533
366, 430, 471
408, 478, 505
431, 501, 471
444, 522, 527
346, 426, 464
391, 477, 499
408, 483, 468
392, 471, 505
411, 484, 468
446, 528, 517
347, 430, 460
390, 476, 499
402, 478, 470
433, 515, 526
398, 469, 473
441, 517, 531
353, 426, 467
456, 525, 534
354, 428, 465
442, 524, 516
361, 444, 462
400, 481, 497
374, 459, 462
413, 497, 504
365, 450, 464
455, 534, 533
353, 430, 469
387, 471, 498
426, 477, 466
439, 528, 515
356, 432, 464
409, 501, 500
364, 449, 458
454, 534, 531
347, 431, 466
387, 475, 495
397, 477, 466
428, 514, 524
432, 499, 482
459, 531, 536
419, 478, 483
391, 479, 492
394, 475, 461
368, 465, 490
334, 428, 454
387, 478, 500
355, 439, 464
406, 486, 505
414, 491, 478
446, 536, 519
336, 421, 458
439, 525, 529
359, 444, 470
454, 533, 533
361, 435, 472
410, 487, 507
369, 445, 469
406, 487, 504
413, 495, 466
379, 479, 500
357, 451, 457
457, 550, 525
364, 444, 471
410, 488, 503
368, 445, 467
404, 483, 499
352, 434, 457
437, 525, 523
407, 491, 471
392, 486, 489
376, 461, 468
412, 497, 507
367, 450, 464
400, 479, 502
402, 479, 466
378, 472, 493
393, 473, 462
380, 472, 495
428, 508, 477
408, 498, 496
414, 492, 468
385, 471, 500
395, 473, 463
375, 469, 495
392, 468, 459
379, 472, 494
352, 434, 459
455, 533, 517
429, 499, 474
394, 475, 502
350, 437, 463
392, 475, 497
399, 478, 468
381, 475, 501
356, 441, 465
403, 485, 506
415, 490, 471
444, 526, 518
395, 465, 460
379, 484, 484
335, 435, 454
443, 535, 531
356, 435, 472
404, 485, 507
362, 443, 466
455, 534, 533
348, 428, 461
439, 515, 524
392, 458, 465
388, 480, 485
429, 505, 469
406, 498, 492
361, 447, 467
398, 488, 498
403, 482, 463
378, 474, 495
393, 475, 461
443, 528, 515
353, 434, 467
402, 484, 503
381, 463, 469
463, 542, 537
406, 475, 473
382, 474, 499
346, 433, 460
444, 482, 498
400, 483, 467
444, 533, 523
372, 452, 465
475, 555, 529
357, 438, 468
393, 479, 501
348, 436, 457
395, 482, 496
357, 443, 464
453, 534, 534
361, 437, 474
452, 529, 518
349, 431, 463
446, 528, 525
345, 429, 464
445, 529, 530
357, 434, 470
458, 533, 536
415, 480, 475
393, 471, 502
418, 498, 471
431, 540, 520
388, 473, 470
392, 469, 502
413, 484, 470
445, 526, 532
357, 433, 468
399, 482, 501
352, 432, 453
392, 474, 498
416, 496, 468
449, 535, 521
356, 435, 466
459, 545, 522
432, 499, 476
447, 528, 532
348, 430, 470
393, 476, 498
400, 476, 463
384, 464, 493
422, 485, 470
397, 477, 505
360, 437, 468
456, 540, 523
351, 436, 465
392, 476, 499
350, 437, 464
448, 527, 533
357, 435, 470
458, 532, 534
427, 499, 475
394, 475, 500
366, 455, 461
398, 488, 497
349, 441, 460
395, 484, 499
411, 486, 470
390, 476, 503
412, 485, 470
387, 472, 499
416, 495, 472
388, 485, 487
343, 438, 457
400, 497, 489
360, 444, 463
404, 486, 503
413, 488, 469
387, 471, 499
349, 436, 460
406, 526, 530
414, 495, 477
393, 479, 505
359, 441, 473
410, 501, 497
414, 493, 471
386, 473, 501
349, 436, 460
392, 477, 501
398, 478, 466
445, 533, 520
404, 475, 475
443, 522, 532
354, 428, 468
450, 522, 531
350, 427, 465
391, 473, 500
346, 432, 456
395, 481, 499
356, 437, 462
453, 521, 531
424, 487, 474
390, 470, 499
419, 492, 465
390, 487, 490
398, 484, 459
381, 478, 500
352, 438, 468
399, 486, 505
361, 444, 466
448, 525, 517
347, 428, 462
389, 474, 501
421, 497, 467
446, 526, 532
408, 431, 473
395, 482, 505
358, 440, 463
399, 485, 500
404, 481, 464
435, 524, 514
362, 448, 458
409, 503, 497
415, 494, 471
446, 531, 533
354, 431, 470
449, 526, 532
348, 426, 464
443, 524, 529
344, 424, 462
453, 531, 522
377, 453, 468
465, 539, 537
363, 437, 477
452, 525, 532
349, 429, 467
446, 526, 531
350, 477, 475
398, 471, 504
429, 504, 474
459, 544, 522
355, 433, 465
397, 494, 490
351, 446, 462
442, 532, 527
348, 432, 464
395, 479, 505
360, 439, 467
457, 533, 533
426, 499, 477
446, 528, 527
366, 447, 468
399, 483, 499
406, 486, 465
389, 476, 501
357, 441, 465
405, 488, 502
411, 486, 469
387, 471, 500
398, 480, 467
427, 516, 524
340, 423, 465
451, 540, 525
375, 457, 468
411, 495, 509
363, 445, 465
453, 528, 527
352, 427, 464
445, 526, 532
420, 495, 477
395, 478, 508
379, 462, 470
432, 509, 509
370, 451, 463
403, 486, 503
358, 441, 463
395, 480, 495
405, 438, 460
439, 532, 528
424, 502, 482
403, 497, 494
428, 510, 468
391, 478, 502
350, 439, 461
391, 480, 495
349, 439, 459
398, 484, 499
411, 486, 470
392, 474, 502
424, 498, 473
389, 473, 499
401, 476, 466
380, 473, 496
397, 477, 467
385, 467, 497
405, 482, 468
388, 471, 503
352, 433, 462
449, 526, 521
403, 488, 466
432, 516, 522
360, 442, 464
456, 530, 533
411, 475, 472
392, 468, 500
351, 439, 465
393, 480, 495
350, 441, 459
443, 529, 515
421, 495, 472
399, 494, 495
429, 512, 488
467, 550, 529
412, 482, 472
386, 468, 497
349, 436, 459
442, 526, 529
349, 431, 467
464, 517, 530
363, 430, 470
408, 482, 503
435, 504, 470
449, 524, 527
347, 427, 462
392, 471, 500
404, 476, 467
387, 469, 498
405, 480, 461
450, 527, 522
351, 431, 463
397, 479, 504
352, 433, 461
444, 528, 525
401, 470, 471
440, 516, 528
350, 429, 469
455, 529, 532
357, 433, 467
449, 527, 518
367, 448, 460
399, 487, 499
374, 460, 462
411, 497, 503
363, 448, 462
460, 537, 536
410, 479, 477
388, 467, 500
431, 476, 467
440, 525, 519
348, 430, 463
404, 495, 498
360, 444, 462
459, 537, 534
358, 435, 469
398, 483, 501
405, 482, 463
434, 517, 525
417, 493, 475
447, 532, 535
408, 474, 476
397, 488, 491
405, 487, 466
383, 478, 502
347, 438, 463
391, 478, 501
352, 436, 460
397, 483, 500
409, 487, 479
450, 538, 526
372, 452, 465
456, 534, 534
371, 450, 469
454, 532, 528
351, 434, 467
402, 482, 502
360, 439, 467
406, 487, 504
426, 504, 470
391, 478, 504
365, 456, 461
469, 554, 529
360, 439, 468
403, 484, 501
361, 443, 465
405, 487, 502
359, 441, 465
448, 525, 531
416, 491, 473
391, 486, 488
370, 460, 460
405, 493, 504
361, 443, 465
403, 484, 501
409, 481, 463
386, 470, 497
401, 476, 466
380, 473, 498
419, 500, 471
398, 496, 489
406, 488, 463
390, 477, 506
405, 481, 464
380, 475, 498
398, 479, 469
428, 470, 499
337, 432, 459
448, 528, 512
422, 493, 474
397, 479, 506
356, 437, 462
395, 481, 497
401, 479, 468
377, 474, 500
348, 437, 464
397, 486, 506
409, 486, 472
447, 532, 521
400, 470, 470
387, 480, 481
364, 457, 456
448, 530, 528
351, 433, 466
400, 478, 506
359, 439, 464
457, 535, 535
356, 429, 470
445, 518, 530
400, 463, 472
386, 478, 491
423, 501, 470
403, 495, 495
361, 447, 467
404, 486, 502
411, 485, 470
384, 465, 495
399, 477, 469
437, 528, 513
349, 434, 464
403, 496, 490
382, 469, 462
463, 547, 534
411, 479, 476
385, 465, 496
343, 431, 459
443, 484, 496
392, 478, 467
445, 533, 522
373, 455, 467
479, 558, 534
417, 483, 471
439, 521, 528
343, 423, 462
389, 473, 498
353, 435, 462
453, 530, 531
358, 435, 469
456, 531, 521
352, 426, 461
447, 526, 530
349, 428, 463
447, 526, 531
353, 430, 468
452, 524, 528
356, 429, 469
403, 480, 498
421, 499, 470
432, 537, 519
387, 468, 466
390, 466, 495
407, 480, 463
443, 522, 527
354, 429, 467
400, 476, 501
356, 435, 459
394, 479, 500
416, 493, 471
445, 538, 522
369, 453, 466
461, 541, 535
431, 503, 479
451, 525, 532
350, 428, 465
394, 476, 500
401, 475, 463
380, 472, 493
418, 485, 473
392, 470, 504
358, 438, 467
453, 530, 530
349, 432, 462
394, 477, 501
350, 439, 460
446, 531, 529
353, 431, 469
455, 529, 532
428, 500, 477
399, 480, 497
352, 434, 458
446, 531, 527
402, 473, 470
383, 475, 501
405, 484, 466
385, 471, 501
406, 484, 467
384, 466, 497
415, 499, 469
389, 488, 485
342, 438, 456
393, 495, 491
353, 443, 462
398, 487, 501
412, 486, 469
439, 522, 527
344, 424, 459
407, 518, 527
414, 494, 472
388, 473, 501
353, 434, 466
402, 495, 493
412, 489, 467
387, 472, 498
346, 434, 459
390, 477, 501
400, 475, 463
442, 527, 517
405, 478, 473
441, 521, 531
352, 426, 465
450, 524, 528
348, 428, 464
392, 473, 499
347, 434, 459
394, 477, 503
359, 440, 462
450, 519, 532
428, 491, 474
402, 488, 488
421, 500, 463
393, 490, 491
396, 480, 455
379, 475, 498
352, 436, 462
397, 483, 499
360, 439, 466
449, 527, 517
349, 429, 463
398, 492, 490
420, 500, 463
445, 531, 529
404, 429, 468
391, 482, 502
355, 440, 464
397, 484, 499
403, 479, 465
437, 526, 518
360, 442, 463
407, 501, 492
360, 446, 463
455, 536, 532
359, 435, 469
452, 527, 533
352, 424, 463
446, 524, 528
344, 424, 458
448, 526, 519
372, 450, 462
461, 539, 535
360, 434, 472
452, 525, 532
348, 426, 466
443, 523, 527
394, 466, 467
379, 470, 498
422, 503, 476
453, 543, 525
355, 437, 467
401, 493, 491
370, 458, 459
450, 534, 531
346, 431, 467
391, 479, 502
358, 443, 468
456, 531, 532
425, 499, 477
447, 526, 533
368, 444, 466
401, 481, 497
422, 497, 466
392, 476, 500
356, 440, 462
403, 484, 500
414, 489, 472
388, 471, 502
396, 477, 470
426, 514, 523
338, 422, 460
445, 530, 527
372, 449, 466
408, 487, 507
362, 443, 463
453, 530, 529
350, 431, 467
444, 524, 527
415, 495, 474
389, 476, 498
371, 456, 460
411, 504, 491
361, 446, 463
400, 482, 499
350, 440, 458
393, 478, 500
399, 432, 457
435, 527, 531
420, 499, 477
401, 494, 498
429, 510, 470
394, 480, 495
402, 480, 459
378, 472, 491
343, 434, 458
391, 477, 504
412, 486, 472
399, 482, 506
429, 508, 477
392, 475, 503
365, 462, 448
319, 455, 454
326, 451, 431
339, 462, 486
424, 497, 487
504, 555, 568
443, 471, 509
485, 543, 526
385, 470, 452
359, 483, 456
266, 405, 430
400, 515, 519
431, 498, 499
453, 508, 540
452, 476, 511
451, 510, 522
350, 433, 449
373, 497, 453
346, 461, 440
373, 490, 488
444, 516, 514
537, 598, 578
498, 526, 545
444, 501, 524
339, 423, 445
381, 496, 468
256, 380, 425
428, 512, 517
388, 444, 489
492, 536, 563
509, 539, 540
491, 547, 543
326, 411, 449
317, 442, 463
327, 446, 437
333, 459, 475
423, 501, 485
534, 592, 568
432, 465, 500
432, 497, 501
326, 419, 437
369, 490, 465
264, 387, 424
399, 509, 498
370, 449, 479
513, 580, 567
443, 476, 515
480, 536, 516
338, 425, 440
323, 447, 467
309, 424, 433
388, 483, 500
397, 463, 488
528, 596, 571
493, 526, 543
439, 500, 520
393, 468, 449
373, 494, 459
328, 427, 458
420, 509, 514
390, 458, 472
472, 540, 538
352, 425, 461
386, 467, 490
395, 474, 461
426, 511, 502
412, 493, 474
445, 528, 531
404, 472, 470
396, 483, 491
405, 484, 463
379, 476, 497
343, 433, 458
384, 468, 494
345, 433, 456
389, 476, 499
404, 483, 474
446, 537, 523
350, 435, 466
450, 537, 519
363, 449, 462
450, 531, 527
351, 432, 464
398, 483, 501
359, 441, 464
402, 485, 503
426, 502, 476
390, 477, 505
368, 451, 459
456, 544, 514
348, 434, 463
397, 482, 501
358, 441, 464
402, 484, 501
360, 439, 465
448, 524, 530
417, 492, 473
390, 486, 486
370, 459, 460
405, 494, 505
361, 446, 470
407, 489, 506
411, 485, 470
386, 471, 500
399, 477, 470
380, 471, 499
416, 494, 474
394, 488, 486
409, 489, 464
388, 475, 505
403, 479, 467
380, 472, 494
398, 478, 469
378, 473, 496
343, 434, 460
451, 529, 515
423, 495, 471
398, 480, 498
354, 438, 462
395, 482, 499
402, 479, 465
377, 472, 494
345, 435, 461
394, 481, 499
405, 481, 464
445, 531, 519
401, 472, 466
386, 480, 480
363, 455, 455
445, 536, 527
349, 433, 463
399, 480, 499
357, 439, 463
456, 531, 532
356, 430, 469
446, 517, 529
399, 466, 469
387, 477, 491
423, 499, 465
398, 495, 492
356, 444, 462
401, 486, 501
409, 483, 466
384, 466, 494
399, 477, 467
438, 527, 517
346, 428, 462
399, 482, 500
377, 459, 465
464, 539, 536
411, 478, 478
387, 468, 498
347, 431, 461
442, 480, 494
392, 477, 467
443, 530, 521
369, 450, 465
465, 549, 525
409, 480, 466
384, 464, 492
346, 433, 456
388, 477, 498
350, 439, 464
448, 526, 532
355, 431, 469
457, 531, 521
353, 430, 466
448, 522, 530
348, 427, 464
442, 523, 527
349, 430, 468
451, 525, 536
410, 477, 479
393, 472, 502
421, 499, 470
433, 538, 519
389, 473, 467
388, 465, 495
403, 475, 465
438, 520, 525
351, 433, 466
400, 479, 505
355, 436, 460
396, 478, 501
419, 498, 470
444, 537, 518
366, 451, 463
458, 537, 533
431, 499, 479
454, 528, 533
356, 431, 469
397, 479, 503
404, 476, 466
380, 471, 498
416, 478, 475
393, 473, 503
358, 434, 463
457, 530, 533
354, 431, 468
395, 479, 504
350, 439, 462
443, 530, 527
352, 429, 468
452, 525, 533
429, 499, 479
399, 480, 503
357, 439, 466
395, 481, 497
348, 436, 456
389, 476, 498
402, 480, 460
385, 471, 497
405, 482, 468
387, 470, 500
416, 497, 471
392, 487, 489
345, 439, 459
394, 495, 490
351, 447, 463
399, 488, 502
412, 487, 469
446, 528, 530
349, 431, 469
411, 529, 532
415, 497, 475
388, 473, 502
353, 435, 467
405, 498, 492
413, 492, 466
390, 475, 501
354, 437, 464
444, 530, 529
400, 469, 471
438, 525, 518
401, 471, 467
439, 519, 531
371, 447, 471
465, 537, 537
358, 434, 468
398, 482, 499
353, 438, 463
394, 482, 496
352, 437, 465
448, 514, 528
426, 491, 476
398, 476, 503
428, 499, 472
397, 493, 495
404, 484, 462
381, 478, 499
348, 439, 464
396, 483, 501
359, 442, 466
455, 535, 522
352, 427, 465
390, 477, 502
421, 497, 466
442, 526, 528
402, 428, 465
389, 480, 497
355, 442, 466
402, 488, 503
410, 487, 470
442, 525, 520
362, 446, 467
403, 499, 490
356, 442, 462
453, 534, 533
359, 435, 472
456, 529, 533
354, 428, 466
449, 520, 526
349, 426, 464
447, 530, 518
372, 450, 464
459, 538, 536
360, 433, 473
455, 528, 532
352, 426, 466
448, 520, 527
350, 427, 464
392, 472, 498
424, 502, 475
455, 545, 523
357, 441, 467
405, 499, 492
372, 465, 459
452, 536, 528
347, 432, 462
393, 477, 503
357, 439, 464
454, 532, 532
425, 500, 475
449, 524, 533
349, 429, 466
391, 479, 504
401, 477, 465
382, 476, 499
348, 438, 462
396, 481, 499
408, 480, 460
387, 472, 495
396, 475, 469
431, 517, 525
358, 441, 463
451, 529, 529
373, 452, 463
407, 489, 504
362, 446, 467
455, 535, 533
354, 433, 467
449, 521, 529
416, 487, 471
389, 473, 500
372, 457, 463
427, 509, 506
372, 454, 467
406, 491, 503
359, 442, 465
395, 483, 498
402, 436, 458
435, 528, 524
418, 496, 473
400, 489, 494
432, 507, 471
397, 482, 502
353, 439, 464
393, 480, 494
348, 436, 456
392, 476, 498
405, 483, 466
387, 472, 498
425, 502, 477
396, 478, 505
407, 483, 466
383, 476, 499
398, 480, 463
380, 473, 499
404, 481, 467
437, 522, 530
352, 427, 468
452, 528, 516
405, 491, 470
435, 521, 526
361, 444, 468
453, 534, 535
409, 478, 479
393, 473, 503
360, 435, 465
401, 480, 496
352, 434, 459
446, 530, 518
416, 488, 465
392, 485, 488
423, 506, 471
454, 545, 522
409, 483, 472
386, 471, 503
345, 433, 460
443, 529, 526
344, 427, 464
455, 516, 525
355, 422, 462
408, 491, 493
436, 509, 475
451, 528, 527
352, 426, 466
396, 476, 502
404, 479, 469
385, 468, 495
406, 483, 467
445, 530, 521
353, 429, 466
397, 482, 499
404, 482, 464
431, 517, 526
393, 465, 466
431, 514, 524
345, 425, 464
448, 520, 528
355, 429, 469
452, 527, 521
366, 447, 466
400, 480, 493
368, 452, 456
401, 487, 499
355, 439, 462
455, 531, 531
357, 434, 469
401, 480, 497
433, 478, 467
439, 526, 519
342, 428, 460
397, 495, 495
376, 464, 456
460, 544, 529
359, 437, 470
401, 482, 501
353, 434, 457
445, 529, 525
414, 497, 475
444, 529, 532
404, 472, 469
394, 483, 490
408, 483, 465
383, 477, 499
346, 437, 460
391, 478, 499
347, 435, 459
392, 477, 503
407, 486, 476
448, 531, 521
371, 449, 463
459, 536, 529
369, 448, 465
450, 527, 529
347, 429, 466
397, 480, 497
357, 437, 465
402, 483, 502
429, 505, 472
393, 478, 505
352, 433, 460
448, 535, 517
347, 432, 458
395, 480, 494
355, 436, 457
398, 485, 501
359, 443, 465
452, 529, 529
415, 497, 473
390, 488, 487
368, 456, 457
455, 536, 531
410, 480, 471
392, 472, 500
410, 484, 467
387, 469, 498
400, 475, 466
378, 471, 499
412, 497, 472
394, 491, 490
405, 488, 461
387, 474, 501
404, 478, 467
382, 473, 498
397, 477, 467
427, 515, 524
338, 420, 457
447, 531, 516
421, 494, 471
395, 476, 503
356, 433, 461
395, 480, 493
402, 479, 465
378, 471, 496
343, 433, 458
390, 478, 503
406, 483, 469
445, 528, 517
404, 473, 467
386, 475, 489
363, 452, 456
447, 534, 527
347, 432, 461
397, 479, 501
357, 438, 463
455, 531, 531
356, 431, 469
444, 515, 527
398, 465, 466
384, 475, 487
419, 497, 463
397, 492, 488
353, 441, 462
401, 485, 499
409, 484, 466
385, 469, 497
395, 474, 465
434, 523, 513
342, 429, 464
395, 479, 504
375, 459, 466
462, 542, 536
413, 481, 474
387, 468, 496
345, 431, 458
442, 478, 498
391, 477, 466
438, 527, 520
368, 450, 464
476, 555, 533
366, 443, 470
453, 530, 533
349, 431, 466
394, 477, 503
352, 433, 458
450, 526, 528
353, 429, 467
457, 529, 520
353, 429, 463
450, 523, 530
348, 427, 463
443, 523, 526
347, 428, 462
450, 524, 530
354, 429, 468
403, 481, 502
426, 501, 473
432, 532, 516
387, 468, 463
389, 465, 492
401, 474, 463
436, 517, 528
348, 426, 468
400, 475, 504
357, 437, 464
396, 478, 505
419, 498, 470
443, 536, 515
365, 454, 464
456, 537, 533
428, 497, 476
451, 524, 533
354, 429, 469
396, 477, 505
406, 481, 464
379, 471, 497
412, 481, 469
389, 472, 498
374, 457, 463
463, 543, 536
358, 435, 469
399, 481, 498
350, 439, 460
442, 526, 525
346, 429, 465
446, 528, 528
421, 499, 475
395, 478, 505
356, 437, 463
393, 478, 500
348, 435, 460
390, 476, 499
403, 480, 463
385, 468, 495
406, 481, 464
386, 467, 496
418, 496, 466
390, 487, 487
345, 439, 456
390, 493, 488
348, 443, 459
392, 479, 502
409, 485, 469
391, 474, 503
354, 436, 460
409, 527, 530
416, 489, 469
384, 467, 495
345, 432, 460
399, 496, 486
407, 492, 467
389, 475, 501
349, 438, 459
392, 476, 496
399, 477, 467
436, 521, 513
397, 469, 467
436, 516, 525
368, 445, 469
463, 537, 536
355, 430, 466
394, 476, 499
352, 431, 462
391, 475, 498
350, 437, 463
447, 521, 533
427, 492, 474
397, 475, 502
427, 499, 468
394, 489, 491
401, 481, 458
377, 471, 495
346, 436, 460
395, 481, 497
355, 439, 463
451, 530, 517
351, 431, 463
399, 492, 487
424, 501, 465
438, 526, 528
396, 426, 463
384, 474, 500
350, 438, 461
399, 486, 502
407, 483, 465
441, 527, 517
362, 446, 465
401, 498, 489
354, 443, 461
451, 531, 529
353, 430, 469
454, 528, 530
354, 431, 467
449, 521, 529
347, 425, 462
443, 526, 517
367, 447, 464
459, 535, 533
359, 434, 470
455, 528, 529
352, 425, 465
447, 525, 531
399, 424, 459
378, 477, 498
414, 500, 469
448, 535, 522
354, 433, 462
406, 495, 492
379, 466, 458
453, 538, 531
350, 434, 466
391, 475, 501
352, 433, 458
451, 528, 526
426, 501, 479
450, 525, 533
371, 446, 470
402, 481, 499
423, 499, 467
389, 475, 498
348, 434, 461
397, 482, 498
410, 481, 467
389, 473, 500
398, 481, 468
430, 519, 527
359, 443, 465
448, 527, 530
371, 448, 463
408, 487, 506
362, 443, 462
458, 535, 534
356, 429, 465
448, 521, 529
415, 492, 471
386, 472, 496
348, 435, 460
401, 494, 493
358, 442, 461
402, 485, 501
354, 436, 458
394, 479, 499
403, 434, 457
431, 527, 527
415, 496, 473
395, 490, 491
428, 505, 467
446, 530, 529
347, 430, 466
394, 477, 503
348, 435, 459
391, 477, 500
402, 480, 460
385, 468, 494
423, 504, 472
390, 476, 501
404, 479, 470
382, 475, 500
397, 475, 467
378, 473, 498
397, 477, 467
436, 517, 529
349, 430, 469
452, 528, 517
405, 488, 464
430, 521, 526
357, 444, 464
446, 533, 531
403, 473, 472
387, 466, 500
354, 434, 460
397, 482, 498
352, 436, 459
445, 529, 515
416, 485, 465
391, 484, 483
425, 503, 467
451, 539, 519
407, 480, 467
384, 465, 496
345, 430, 459
441, 522, 527
343, 425, 463
457, 513, 523
358, 427, 465
407, 495, 494
435, 507, 471
450, 526, 527
348, 426, 466
392, 471, 501
403, 477, 469
382, 472, 495
403, 479, 464
445, 533, 520
351, 435, 465
395, 480, 497
350, 439, 459
392, 477, 499
348, 435, 462
446, 529, 529
352, 427, 466
450, 524, 531
357, 432, 465
452, 525, 519
366, 444, 461
399, 482, 496
366, 455, 457
401, 488, 495
356, 437, 461
453, 531, 530
356, 434, 468
399, 481, 499
431, 479, 466
440, 525, 517
342, 427, 460
396, 490, 494
375, 464, 459
459, 543, 535
363, 439, 474
405, 483, 503
407, 481, 462
437, 520, 523
412, 490, 472
440, 522, 530
404, 470, 473
395, 483, 488
406, 487, 466
385, 471, 499
345, 433, 458
389, 475, 499
347, 435, 458
393, 477, 499
405, 484, 470
445, 536, 518
353, 432, 459
456, 541, 522
369, 451, 464
451, 532, 527
347, 431, 465
395, 477, 503
357, 440, 462
402, 484, 499
427, 507, 475
391, 477, 502
368, 451, 459
469, 553, 528
353, 434, 464
394, 479, 502
358, 441, 465
401, 482, 500
360, 439, 464
451, 528, 528
417, 492, 472
388, 483, 486
363, 456, 454
452, 536, 528
405, 478, 474
388, 468, 498
406, 481, 465
386, 469, 499
398, 475, 466
380, 474, 499
413, 499, 472
391, 488, 488
404, 485, 465
385, 472, 498
407, 483, 467
384, 467, 498
397, 476, 466
377, 517, 527
351, 427, 464
450, 526, 518
427, 494, 473
399, 479, 507
362, 439, 465
399, 485, 502
405, 483, 465
381, 474, 499
345, 433, 458
392, 477, 502
410, 484, 468
446, 530, 520
405, 477, 472
389, 480, 485
369, 455, 457
450, 535, 530
346, 429, 466
395, 478, 504
354, 439, 467
452, 530, 532
357, 437, 471
448, 513, 524
399, 466, 467
387, 478, 491
420, 495, 465
392, 485, 488
354, 441, 464
398, 487, 500
411, 488, 467
386, 470, 500
400, 475, 467
434, 523, 514
340, 424, 458
398, 494, 492
378, 466, 459
464, 542, 536
415, 483, 472
389, 472, 498
348, 432, 457
443, 480, 493
388, 473, 463
438, 526, 519
368, 449, 463
463, 551, 522
360, 437, 468
399, 483, 498
350, 440, 459
392, 478, 499
345, 435, 457
444, 529, 530
354, 431, 467
454, 530, 520
355, 429, 463
451, 524, 530
351, 429, 466
448, 520, 526
347, 427, 464
447, 527, 532
408, 471, 475
389, 467, 500
423, 501, 473
434, 535, 520
393, 471, 469
390, 466, 495
403, 475, 464
432, 512, 522
347, 424, 461
398, 478, 503
359, 440, 462
399, 484, 498
417, 494, 468
442, 535, 517
363, 450, 461
456, 534, 533
430, 498, 476
451, 524, 533
356, 430, 468
398, 480, 499
403, 479, 467
379, 473, 498
406, 479, 470
385, 469, 498
371, 452, 461
459, 538, 532
357, 434, 467
397, 480, 495
351, 439, 459
444, 529, 527
347, 430, 466
446, 527, 532
424, 497, 476
395, 478, 506
354, 434, 463
396, 477, 498
351, 436, 456
385, 473, 492
397, 476, 464
379, 475, 496
401, 478, 470
385, 466, 499
419, 495, 472
391, 487, 487
344, 437, 457
391, 491, 483
344, 439, 456
392, 481, 495
403, 482, 463
439, 523, 526
348, 429, 465
409, 526, 531
412, 491, 472
381, 479, 501
344, 432, 458
399, 496, 484
406, 488, 461
387, 473, 495
348, 435, 458
443, 527, 530
398, 471, 471
435, 520, 511
389, 467, 463
434, 514, 524
364, 445, 468
459, 533, 534
357, 431, 468
397, 479, 501
350, 439, 461
392, 475, 496
347, 435, 458
444, 519, 532
421, 488, 468
399, 490, 490
423, 502, 467
390, 488, 486
399, 481, 456
374, 473, 494
340, 432, 454
390, 480, 492
352, 436, 457
450, 531, 516
349, 430, 461
396, 492, 484
418, 497, 459
435, 521, 522
394, 421, 459
383, 481, 497
349, 440, 460
397, 482, 499
405, 481, 461
440, 525, 515
360, 440, 458
395, 493, 486
400, 481, 457
381, 478, 499
348, 438, 462
449, 527, 531
352, 428, 465
448, 519, 528
350, 427, 465
442, 523, 514
364, 444, 461
455, 531, 530
355, 431, 469
454, 528, 528
352, 427, 465
447, 527, 532
400, 467, 467
375, 468, 492
410, 497, 468
443, 537, 519
349, 436, 465
403, 496, 489
373, 463, 462
453, 536, 526
348, 429, 464
387, 471, 496
344, 429, 459
443, 527, 530
416, 493, 474
447, 529, 531
366, 447, 470
401, 483, 498
421, 497, 464
382, 477, 494
344, 433, 457
392, 476, 499
407, 483, 464
386, 469, 498
399, 479, 471
429, 515, 524
357, 439, 463
443, 527, 525
365, 448, 458
402, 485, 500
357, 438, 459
454, 530, 529
353, 428, 464
444, 523, 529
415, 492, 471
384, 467, 494
370, 449, 456
408, 500, 489
359, 446, 463
402, 485, 501
357, 438, 462
393, 478, 500
401, 431, 459
429, 524, 524
410, 493, 475
392, 486, 492
424, 502, 468
392, 475, 505
352, 432, 456
391, 477, 501
349, 438, 462
388, 476, 498
404, 479, 470
386, 467, 499
423, 503, 475
395, 478, 508
407, 483, 467
383, 476, 497
396, 476, 464
374, 471, 495
397, 478, 468
379, 476, 500
349, 441, 463
452, 534, 522
408, 489, 469
435, 520, 526
362, 445, 468
449, 529, 529
404, 473, 473
386, 469, 502
354, 435, 463
401, 481, 498
355, 436, 459
448, 526, 520
416, 487, 469
390, 485, 488
420, 501, 467
451, 540, 522
408, 480, 469
389, 471, 502
351, 438, 461
443, 530, 527
348, 431, 465
454, 509, 506
344, 416, 451
399, 491, 489
407, 486, 464
441, 526, 530
348, 429, 470
394, 476, 502
400, 474, 464
376, 467, 494
399, 477, 468
444, 525, 518
355, 431, 465
403, 484, 502
356, 437, 461
447, 530, 529
400, 469, 470
433, 514, 525
345, 424, 462
449, 523, 531
357, 432, 466
457, 532, 520
371, 448, 460
401, 483, 496
367, 456, 457
399, 490, 499
354, 439, 461
452, 529, 530
353, 431, 469
402, 480, 498
435, 479, 467
441, 520, 512
340, 424, 456
389, 490, 491
371, 459, 456
454, 540, 531
358, 437, 471
404, 483, 503
410, 483, 466
437, 520, 523
413, 493, 474
440, 522, 530
401, 469, 475
392, 479, 496
406, 486, 466
387, 471, 500
350, 437, 465
392, 477, 503
350, 439, 463
391, 478, 500
405, 485, 474
445, 539, 523
354, 437, 470
458, 544, 519
372, 452, 466
454, 533, 532
350, 432, 461
393, 477, 503
356, 439, 464
401, 482, 499
429, 506, 477
398, 482, 502
373, 459, 464
473, 557, 534
358, 440, 465
394, 479, 501
356, 440, 463
402, 483, 499
360, 438, 464
453, 531, 531
419, 497, 473
392, 487, 490
364, 456, 455
450, 534, 530
406, 477, 475
391, 471, 502
407, 484, 466
388, 472, 499
403, 477, 470
379, 471, 497
410, 496, 463
388, 485, 484
399, 485, 463
391, 491, 488
405, 487, 467
384, 467, 497
396, 473, 465
429, 514, 523
337, 418, 458
443, 527, 516
419, 487, 468
393, 475, 500
357, 439, 463
400, 479, 503
406, 482, 462
381, 476, 496
340, 431, 460
387, 474, 498
402, 480, 462
444, 524, 515
405, 474, 468
388, 477, 489
363, 450, 453
448, 528, 520
345, 426, 460
388, 474, 497
351, 437, 460
447, 533, 531
352, 429, 467
445, 516, 525
399, 466, 467
383, 485, 488
409, 497, 460
388, 489, 484
345, 441, 458
395, 483, 495
405, 485, 465
384, 467, 495
399, 476, 466
435, 522, 513
337, 421, 458
389, 477, 500
368, 451, 458
456, 533, 533
408, 473, 473
389, 466, 498
347, 430, 460
439, 478, 498
388, 472, 461
435, 522, 512
361, 445, 465
458, 548, 519
357, 439, 468
398, 484, 497
351, 439, 459
392, 477, 497
345, 434, 454
441, 529, 523
346, 431, 465
451, 529, 519
354, 430, 464
448, 522, 526
348, 427, 462
443, 524, 526
344, 421, 462
442, 522, 528
349, 430, 464
398, 481, 502
427, 504, 472
434, 539, 520
390, 473, 469
391, 466, 497
397, 473, 461
431, 515, 524
346, 425, 465
397, 477, 503
359, 439, 463
398, 482, 498
417, 498, 469
443, 537, 517
360, 446, 463
449, 527, 529
424, 490, 472
444, 520, 526
354, 427, 463
397, 478, 502
402, 477, 467
379, 469, 496
405, 475, 466
381, 474, 499
368, 451, 459
475, 556, 532
365, 443, 469
403, 481, 497
353, 432, 456
442, 524, 525
340, 421, 459
443, 525, 527
421, 498, 475
393, 473, 501
355, 437, 461
395, 480, 494
349, 437, 456
389, 477, 496
397, 478, 466
378, 474, 495
401, 480, 462
383, 477, 501
421, 500, 471
393, 487, 486
345, 437, 455
392, 489, 481
346, 438, 453
390, 478, 497
405, 482, 463
439, 520, 525
351, 430, 465
410, 520, 526
413, 493, 470
385, 469, 495
343, 431, 462
394, 491, 484
405, 488, 462
387, 471, 498
353, 436, 462
395, 477, 502
404, 478, 466
438, 526, 514
396, 468, 464
431, 514, 524
366, 447, 469
458, 535, 534
359, 432, 463
399, 478, 502
354, 434, 459
393, 476, 495
347, 435, 455
443, 519, 530
420, 486, 469
399, 488, 487
430, 509, 471
397, 493, 492
399, 485, 462
377, 474, 495
341, 431, 459
390, 480, 492
352, 435, 459
451, 529, 515
354, 429, 464
402, 491, 491
421, 502, 467
440, 524, 524
394, 421, 461
380, 480, 495
351, 443, 464
397, 486, 504
409, 486, 471
439, 524, 517
361, 446, 467
402, 497, 489
352, 440, 456
394, 482, 495
356, 442, 464
452, 530, 532
357, 436, 469
454, 528, 529
351, 431, 468
447, 530, 517
366, 447, 466
457, 532, 532
359, 435, 471
459, 533, 537
360, 431, 472
452, 524, 531
351, 430, 466
395, 478, 505
420, 496, 463
451, 536, 518
353, 432, 460
404, 495, 495
379, 466, 464
457, 540, 533
353, 431, 469
394, 478, 500
349, 438, 462
448, 523, 526
425, 498, 477
452, 527, 538
374, 450, 468
405, 488, 501
428, 503, 471
391, 476, 500
350, 435, 461
394, 480, 494
409, 483, 463
388, 470, 500
402, 481, 467
431, 519, 527
362, 444, 466
453, 543, 523
369, 453, 464
403, 489, 502
361, 444, 463
459, 535, 534
362, 437, 473
455, 529, 531
418, 494, 475
386, 473, 500
348, 435, 462
403, 496, 488
357, 445, 463
403, 487, 502
361, 442, 465
400, 482, 498
404, 436, 457
434, 528, 522
413, 495, 475
396, 490, 491
428, 505, 467
451, 527, 534
408, 474, 473
385, 464, 495
347, 432, 455
389, 475, 499
400, 475, 466
384, 462, 497
422, 501, 475
396, 477, 505
408, 481, 465
382, 475, 497
398, 476, 464
376, 468, 494
393, 473, 463
433, 516, 524
347, 427, 466
456, 530, 524
413, 495, 475
441, 525, 532
349, 445, 468
443, 531, 529
397, 471, 472
383, 475, 502
352, 434, 461
399, 484, 499
356, 437, 463
446, 532, 514
416, 489, 466
386, 483, 481
418, 502, 466
447, 544, 517
404, 480, 466
385, 470, 500
351, 436, 460
445, 530, 529
347, 431, 465
451, 509, 503
344, 418, 454
399, 493, 490
407, 487, 465
442, 526, 526
351, 432, 465
394, 477, 502
406, 483, 465
378, 473, 497
395, 474, 464
441, 529, 516
348, 429, 462
404, 495, 496
354, 439, 461
445, 530, 527
399, 472, 468
428, 513, 524
337, 421, 461
447, 529, 531
354, 431, 467
455, 531, 522
375, 452, 463
406, 488, 499
373, 460, 463
401, 487, 500
354, 439, 462
451, 530, 530
355, 431, 470
404, 482, 502
438, 483, 466
441, 525, 515
346, 428, 461
394, 490, 491
368, 458, 459
457, 538, 529
359, 434, 466
404, 482, 501
359, 439, 463
449, 524, 526
417, 491, 471
438, 521, 527
400, 467, 469
388, 476, 490
405, 482, 463
386, 471, 499
349, 437, 464
391, 477, 500
348, 434, 457
389, 473, 496
399, 479, 472
442, 537, 519
367, 451, 463
460, 537, 534
376, 451, 471
458, 534, 531
350, 433, 464
390, 473, 498
351, 437, 463
398, 484, 498
425, 503, 475
396, 480, 497
351, 439, 461
450, 540, 520
346, 432, 459
387, 472, 495
349, 438, 463
398, 482, 498
355, 437, 460
453, 532, 530
423, 498, 472
391, 485, 486
365, 456, 453
397, 487, 497
353, 439, 463
400, 481, 499
408, 480, 461
388, 470, 500
404, 478, 470
381, 473, 499
414, 500, 470
387, 485, 487
401, 484, 460
384, 468, 498
403, 479, 470
386, 467, 498
399, 477, 468
430, 517, 525
341, 425, 463
441, 524, 512
415, 493, 470
394, 479, 505
356, 437, 460
401, 482, 498
407, 483, 464
379, 472, 492
342, 434, 457
387, 477, 499
402, 480, 460
443, 526, 517
406, 475, 471
390, 482, 484
365, 458, 459
450, 533, 529
348, 430, 467
389, 473, 499
351, 437, 463
452, 528, 527
355, 431, 468
451, 517, 530
405, 466, 470
384, 459, 495
415, 492, 464
389, 486, 485
347, 440, 455
397, 485, 498
410, 485, 468
389, 473, 500
402, 479, 467
439, 528, 513
340, 423, 459
392, 487, 489
423, 504, 467
447, 531, 530
407, 478, 477
391, 472, 501
353, 434, 463
450, 479, 500
393, 478, 467
434, 525, 518
365, 450, 464
474, 556, 530
365, 443, 472
459, 534, 537
355, 430, 468
395, 477, 502
352, 434, 458
444, 526, 529
350, 432, 463
456, 529, 522
358, 433, 465
453, 528, 527
351, 432, 463
448, 522, 527
347, 426, 463
444, 524, 528
348, 428, 464
396, 479, 506
426, 504, 473
438, 544, 518
395, 475, 468
393, 468, 498
402, 475, 466
434, 517, 526
348, 427, 468
400, 476, 504
361, 439, 465
403, 483, 500
423, 502, 472
446, 542, 524
363, 450, 462
452, 532, 530
423, 495, 476
450, 523, 532
355, 430, 469
400, 477, 506
408, 480, 463
383, 476, 496
406, 480, 463
386, 470, 498
353, 435, 462
455, 532, 533
360, 431, 472
403, 478, 504
354, 435, 457
447, 530, 528
345, 428, 464
441, 527, 529
420, 497, 475
395, 477, 505
359, 440, 464
400, 480, 494
352, 433, 456
390, 477, 501
397, 478, 466
378, 474, 497
400, 476, 468
384, 463, 500
426, 501, 476
399, 495, 493
354, 441, 460
397, 496, 486
347, 443, 457
390, 480, 491
404, 481, 463
385, 471, 500
352, 434, 462
413, 526, 532
417, 490, 472
386, 471, 501
345, 433, 463
397, 496, 486
406, 490, 466
386, 474, 501
353, 436, 462
399, 483, 499
405, 484, 462
440, 525, 515
393, 467, 463
433, 514, 525
369, 445, 471
461, 536, 535
364, 435, 472
402, 480, 498
354, 434, 454
392, 473, 495
347, 436, 456
441, 520, 527
423, 490, 472
399, 491, 491
431, 509, 474
402, 494, 497
405, 485, 461
380, 475, 496
340, 431, 460
388, 476, 499
352, 435, 459
450, 529, 516
352, 427, 464
395, 478, 503
423, 498, 467
441, 526, 529
395, 423, 463
382, 481, 497
348, 440, 459
396, 483, 500
411, 486, 468
444, 528, 515
366, 449, 458
404, 498, 488
350, 446, 459
394, 485, 501
355, 441, 463
453, 532, 530
356, 434, 469
454, 529, 533
354, 429, 467
447, 530, 517
362, 446, 464
456, 533, 533
360, 435, 472
483, 545, 548
420, 462, 502
493, 555, 548
392, 418, 449
322, 446, 474
334, 460, 431
407, 524, 506
363, 450, 479
472, 535, 561
469, 506, 512
518, 591, 555
353, 433, 455
339, 453, 471
272, 392, 416
381, 508, 481
436, 517, 516
512, 577, 573
449, 487, 507
452, 515, 542
423, 492, 462
334, 450, 467
268, 391, 420
333, 463, 481
411, 498, 484
435, 504, 531
502, 530, 546
490, 546, 551
351, 435, 452
387, 495, 475
280, 400, 422
341, 463, 485
364, 452, 470
508, 567, 568
443, 474, 509
512, 575, 557
392, 477, 457
311, 439, 456
281, 408, 417
364, 492, 476
433, 510, 487
447, 515, 557
454, 481, 514
461, 513, 541
413, 434, 454
382, 502, 475
337, 457, 438
357, 481, 478
453, 528, 506
515, 584, 571
499, 525, 546
442, 503, 527
347, 429, 450
335, 453, 468
321, 442, 428
322, 452, 467
449, 521, 519
468, 526, 570
507, 530, 546
445, 504, 520
397, 471, 451
311, 436, 454
319, 439, 428
379, 502, 480
345, 440, 470
532, 593, 569
482, 531, 528
475, 539, 547
322, 424, 447
375, 499, 473
313, 438, 435
325, 452, 473
365, 454, 478
457, 521, 557
453, 484, 513
495, 549, 534
402, 475, 453
331, 459, 454
340, 456, 430
397, 506, 492
417, 488, 483
441, 505, 533
444, 478, 510
498, 558, 550
338, 420, 450
368, 473, 455
273, 387, 423
360, 466, 491
455, 521, 514
466, 525, 568
450, 478, 516
452, 507, 521
395, 468, 449
311, 435, 453
319, 440, 426
419, 523, 508
375, 452, 482
460, 519, 559
489, 518, 536
479, 537, 546
375, 456, 449
357, 476, 459
254, 382, 427
387, 499, 481
352, 435, 475
529, 589, 567
431, 480, 487
414, 491, 497
336, 433, 437
318, 452, 459
277, 404, 426
401, 512, 511
420, 487, 489
436, 500, 527
505, 517, 530
461, 524, 512
307, 397, 435
323, 449, 449
299, 422, 427
421, 527, 525
380, 455, 486
456, 513, 555
487, 517, 534
480, 527, 546
369, 461, 446
352, 473, 454
323, 437, 437
365, 483, 486
429, 509, 488
441, 508, 531
418, 461, 493
412, 483, 499
316, 411, 437
313, 440, 457
337, 456, 443
432, 534, 524
403, 470, 488
537, 606, 573
427, 483, 490
461, 535, 527
312, 404, 439
310, 438, 453
275, 398, 428
350, 468, 486
459, 530, 522
463, 527, 567
422, 466, 498
477, 549, 529
317, 411, 442
313, 439, 462
283, 405, 434
373, 481, 493
384, 452, 477
510, 567, 560
471, 518, 519
415, 490, 489
334, 435, 433
317, 451, 459
291, 411, 434
384, 479, 505
443, 507, 491
450, 506, 532
477, 511, 502
404, 472, 497
367, 471, 442
319, 456, 450
351, 470, 445
387, 492, 496
446, 516, 514
460, 513, 560
477, 513, 527
460, 521, 533
313, 402, 441
362, 486, 446
363, 468, 445
398, 485, 511
402, 462, 488
487, 537, 561
484, 515, 526
407, 474, 503
320, 410, 438
320, 437, 464
347, 459, 443
451, 535, 528
449, 500, 495
454, 507, 538
400, 449, 472
448, 530, 506
299, 403, 433
308, 437, 452
291, 407, 438
443, 533, 535
391, 452, 488
521, 580, 564
443, 497, 487
378, 477, 479
352, 454, 436
311, 450, 450
297, 416, 435
396, 489, 506
451, 508, 498
457, 507, 535
476, 509, 501
428, 510, 482
286, 394, 425
303, 440, 448
369, 478, 452
451, 534, 544
451, 501, 503
459, 507, 539
415, 459, 489
453, 477, 496
354, 459, 439
354, 486, 451
308, 423, 439
469, 560, 531
408, 468, 496
528, 595, 573
413, 464, 491
395, 474, 490
310, 409, 434
365, 490, 467
286, 403, 437
472, 545, 533
412, 461, 495
527, 595, 570
394, 451, 479
435, 516, 515
299, 399, 435
359, 482, 454
287, 405, 438
398, 486, 509
487, 537, 531
533, 612, 575
457, 507, 498
358, 474, 478
339, 454, 432
338, 476, 455
282, 403, 439
400, 486, 512
414, 468, 490
483, 535, 567
471, 522, 515
437, 527, 508
307, 414, 434
379, 510, 461
360, 466, 450
455, 534, 546
407, 460, 499
481, 529, 563
475, 509, 502
384, 457, 490
345, 442, 437
301, 433, 451
327, 435, 446
504, 574, 556
497, 528, 542
492, 528, 573
428, 460, 492
445, 516, 514
299, 397, 434
351, 478, 456
380, 486, 463
424, 499, 526
455, 496, 497
493, 541, 561
475, 512, 518
434, 507, 497
334, 436, 435
281, 418, 446
350, 461, 448
399, 487, 512
510, 550, 542
503, 545, 567
429, 467, 493
387, 477, 475
293, 404, 423
300, 437, 449
357, 468, 448
407, 493, 520
443, 483, 509
500, 610, 578
455, 509, 485
356, 455, 476
286, 407, 425
321, 457, 449
372, 475, 453
429, 506, 528
456, 484, 513
516, 562, 573
493, 531, 526
409, 500, 469
312, 423, 420
331, 468, 452
315, 427, 451
492, 560, 556
452, 476, 510
501, 540, 567
428, 463, 494
381, 468, 484
281, 395, 420
345, 478, 461
394, 484, 466
441, 512, 550
531, 574, 547
518, 577, 576
484, 529, 522
370, 460, 485
275, 389, 418
280, 424, 442
300, 415, 447
531, 596, 561
481, 504, 524
526, 581, 571
478, 531, 505
361, 459, 480
261, 385, 416
281, 431, 450
303, 421, 444
438, 516, 550
526, 564, 559
560, 608, 570
392, 451, 463
354, 466, 458
256, 383, 421
347, 487, 461
309, 420, 450
492, 561, 560
460, 485, 523
565, 610, 579
419, 458, 491
391, 492, 460
254, 384, 403
355, 492, 460
342, 451, 459
506, 572, 566
468, 491, 527
558, 607, 580
462, 503, 498
350, 451, 474
307, 439, 419
368, 504, 467
342, 444, 469
478, 547, 563
506, 530, 543
572, 619, 578
396, 448, 474
359, 457, 474
262, 388, 413
342, 485, 456
419, 510, 491
517, 587, 576
487, 514, 540
514, 573, 569
456, 502, 487
344, 444, 474
257, 377, 420
294, 435, 453
377, 481, 458
429, 508, 528
542, 578, 564
533, 595, 574
375, 449, 457
383, 499, 472
256, 385, 409
303, 442, 458
341, 443, 466
509, 572, 568
471, 492, 528
559, 606, 579
416, 484, 459
308, 430, 453
256, 386, 407
330, 464, 454
409, 500, 475
456, 518, 560
484, 508, 530
502, 542, 565
455, 451, 475
401, 496, 476
297, 431, 422
323, 458, 465
439, 523, 505
528, 592, 576
531, 563, 563
484, 527, 567
384, 432, 468
345, 446, 473
308, 427, 421
281, 423, 451
438, 520, 512
477, 536, 573
545, 575, 565
480, 525, 565
417, 475, 468
310, 429, 456
292, 417, 412
337, 473, 459
321, 423, 463
545, 598, 576
539, 587, 552
522, 594, 565
360, 442, 459
371, 489, 468
283, 415, 419
289, 427, 458
343, 445, 471
464, 527, 565
486, 512, 549
538, 591, 561
415, 485, 461
322, 447, 456
296, 424, 411
373, 505, 470
411, 496, 478
459, 517, 561
489, 512, 550
548, 600, 572
365, 437, 465
361, 469, 452
226, 360, 405
317, 452, 463
421, 499, 482
466, 522, 566
497, 522, 565
455, 518, 544
387, 457, 443
321, 431, 458
344, 450, 434
440, 529, 519
400, 458, 488
480, 536, 560
421, 468, 494
411, 483, 497
312, 402, 429
409, 505, 487
321, 416, 443
439, 527, 527
380, 452, 478
513, 587, 559
401, 465, 474
403, 483, 493
335, 430, 437
376, 478, 490
342, 435, 457
448, 529, 529
393, 455, 491
461, 532, 563
491, 516, 528
466, 527, 520
299, 393, 431
292, 424, 443
252, 389, 409
385, 503, 488
367, 454, 482
482, 532, 569
494, 513, 552
512, 574, 555
381, 475, 453
400, 498, 490
372, 461, 462
384, 466, 500
429, 493, 480
412, 486, 512
377, 446, 472
393, 477, 499
328, 419, 446
367, 471, 487
386, 477, 475
451, 542, 530
396, 462, 480
1127, 1084, 933
835, 812, 710
619, 612, 601
647, 666, 608
462, 495, 508
444, 523, 517
331, 437, 435
261, 409, 438
395, 492, 470
465, 534, 559
488, 510, 531
540, 590, 580
444, 491, 500
375, 474, 484
327, 443, 431
321, 465, 445
279, 401, 435
473, 551, 554
544, 572, 557
508, 547, 576
417, 468, 482
366, 468, 476
313, 433, 418
274, 421, 446
300, 416, 444
440, 516, 552
525, 566, 562
563, 614, 577
442, 493, 487
396, 489, 481
260, 382, 425
369, 502, 463
316, 424, 448
437, 517, 552
464, 492, 523
520, 567, 578
436, 480, 492
383, 490, 475
313, 433, 419
307, 449, 452
407, 501, 470
466, 532, 559
535, 575, 559
506, 547, 576
424, 462, 493
372, 462, 483
277, 394, 422
367, 501, 465
335, 437, 467
468, 538, 561
544, 576, 544
547, 603, 577
444, 451, 483
351, 463, 481
264, 388, 415
295, 437, 450
360, 467, 452
519, 588, 559
472, 502, 516
512, 569, 559
402, 458, 479
420, 507, 486
261, 380, 423
352, 483, 459
309, 417, 450
489, 558, 559
448, 474, 520
541, 594, 563
379, 450, 457
404, 503, 479
251, 377, 422
363, 491, 463
325, 428, 461
492, 559, 560
503, 484, 517
481, 533, 563
424, 492, 464
391, 503, 466
243, 376, 415
331, 465, 463
353, 449, 462
507, 571, 562
452, 478, 521
487, 531, 561
399, 450, 479
420, 504, 483
324, 444, 432
371, 500, 477
362, 456, 468
459, 526, 559
527, 574, 548
476, 532, 559
384, 436, 472
358, 455, 474
326, 439, 427
298, 436, 454
413, 502, 485
500, 563, 570
456, 487, 513
525, 592, 556
377, 452, 456
342, 462, 470
263, 392, 411
367, 504, 468
330, 434, 460
492, 560, 557
532, 568, 546
465, 519, 551
372, 448, 449
408, 514, 485
261, 385, 416
319, 455, 466
350, 448, 463
452, 520, 553
516, 506, 526
532, 598, 568
414, 495, 468
338, 463, 463
336, 457, 421
327, 458, 471
409, 494, 482
444, 512, 555
459, 487, 522
477, 528, 552
431, 487, 476
344, 446, 476
328, 450, 427
328, 457, 478
416, 491, 481
448, 508, 537
512, 544, 540
462, 515, 554
416, 475, 467
381, 489, 473
250, 377, 421
391, 509, 476
417, 507, 484
501, 566, 568
449, 487, 507
525, 589, 555
403, 471, 461
318, 438, 457
258, 383, 424
322, 452, 465
351, 450, 466
536, 596, 570
519, 562, 539
455, 516, 546
423, 491, 462
395, 508, 467
309, 431, 424
314, 447, 471
356, 446, 475
506, 569, 567
451, 477, 522
512, 556, 547
334, 414, 449
341, 462, 460
340, 462, 428
332, 458, 473
362, 453, 473
459, 523, 558
517, 553, 552
463, 519, 556
415, 483, 466
373, 493, 460
256, 379, 425
355, 479, 480
376, 463, 481
466, 529, 560
513, 550, 550
507, 563, 558
343, 423, 454
381, 496, 469
250, 379, 421
400, 510, 480
388, 462, 480
473, 536, 563
467, 504, 508
456, 519, 542
350, 434, 452
383, 499, 473
252, 381, 426
330, 457, 470
471, 500, 478
536, 594, 571
451, 477, 517
470, 522, 549
354, 428, 448
381, 499, 473
256, 379, 427
337, 461, 487
423, 500, 485
503, 561, 567
512, 544, 530
496, 550, 546
375, 458, 452
303, 428, 451
314, 436, 426
329, 453, 471
367, 455, 476
461, 527, 561
464, 489, 520
465, 518, 548
376, 465, 452
368, 495, 462
283, 406, 428
425, 536, 507
404, 475, 495
537, 608, 573
456, 487, 519
460, 515, 543
350, 430, 454
330, 449, 463
346, 468, 439
369, 477, 500
412, 483, 490
556, 621, 579
514, 559, 549
496, 510, 527
326, 422, 442
317, 447, 464
259, 389, 420
388, 506, 491
458, 527, 529
499, 547, 577
477, 504, 502
449, 515, 532
390, 469, 451
306, 434, 451
313, 438, 427
327, 456, 473
427, 502, 488
453, 513, 559
515, 553, 533
442, 509, 514
386, 464, 443
318, 449, 446
329, 450, 431
340, 459, 480
433, 504, 487
456, 512, 556
456, 479, 518
481, 537, 525
384, 459, 444
302, 431, 448
295, 414, 435
384, 478, 503
449, 504, 494
465, 515, 560
453, 482, 510
445, 515, 540
390, 466, 449
350, 481, 445
322, 439, 434
376, 488, 490
398, 470, 489
536, 605, 578
439, 480, 507
431, 505, 512
329, 420, 435
366, 489, 464
258, 384, 416
425, 521, 526
447, 505, 500
468, 519, 567
500, 530, 527
435, 497, 503
323, 413, 440
309, 439, 457
327, 449, 432
345, 467, 487
437, 509, 494
544, 594, 576
427, 465, 499
405, 481, 494
324, 424, 429
311, 444, 458
282, 405, 433
382, 490, 502
396, 466, 489
533, 559, 568
499, 539, 547
459, 529, 512
318, 418, 431
373, 509, 454
335, 454, 442
376, 480, 500
401, 465, 487
482, 540, 568
453, 492, 512
492, 557, 543
323, 411, 444
355, 483, 442
283, 401, 430
448, 534, 539
409, 462, 501
544, 602, 582
434, 470, 506
471, 541, 535
365, 455, 448
290, 425, 449
360, 473, 449
443, 556, 535
460, 515, 528
486, 550, 576
489, 534, 524
458, 527, 532
298, 396, 432
296, 426, 446
279, 399, 429
383, 489, 504
490, 540, 536
563, 615, 585
436, 481, 490
452, 526, 521
370, 462, 443
347, 479, 452
268, 392, 427
376, 482, 503
453, 511, 500
471, 523, 568
494, 518, 533
399, 467, 495
318, 420, 429
357, 487, 462
337, 451, 439
390, 481, 509
412, 471, 497
544, 605, 582
436, 474, 507
468, 538, 532
354, 459, 439
288, 427, 448
310, 429, 444
419, 504, 517
438, 484, 507
553, 613, 581
484, 519, 532
401, 470, 503
359, 450, 437
286, 424, 442
370, 480, 450
421, 518, 534
449, 489, 514
528, 582, 576
448, 487, 499
400, 478, 493
353, 449, 433
279, 422, 442
279, 407, 434
444, 538, 537
497, 540, 540
495, 541, 579
428, 466, 502
392, 468, 486
348, 448, 427
279, 423, 440
282, 407, 434
454, 543, 545
467, 512, 526
553, 599, 579
468, 503, 500
418, 500, 488
284, 397, 427
359, 498, 448
287, 412, 440
411, 503, 520
447, 491, 515
516, 570, 580
452, 490, 507
425, 507, 491
341, 447, 436
302, 445, 453
378, 488, 449
427, 519, 539
508, 543, 550
509, 546, 580
441, 480, 498
396, 474, 492
292, 402, 427
354, 487, 450
297, 409, 444
432, 506, 527
520, 569, 538
510, 555, 579
490, 481, 496
377, 478, 488
284, 402, 426
279, 431, 444
341, 463, 448
499, 563, 548
458, 495, 510
519, 583, 571
434, 487, 497
381, 478, 487
283, 401, 423
339, 478, 453
282, 405, 442
464, 542, 550
429, 473, 506
554, 604, 571
413, 469, 479
419, 509, 485
259, 377, 425
332, 473, 452
283, 406, 442
473, 552, 551
433, 519, 538
512, 551, 580
462, 517, 505
415, 518, 500
254, 381, 427
306, 449, 451
309, 424, 444
492, 563, 560
455, 485, 522
521, 567, 577
441, 484, 498
436, 517, 514
327, 444, 431
343, 483, 458
326, 437, 457
465, 539, 558
551, 586, 550
519, 574, 581
437, 484, 495
380, 473, 483
329, 442, 431
265, 415, 445
384, 479, 477
492, 558, 566
469, 500, 514
578, 628, 576
417, 472, 475
362, 464, 472
260, 384, 408
323, 470, 446
284, 405, 443
484, 556, 554
555, 581, 558
506, 545, 570
402, 450, 477
366, 470, 466
309, 432, 412
274, 420, 441
303, 417, 444
448, 514, 549
535, 522, 551
581, 631, 594
440, 502, 479
338, 457, 459
314, 443, 412
279, 430, 451
377, 482, 461
441, 515, 554
485, 512, 549
529, 576, 576
488, 529, 526
365, 458, 483
307, 434, 422
287, 435, 455
393, 487, 473
472, 534, 554
554, 586, 564
516, 567, 579
469, 518, 519
356, 449, 476
251, 375, 417
359, 493, 460
401, 503, 478
515, 591, 576
494, 519, 545
581, 630, 581
446, 499, 484
334, 442, 473
240, 367, 417
279, 427, 450
310, 424, 448
551, 609, 577
567, 594, 558
517, 577, 565
451, 510, 472
383, 510, 463
279, 413, 414
265, 415, 452
326, 433, 464
510, 576, 567
482, 506, 533
550, 591, 565
352, 419, 450
306, 428, 456
291, 422, 411
283, 428, 454
340, 443, 468
470, 536, 562
560, 594, 577
456, 519, 556
411, 478, 466
423, 515, 504
325, 419, 455
392, 479, 506
386, 454, 480
442, 516, 550
459, 509, 504
452, 521, 531
329, 408, 450
412, 504, 488
318, 419, 452
444, 535, 523
406, 475, 490
448, 522, 549
415, 481, 484
413, 494, 503
331, 421, 444
415, 514, 512
329, 424, 454
392, 479, 504
475, 501, 485
496, 556, 544
376, 445, 478
404, 495, 495
334, 427, 442
419, 512, 508
322, 416, 450
387, 475, 499
432, 497, 480
479, 552, 555
437, 509, 485
438, 519, 525
375, 455, 456
343, 454, 476
380, 474, 458
379, 480, 495
380, 464, 479
438, 515, 546
403, 463, 495
408, 483, 502
370, 462, 455
412, 519, 506
340, 440, 458
456, 547, 521
409, 478, 499
504, 577, 558
384, 446, 483
402, 478, 502
328, 414, 445
363, 464, 480
400, 489, 464
380, 479, 500
424, 494, 503
521, 603, 562
457, 508, 500
470, 488, 505
306, 407, 439
286, 424, 441
211, 359, 404
344, 486, 464
459, 532, 524
524, 582, 587
534, 567, 563
500, 552, 561
400, 470, 458
289, 417, 440
266, 402, 405
289, 427, 456
414, 497, 483
474, 529, 571
570, 592, 567
493, 547, 555
391, 466, 450
300, 434, 442
277, 414, 409
302, 442, 463
427, 506, 486
478, 580, 575
506, 515, 557
527, 584, 549
389, 469, 446
279, 420, 440
239, 382, 415
329, 463, 482
443, 515, 514
498, 548, 579
505, 522, 559
490, 535, 563
407, 475, 463
327, 463, 438
276, 408, 411
334, 463, 471
420, 489, 490
582, 638, 590
503, 526, 559
484, 533, 559
344, 422, 451
354, 479, 459
214, 355, 405
387, 499, 482
439, 503, 494
508, 551, 575
564, 584, 555
491, 540, 554
338, 421, 445
296, 425, 441
282, 416, 405
301, 442, 463
423, 500, 483
571, 617, 586
473, 501, 522
453, 515, 536
334, 430, 440
346, 480, 455
221, 366, 417
321, 454, 472
384, 458, 484
549, 571, 575
548, 590, 569
488, 548, 536
320, 410, 438
355, 489, 446
295, 422, 422
322, 448, 466
394, 465, 486
504, 553, 574
499, 518, 553
531, 594, 562
330, 416, 444
329, 469, 439
235, 369, 416
400, 514, 512
398, 463, 498
557, 620, 585
478, 511, 530
520, 586, 555
316, 410, 442
284, 420, 440
320, 447, 440
424, 544, 523
463, 523, 531
515, 585, 588
547, 587, 557
501, 563, 551
303, 401, 437
275, 418, 436
229, 370, 414
326, 459, 472
498, 550, 539
599, 648, 595
473, 506, 519
488, 552, 532
370, 462, 440
321, 458, 441
225, 361, 414
339, 463, 479
457, 517, 520
508, 551, 585
537, 558, 554
422, 492, 507
296, 394, 427
320, 460, 439
236, 368, 418
362, 479, 502
414, 480, 496
568, 629, 592
481, 510, 531
520, 587, 555
343, 455, 434
251, 408, 431
250, 387, 423
378, 489, 503
426, 480, 497
521, 581, 584
539, 578, 555
437, 509, 520
361, 452, 439
260, 405, 432
325, 454, 442
401, 506, 508
450, 491, 517
561, 607, 596
494, 520, 544
438, 512, 532
361, 453, 443
316, 456, 439
227, 364, 416
410, 506, 489
503, 551, 542
534, 586, 595
483, 509, 522
429, 502, 503
343, 448, 426
251, 407, 431
243, 379, 424
420, 527, 534
470, 519, 533
599, 639, 600
504, 533, 539
448, 513, 522
272, 372, 429
326, 469, 441
252, 383, 433
388, 486, 510
445, 490, 516
541, 591, 592
489, 516, 546
435, 512, 517
334, 438, 431
250, 404, 433
337, 456, 434
407, 512, 528
517, 566, 552
541, 591, 600
478, 514, 543
431, 507, 512
301, 405, 431
317, 470, 439
266, 393, 428
418, 503, 521
529, 576, 539
545, 591, 593
522, 521, 535
413, 505, 506
282, 395, 424
257, 410, 433
305, 432, 423
471, 560, 540
468, 505, 515
565, 612, 588
471, 507, 508
402, 492, 494
274, 393, 418
309, 463, 443
250, 384, 421
437, 536, 537
427, 477, 512
604, 643, 592
446, 491, 492
437, 523, 515
262, 377, 431
305, 456, 437
258, 385, 426
458, 544, 541
443, 483, 512
539, 585, 588
512, 557, 527
453, 535, 519
267, 378, 429
278, 429, 441
286, 411, 439
480, 557, 556
468, 492, 529
553, 589, 596
473, 501, 515
471, 544, 526
318, 441, 428
305, 459, 446
289, 407, 442
447, 535, 545
546, 591, 555
549, 596, 596
462, 500, 510
394, 480, 487
324, 434, 428
239, 401, 431
340, 458, 452
484, 559, 566
474, 496, 531
601, 633, 594
502, 534, 523
380, 465, 486
263, 380, 422
303, 457, 437
260, 387, 429
466, 549, 552
561, 585, 562
542, 587, 591
450, 487, 501
389, 481, 478
318, 435, 421
246, 403, 430
272, 396, 431
426, 509, 527
534, 522, 550
604, 649, 605
485, 529, 519
363, 469, 472
316, 440, 411
248, 408, 433
330, 450, 441
427, 508, 529
481, 503, 527
556, 593, 592
519, 563, 540
388, 469, 493
300, 428, 418
258, 413, 444
345, 458, 449
457, 530, 547
550, 585, 565
545, 585, 592
504, 535, 537
428, 504, 489
244, 364, 417
322, 470, 443
362, 480, 455
498, 570, 568
494, 500, 535
618, 648, 590
498, 529, 527
364, 456, 479
252, 372, 414
251, 405, 434
278, 402, 434
540, 605, 575
576, 590, 563
557, 599, 588
493, 535, 514
413, 515, 494
285, 410, 417
236, 394, 433
275, 398, 438
495, 566, 564
485, 503, 537
592, 615, 583
399, 441, 478
346, 459, 458
299, 429, 408
255, 416, 435
295, 414, 448
455, 526, 563
558, 587, 570
549, 590, 598
506, 541, 538
380, 490, 463
206, 345, 399
279, 435, 441
328, 433, 453
472, 533, 566
567, 594, 575
598, 637, 601
438, 480, 498
405, 499, 480
224, 351, 412
327, 474, 451
345, 445, 470
487, 546, 571
537, 557, 569
556, 597, 592
431, 479, 495
403, 501, 481
213, 350, 410
246, 405, 439
435, 452, 444
559, 615, 584
523, 546, 568
553, 602, 591
415, 471, 483
393, 493, 478
211, 348, 406
256, 407, 442
354, 461, 455
503, 569, 570
595, 608, 581
574, 623, 587
427, 480, 471
315, 439, 453
258, 397, 402
250, 408, 440
324, 429, 463
473, 536, 566
525, 553, 567
553, 594, 590
424, 483, 478
361, 487, 455
207, 357, 399
351, 500, 459
358, 458, 472
549, 625, 580
518, 553, 570
545, 591, 588
420, 473, 490
343, 454, 470
267, 414, 413
282, 433, 458
359, 453, 474
570, 635, 588
531, 558, 577
584, 587, 581
388, 451, 475
325, 442, 468
216, 357, 409
313, 462, 451
435, 515, 514
528, 584, 585
562, 582, 576
584, 633, 585
375, 443, 471
310, 435, 461
261, 399, 404
256, 408, 440
381, 483, 466
463, 528, 564
603, 624, 581
528, 586, 574
429, 491, 473
286, 423, 450
246, 393, 400
258, 411, 449
391, 483, 475
526, 597, 581
509, 528, 566
557, 613, 564
407, 481, 451
276, 416, 434
