-0.026398	-0.002594	0.074922
0.002899	0.002594	0.084688
0.042573	-0.007782	-0.007477
0.109102	-0.014496	-0.046845
0.081636	-0.020905	-0.080110
0.067597	-0.015106	-0.023957
0.036774	-0.009918	0.032502
-0.009308	0.013581	0.135958
-0.035554	0.012055	0.111238
-0.072175	-0.023041	0.034638
0.034028	-0.023651	0.013275
0.120089	-0.018769	0.007782
0.068513	-0.025483	0.016327
0.018158	-0.041657	-0.019074
-0.004730	-0.037385	-0.028534
-0.001984	-0.010529	-0.040436
0.030060	0.027008	0.042267
0.009918	0.027314	0.011139
0.037385	0.043488	0.080415
0.081025	0.048066	0.077058
0.026093	-0.006561	-0.088960
0.006256	-0.028534	-0.041352
0.030365	0.002289	0.021820
0.071870	-0.005035	0.010224
-0.002594	-0.036774	0.002289
0.013581	-0.017853	0.025177
0.029450	-0.019684	0.019989
0.032502	-0.000763	0.029755
0.021515	-0.009613	0.034638
0.023346	-0.015412	0.036164
0.009308	-0.031586	0.027619
0.015717	-0.036469	-0.020600
0.012970	-0.017548	-0.048371
-0.005035	-0.045319	-0.062715
0.007172	-0.027924	-0.013275
0.041047	-0.012055	0.034333
0.010529	-0.005951	0.030976
0.017853	0.012360	0.015106
0.019379	0.031891	0.056611
-0.085603	-0.008392	-0.036164
-0.108492	-0.012055	-0.050813
-0.087434	0.003815	0.033112
-0.049897	0.007477	-0.017243
0.209201	0.048981	0.056611
0.020600	-0.024567	-0.050202
0.117647	0.007782	0.094453
0.107271	-0.016632	0.041047
0.046845	-0.023346	0.018463
0.071870	0.000763	0.093843
0.019989	0.006867	0.117342
0.011139	-0.014801	0.077974
-0.024872	-0.021515	0.009003
0.000153	-0.030976	0.006867
0.098116	-0.001373	0.040436
0.052949	0.004730	0.027008
0.022126	-0.015106	0.019074
0.041352	0.000763	0.067597
0.012055	-0.008698	0.052949
0.020905	-0.003815	0.024567
0.015106	-0.005035	0.030365
-0.001678	-0.019989	-0.002899
0.016022	-0.028229	0.011749
-0.014801	-0.021515	0.062715
-0.029755	-0.016327	0.051118
-0.062409	-0.045014	-0.020294
-0.045624	-0.043488	-0.041352
-0.033417	-0.052033	-0.064546
0.012055	-0.006561	-0.070954
0.072480	0.012360	-0.008698
0.061799	0.001068	0.017853
0.075837	0.006561	0.070954
0.044709	-0.017243	0.017548
-0.003815	0.000763	0.012055
-0.044099	-0.016938	0.014801
0.020294	-0.006867	0.048066
0.072786	0.020905	0.076753
0.090181	0.037079	0.071260
0.041352	0.010529	0.059663
0.024872	0.013581	-0.034028
0.038911	0.005035	-0.040436
0.041352	-0.016632	-0.038300
0.030060	0.002289	0.009308
0.016327	-0.011444	0.026398
0.029755	-0.005035	0.035859
0.037079	0.005951	0.077058
0.008698	-0.013275	0.049897
0.009003	-0.006561	0.032807
-0.023957	-0.019684	0.019379
-0.045930	-0.020600	0.012055
-0.052644	-0.012055	-0.020294
-0.049287	-0.031281	-0.027619
0.048371	-0.002594	0.005035
0.105440	0.022736	0.059052
0.090181	0.020600	0.023041
0.038911	0.004425	0.085908
0.040131	0.012665	0.084077
0.075227	0.009613	0.025177
-0.049897	-0.020600	0.006867
0.009918	-0.016022	0.003815
-0.016632	-0.018769	0.056001
0.050202	0.006256	0.022126
0.033112	-0.023346	-0.021515
0.075227	-0.005646	0.010529
0.075532	0.006256	-0.010224
-0.024567	0.006256	0.005341
-0.036164	0.010834	0.006867
-0.010529	0.014191	0.015106
-0.016327	-0.010529	0.000458
0.097810	0.006256	0.001068
0.033417	-0.045624	-0.072480
-0.015717	-0.031281	-0.055085
-0.004425	-0.020294	0.070039
0.000763	-0.012970	0.055390
0.080415	0.007782	0.070649
0.052949	0.022126	0.041657
0.030060	0.031281	0.083162
0.057221	0.020600	-0.016632
0.016022	0.016327	-0.032502
0.017243	0.012055	-0.033112
0.022431	0.004120	0.014496
0.045624	0.007477	0.056306
0.028229	0.001984	0.045319
0.019989	-0.018769	0.011749
0.004425	-0.024262	0.002289
0.015717	-0.026093	0.023957
0.024567	-0.014801	0.018769
0.005341	-0.016938	-0.003204
-0.050507	-0.013581	-0.035248
-0.047456	-0.020600	-0.033722
-0.022126	-0.009918	0.030060
-0.007477	0.009003	0.003204
0.007477	0.001678	0.006256
0.046540	-0.014801	-0.055390
0.021820	-0.005646	-0.014191
0.124361	0.034333	0.049592
0.078279	0.002594	0.052644
0.026093	-0.028229	0.003510
0.040436	0.031281	0.142672
0.023041	0.011749	0.099031
0.029145	0.007477	0.028229
0.025483	0.020294	0.030671
-0.003815	0.017243	0.071565
0.013886	0.011139	0.019074
-0.028840	-0.011139	-0.009003
-0.059968	-0.020905	-0.012360
-0.044709	-0.035859	-0.005646
0.054475	-0.018463	-0.008698
0.048676	-0.007782	-0.001678
0.058747	-0.005646	0.011749
-0.014801	-0.022431	-0.064546
0.007477	-0.005646	-0.011139
0.044709	0.004425	0.027924
0.012360	0.001068	0.005646
-0.011749	-0.001984	0.018769
0.022736	-0.011749	-0.026703
0.024567	-0.008698	-0.029145
0.023041	0.000763	-0.004120
-0.025177	-0.028534	-0.011749
-0.015106	-0.034333	-0.005646
-0.013581	-0.039826	0.000458
0.046540	-0.016327	-0.023651
0.051423	-0.001984	0.007172
0.019074	0.003510	0.016327
0.037995	0.008392	0.059968
0.021820	0.019074	0.080415
-0.001984	0.005951	0.051728
0.044404	0.019379	0.025788
0.053864	0.023346	0.024872
0.028534	-0.007477	0.012055
0.038605	-0.007782	0.009613
0.010224	-0.019379	0.027008
0.014496	-0.029450	-0.030365
0.020294	-0.011444	0.009613
0.051728	0.002594	0.056611
0.017243	-0.009308	0.073091
0.008698	-0.016022	0.048981
-0.016022	-0.025483	0.051423
-0.015412	-0.017853	0.002289
0.004425	-0.009613	-0.026398
-0.020600	0.004425	-0.003815
-0.099031	-0.009308	0.006867
-0.116121	-0.018769	-0.004730
-0.057832	-0.003815	-0.015106
0.122225	0.044709	0.104219
0.221714	0.041352	0.082551
0.131991	0.008698	0.019684
0.050813	-0.007782	0.052338
0.017548	-0.026093	0.064546
0.017853	-0.000763	0.030060
0.035859	-0.031891	0.014801
0.072480	-0.013275	0.025483
0.051728	0.011444	0.042878
0.015717	-0.004730	0.034028
0.022431	-0.002594	0.028840
0.039521	-0.018769	0.028229
0.025177	-0.032807	0.032197
0.021210	-0.036164	-0.024872
-0.013886	-0.044099	-0.035554
-0.005035	-0.042878	-0.021820
0.014496	-0.019989	-0.002289
0.002899	-0.027008	-0.022736
0.002899	-0.014191	-0.031281
-0.005951	0.014191	0.074617
-0.028229	0.010529	0.043793
-0.029145	0.020294	0.063935
0.088960	0.034638	0.067292
0.066377	-0.009308	0.026093
0.070954	-0.006561	0.024262
0.050813	-0.003204	0.070344
0.020905	-0.016938	0.024872
-0.020294	-0.016632	-0.023346
0.019379	-0.005341	0.002289
0.021820	-0.014496	-0.067903
0.005341	-0.009003	-0.064851
0.030976	0.007477	-0.061189
0.020905	0.007477	-0.039216
-0.000153	-0.020294	-0.043183
0.020294	-0.011444	-0.014801
0.022126	0.009003	0.045319
0.059968	0.045014	0.159762
0.040131	0.020600	0.071870
0.028534	0.003510	-0.013886
0.017548	0.007782	0.020905
0.009003	-0.018463	0.022736
0.014191	-0.004425	0.032807
0.010529	0.000763	0.039216
-0.013275	0.005951	0.038911
0.014496	0.003204	0.018463
0.038605	-0.003510	0.014191
0.002594	-0.010529	-0.005341
0.018158	-0.011139	0.004425
0.015717	-0.021820	0.006256
0.021210	-0.012665	0.012970
0.005035	0.008698	0.057527
0.007172	0.000458	0.004730
-0.011749	-0.031586	-0.067597
-0.021515	-0.048676	-0.081025
-0.009003	-0.064546	-0.042573
-0.015412	-0.054780	-0.002899
0.037690	-0.037079	0.009003
0.092622	0.010224	0.081025
-0.027314	0.022736	0.016327
0.039216	0.049287	0.008698
-0.018769	0.006867	-0.008087
0.028534	0.005951	0.023651
0.059968	0.022736	0.073091
0.027619	-0.004425	0.004120
0.032807	-0.004120	-0.018158
0.006256	0.008698	-0.024567
-0.005341	-0.017853	-0.045319
-0.016632	-0.016327	-0.059052
-0.002899	-0.003815	-0.011139
0.028229	0.008087	0.035248
0.018769	0.013275	0.066377
0.030060	0.017243	0.057527
-0.005341	0.015717	0.051118
-0.002289	0.007782	0.033417
0.058747	0.025788	0.089876
0.049897	0.024567	0.093843
0.052033	0.011139	0.050202
0.028840	0.009918	0.007782
0.047456	-0.002899	-0.052033
-0.007477	-0.017853	-0.041352
-0.036164	0.005341	0.032197
0.069429	0.002594	0.046235
0.100862	-0.020294	0.003204
0.033417	-0.011749	0.017243
0.010834	-0.004120	0.021210
-0.018769	-0.025177	0.019379
-0.043488	-0.021820	0.031586
-0.073091	-0.008392	-0.004425
0.027008	-0.004730	0.054780
0.018769	-0.005341	0.028534
-0.029145	-0.043793	-0.043793
-0.045014	-0.040131	-0.069123
0.035554	-0.000458	0.039216
0.089876	0.041352	0.115511
0.132601	0.033417	0.056306
0.079500	0.016022	0.015106
0.034638	-0.016022	-0.057832
0.020294	0.005341	0.009003
0.008087	0.009918	0.039521
0.005035	0.019074	0.028229
-0.030976	-0.011139	-0.054475
-0.006561	-0.009003	0.010224
-0.001678	-0.036164	0.031586
-0.039521	-0.049287	0.000763
0.004425	-0.018463	0.074617
0.025483	0.001068	0.033112
0.022431	0.010834	0.005951
-0.002899	-0.006256	-0.010529
-0.045319	0.001068	-0.003510
-0.051118	0.007172	0.000763
-0.100557	-0.011139	-0.055085
-0.039826	0.019074	-0.028534
0.147555	0.052644	0.005951
0.114290	0.029145	0.074006
-0.003204	-0.006561	0.024567
-0.030365	-0.014191	-0.027619
-0.002594	-0.000153	-0.004730
0.029145	0.002594	0.004120
0.005646	0.004730	-0.001984
-0.021515	-0.000458	0.029450
0.001373	-0.001678	0.035248
0.023651	0.015106	0.055695
0.001068	0.007782	0.024872
-0.000153	0.006256	0.028534
0.019684	0.001984	-0.016938
-0.001373	0.000458	0.025788
0.000763	-0.008087	-0.005951
-0.005341	-0.003510	-0.009003
0.000458	-0.001068	0.028229
-0.010529	0.001373	0.024567
-0.014191	-0.019989	0.021820
-0.011139	-0.024567	-0.023346
0.027008	-0.028229	-0.029755
0.008087	-0.030060	0.027314
-0.025788	-0.017243	0.053559
-0.016022	-0.020905	0.037690
0.020905	-0.029145	-0.034943
0.010224	-0.012665	-0.017853
0.058137	-0.004730	0.013886
0.068208	0.050202	0.069734
0.036469	0.049592	0.073091
0.018769	0.038300	0.056916
0.027008	0.030060	0.040131
0.029450	0.010529	0.030060
-0.004425	-0.007782	-0.014801
0.017243	-0.007782	-0.025177
-0.001068	-0.019379	-0.030671
-0.009918	-0.012970	-0.030671
-0.005951	-0.001373	0.034333
-0.019074	-0.027314	0.020294
0.004730	-0.024262	0.027008
0.057527	-0.007782	0.017243
-0.000458	-0.027008	0.012665
0.005341	-0.024567	0.006867
-0.006256	-0.023041	0.022126
-0.015106	-0.042573	0.006867
-0.008392	-0.022736	-0.023651
-0.011749	-0.031586	-0.009918
-0.008087	-0.026398	-0.016938
-0.009918	0.008698	-0.018463
-0.040436	0.004425	-0.043183
-0.058137	-0.012360	-0.047150
-0.036774	0.012665	0.023346
0.047456	0.046540	0.088045
0.168917	0.037690	0.046845
0.099947	0.007477	0.035859
0.062715	0.005035	0.064546
0.024872	-0.020905	0.069123
-0.001678	-0.010834	-0.054170
0.009003	-0.011749	-0.037995
0.029450	0.019379	0.028534
0.017548	0.014496	0.074006
-0.012055	0.011444	0.064851
-0.101167	0.005341	0.049287
-0.134127	-0.005035	0.052644
-0.125582	-0.004425	0.084077
-0.004425	0.011749	0.062409
0.174411	0.019379	0.016327
0.099031	-0.001678	0.018463
0.092012	-0.011749	0.039826
0.046235	-0.008698	0.014191
0.017548	-0.018463	0.047150
0.019074	-0.037690	-0.009918
0.005341	-0.033112	0.009613
0.005951	-0.044404	0.022126
-0.011749	-0.031891	-0.008392
0.004730	-0.013275	0.032197
0.006561	0.003204	-0.009003
0.016632	0.008698	-0.032197
0.052338	0.021515	0.024567
0.018769	-0.004120	-0.025483
-0.005951	-0.018769	-0.060578
0.016938	0.015106	0.067292
0.049897	0.010834	0.076753
0.020905	-0.007782	0.031891
-0.010834	-0.012970	0.028840
-0.036774	-0.035554	-0.016938
0.028229	-0.035248	-0.085298
-0.051423	-0.041352	-0.028534
-0.011749	0.012970	0.071260
0.009003	0.013275	0.066682
0.014801	-0.016632	0.005646
0.053254	-0.032502	-0.063020
0.017548	-0.015106	-0.030671
0.022736	-0.001068	0.020905
0.038605	0.003510	0.030060
0.008087	0.007782	0.063630
0.005341	-0.000153	0.062409
-0.006867	-0.011139	0.019684
-0.003815	-0.016327	0.004425
-0.010529	-0.015412	0.005646
-0.058442	-0.032807	0.016327
0.043793	-0.004730	0.081025
0.123140	0.061799	0.182956
0.039826	0.010529	0.066377
0.014496	0.005951	-0.028840
0.013581	-0.004120	-0.028534
0.013886	-0.025788	-0.031891
0.006867	-0.022126	0.000153
-0.026093	0.003204	0.018769
-0.024872	-0.016327	-0.041352
-0.015412	0.001678	0.038911
-0.016327	-0.008087	0.028229
0.036774	0.003815	-0.013886
0.037079	0.005951	-0.019684
0.026398	0.005341	0.006256
-0.033112	-0.012055	-0.016022
-0.037690	-0.019989	-0.036164
-0.049897	-0.005951	0.025788
-0.080110	-0.023651	0.002289
0.027924	0.014496	-0.001678
0.089570	0.016022	0.032197
0.074617	0.020600	0.037690
0.092622	0.031891	0.020294
0.073091	0.031891	0.001068
0.055695	0.019379	-0.020905
0.029450	0.014496	0.004425
0.022126	0.025788	0.060273
0.011444	0.008392	-0.001373
0.006256	-0.002289	-0.008392
0.006867	-0.004120	-0.057221
0.017548	0.008392	-0.003510
0.010529	0.000458	0.040742
-0.014801	-0.004425	-0.019074
-0.017243	-0.004730	0.010224
-0.007782	-0.008698	0.070649
0.018769	-0.008392	0.013886
0.037385	-0.016632	0.018769
0.025788	-0.017853	0.003815
0.035554	0.000458	0.055695
0.017853	-0.006867	0.057527
0.021515	-0.010834	0.043488
0.022431	-0.008392	0.044404
0.016938	-0.018158	0.049897
-0.019989	-0.039826	0.017243
-0.013581	-0.031586	-0.016327
-0.004730	-0.020600	-0.048676
-0.008087	-0.005341	-0.020294
0.003815	0.005035	0.016022
0.023957	-0.004120	0.064546
0.099947	0.017548	0.084993
0.023346	-0.031891	0.054780
0.003815	-0.019684	0.082246
0.006867	-0.035859	-0.002594
-0.001068	-0.023346	-0.017548
0.015412	-0.005951	0.015717
0.006561	-0.007782	0.033417
0.002289	0.014191	0.027008
0.004730	-0.018158	0.003204
0.003815	-0.021210	-0.049287
-0.023957	-0.034028	-0.102388
-0.052338	-0.010224	-0.097505
-0.074311	-0.017853	-0.033722
-0.048371	0.006867	0.019684
0.076448	0.044709	0.064546
0.139925	0.033112	0.063325
0.072786	-0.013886	0.012055
0.036774	-0.023041	0.016632
0.003510	-0.025483	0.007172
-0.023346	-0.024262	-0.027619
-0.000153	-0.004425	-0.015412
0.015106	0.001373	0.012055
0.022431	-0.002899	0.027314
0.005951	-0.014496	0.004730
-0.016632	-0.002594	-0.011139
-0.029145	0.003815	-0.014191
-0.007477	-0.000153	-0.023346
0.098726	0.013581	0.022431
0.035248	0.023041	0.022126
0.020294	0.023346	-0.004120
0.021515	0.019379	0.017853
0.020294	0.018158	0.031891
0.096284	0.036469	0.064851
0.036774	0.003510	-0.005951
0.006561	-0.017243	-0.040436
-0.016022	-0.031586	-0.065461
-0.070954	-0.022736	-0.102693
-0.059663	-0.024262	-0.082856
-0.081025	-0.024262	-0.015106
-0.059968	-0.001984	0.005646
0.048676	0.034638	0.087129
0.197604	0.070344	0.191196
0.186618	0.072175	0.137789
0.050813	0.012970	0.079805
0.052644	-0.016022	0.064851
0.038300	-0.005646	0.063935
-0.039826	-0.013886	0.021515
-0.023041	-0.011749	0.023041
0.005035	0.001984	0.012970
0.023346	-0.008087	0.029145
-0.051728	-0.025177	-0.018769
-0.054170	-0.028840	-0.058747
0.006867	-0.030976	-0.035859
0.057527	-0.016938	0.018463
-0.077668	-0.026093	-0.006867
0.055695	-0.028534	0.000763
0.043793	-0.034943	0.024567
0.011139	-0.019074	0.017548
0.052949	0.017548	0.086519
0.053559	0.012970	0.117952
0.050202	0.020294	0.062409
0.039826	0.021820	0.057527
0.041962	0.011749	0.055695
0.016938	0.013581	0.052033
0.018158	0.003815	0.003815
0.011444	0.002289	0.021515
0.008698	-0.018463	0.007172
-0.000458	-0.007477	0.008392
0.003204	-0.011139	-0.015412
0.001068	-0.020905	-0.013886
0.001373	-0.007477	-0.027008
-0.021515	-0.020600	-0.019989
-0.015717	-0.017853	-0.016022
-0.001373	-0.003510	0.003204
0.028534	0.002594	0.057221
0.085908	0.024262	0.102693
-0.001068	-0.003815	0.012970
-0.005035	-0.002899	-0.008087
0.050202	0.009003	0.015412
0.042878	0.014191	-0.004120
0.017853	0.011749	0.002899
0.010834	-0.013275	-0.022126
0.001068	-0.013886	-0.058747
-0.035859	-0.028534	-0.102388
0.004120	-0.012970	-0.068208
0.000763	-0.008698	0.008087
0.006561	-0.005035	0.019074
0.005341	0.004425	0.082856
0.006256	0.008392	0.064240
0.040436	0.001678	0.022431
0.031281	0.006867	0.033417
0.041352	0.027008	0.021820
0.029755	0.018463	0.050813
0.025177	0.020905	0.045930
0.033722	0.009613	0.069123
0.001678	-0.006256	0.026093
0.026398	0.003204	0.013275
-0.014801	-0.027619	0.037690
0.006867	-0.020600	0.032502
0.014191	-0.008698	0.011444
0.022431	-0.002289	-0.008087
0.030365	-0.014191	-0.005035
-0.016938	-0.039216	-0.030671
-0.005951	-0.053864	0.004425
-0.034943	-0.026398	0.000458
-0.066377	-0.051423	-0.009918
-0.074006	-0.034333	-0.050813
-0.031586	-0.011444	0.005341
0.105135	0.029755	0.092012
0.100862	0.014801	0.056916
0.015106	0.004425	0.087129
-0.061189	-0.010529	0.001678
-0.088045	-0.006867	-0.029145
-0.076448	-0.001373	-0.016327
0.083162	0.029450	-0.038605
0.128634	0.011444	-0.030671
0.102083	0.021820	0.019379
0.120089	0.014496	0.088655
0.087739	0.003510	0.101472
0.023651	-0.004730	0.035248
-0.023651	0.008087	0.006256
0.002594	0.023957	0.034638
0.058137	0.010529	0.051118
0.054780	-0.016022	0.024567
0.017853	-0.016327	0.014191
0.018463	-0.012970	-0.029450
0.007172	0.001984	0.031891
0.009003	-0.007782	0.039216
-0.015412	-0.020294	-0.004730
-0.020600	-0.049592	-0.020294
-0.020905	-0.053864	-0.021515
-0.018158	-0.036774	-0.041657
0.009308	-0.025788	-0.086213
0.002594	-0.008087	-0.098726
0.029450	0.006256	-0.010224
0.037995	0.030976	0.070649
0.030671	0.022126	0.005341
0.014191	0.014801	0.052644
-0.006561	0.026093	0.073396
0.067292	0.045930	0.092622
0.028840	0.034638	0.085603
0.010834	0.019989	0.045624
-0.022736	0.003204	0.020905
-0.060883	0.002899	0.022431
-0.002594	0.015106	0.017243
0.071870	0.005341	0.075227
0.075532	0.007477	0.050813
0.093843	-0.016327	0.028229
0.031586	-0.037690	-0.053254
0.040742	-0.026093	-0.034943
0.006561	-0.019379	-0.001678
0.001373	-0.027008	0.010529
-0.001373	-0.016327	-0.010224
0.110323	0.015412	0.009918
0.074311	0.011139	0.001984
0.019684	-0.006256	0.009308
0.035248	0.029450	0.040436
0.048981	0.009918	0.096590
0.028534	0.018463	0.094453
0.000763	-0.006867	0.022431
-0.005951	-0.014496	-0.007477
0.027924	0.007172	0.102693
-0.004120	-0.009308	0.047456
-0.065156	-0.043183	0.023957
-0.030365	-0.027314	0.007477
0.034638	0.003510	0.059052
0.139925	0.027008	0.099336
0.101472	-0.025483	0.015106
0.024567	-0.026093	0.035554
-0.063935	-0.016632	-0.013581
0.036774	0.004730	0.012055
-0.008087	0.006867	0.027008
0.016327	0.008392	-0.010834
0.070039	0.007477	0.036774
0.030671	0.006256	0.061189
0.010529	-0.006256	0.047150
0.004425	-0.020905	0.016022
-0.005341	-0.019684	-0.003815
0.008087	-0.011444	-0.048981
0.023041	0.004425	-0.059968
0.039826	0.011749	-0.005035
0.011444	0.014191	-0.008698
0.014191	-0.006867	-0.004730
0.008087	0.013275	0.023346
-0.040131	-0.008087	0.063935
-0.084382	-0.019684	0.068208
-0.106661	-0.027619	0.031891
-0.098421	-0.016632	-0.005646
-0.010224	0.018463	0.028229
0.190890	0.029145	0.004425
0.202487	0.027924	0.004730
0.114900	0.017853	0.023346
0.062715	-0.003510	0.038300
0.052033	-0.012360	0.068208
0.035554	-0.028840	0.030060
0.010224	-0.042267	0.022431
0.011139	-0.025483	0.001068
0.019379	0.001373	0.036774
-0.001678	0.005035	0.018158
0.030671	0.033112	0.045930
0.019074	0.002899	-0.046540
0.010224	0.005646	-0.085908
0.017548	-0.003815	-0.017243
0.010224	0.004730	-0.025483
0.039216	0.007477	0.020600
0.047456	0.012360	0.005646
0.007782	-0.016938	-0.010224
0.002289	-0.005646	0.024872
0.001068	-0.003815	-0.005341
-0.011444	-0.012055	-0.015717
-0.009003	-0.008087	-0.015717
0.059968	0.030976	0.036469
0.045624	0.026398	0.046235
0.057527	0.020600	-0.044404
0.048676	0.023041	0.045930
0.024262	-0.001678	0.041657
0.017548	0.003510	0.085298
-0.025177	-0.024872	0.021515
-0.075532	-0.040436	-0.000153
-0.111543	-0.035554	0.038605
-0.082856	-0.036774	0.025177
-0.049592	-0.019074	0.051118
0.151217	0.022431	0.046540
0.103914	-0.005646	0.020905
0.053254	-0.026093	-0.030060
0.046845	-0.002594	-0.045930
0.065461	0.021515	0.015717
0.035248	0.012360	0.045014
0.027008	0.000458	0.052644
-0.006561	-0.041352	-0.033722
0.005035	-0.022736	0.009003
0.020294	-0.012665	0.027924
-0.010224	-0.024567	-0.065156
0.024262	-0.012360	-0.016327
0.054780	0.032807	0.055695
0.026093	0.020905	0.041352
0.010224	0.021820	0.051423
-0.002899	0.009003	0.036469
0.035554	0.018463	0.018463
0.052949	0.001984	-0.015106
0.012665	-0.024872	-0.050507
-0.004730	-0.001984	-0.087434
-0.012970	0.010529	0.011139
-0.023651	-0.006561	0.047150
-0.044099	-0.015106	0.037079
-0.020600	-0.017243	0.020905
-0.007477	-0.031891	0.035248
0.004425	-0.041962	0.041352
0.022431	-0.036164	0.033417
0.118257	-0.021515	0.000458
0.066682	-0.001678	-0.016022
0.008087	-0.013275	-0.016632
-0.042573	-0.006561	0.045930
-0.076448	-0.012665	-0.000458
0.001068	-0.006867	0.036774
0.027924	0.022736	0.056001
0.090791	0.049287	0.087739
0.100862	0.034333	0.105440
0.025788	-0.000763	0.046845
0.022736	-0.011139	-0.009918
0.027314	-0.014496	-0.001068
0.007477	-0.013581	0.018158
0.012970	-0.000763	0.019684
0.003815	-0.006256	0.029755
0.001984	-0.021820	-0.025483
-0.008087	-0.036164	-0.075227
-0.032197	-0.049897	-0.127718
-0.024567	-0.055695	-0.096895
0.007477	-0.011749	0.102388
0.004425	-0.006561	0.066682
-0.013886	-0.009308	0.053559
-0.020905	0.004425	0.075532
-0.036774	-0.012055	0.053559
0.062104	0.012665	-0.041352
0.068208	0.019684	-0.000763
0.027008	0.036774	0.069734
0.042267	0.025177	0.045930
0.047150	0.001373	0.005646
0.177462	0.018769	0.081025
0.133822	-0.007782	0.045014
0.047456	-0.018463	0.001984
0.019684	-0.013886	0.021820
0.038300	-0.017548	0.033417
0.031586	-0.032502	-0.045014
0.007172	-0.019989	-0.023957
-0.011444	-0.009003	0.034638
-0.030976	-0.008087	0.073701
-0.004120	0.000458	0.034638
-0.010224	-0.027008	-0.019989
0.154574	-0.017243	0.008698
0.055390	-0.008087	0.010529
-0.039216	-0.036164	0.014496
-0.005341	-0.015717	0.033112
-0.008392	0.014191	0.063325
0.022126	0.007477	0.074006
0.033417	0.002289	0.061189
-0.009308	-0.026093	0.034638
-0.017853	-0.026093	0.028229
-0.030671	-0.032502	0.042267
-0.027008	-0.024567	0.011139
-0.019989	-0.013275	0.041352
-0.032807	-0.037079	-0.034333
-0.007477	-0.040436	-0.042878
0.005646	-0.025177	-0.042878
0.012055	0.003510	0.003204
-0.030671	-0.009918	0.023957
-0.067597	-0.007477	0.040131
-0.017853	-0.018158	0.041962
0.060578	0.000763	0.079500
0.148165	0.031586	0.095674
0.078279	0.022736	0.056306
0.077668	0.020905	0.002899
0.042267	0.019684	0.042878
0.019989	0.010224	0.022126
0.034638	0.032197	0.023651
0.039216	0.028534	0.005646
0.054170	0.016938	-0.030976
0.008392	-0.034638	-0.074617
0.013886	-0.029450	-0.050507
-0.012360	-0.025177	0.001373
-0.013581	-0.036774	0.010224
0.004120	-0.010224	-0.001678
0.020600	0.005951	-0.044099
0.055085	0.041047	0.043488
0.066682	0.042878	0.074006
0.032197	0.027008	0.028229
0.045319	0.022431	0.028534
-0.003510	-0.000153	0.027619
-0.008087	-0.007477	0.012055
-0.006256	-0.003815	0.019379
-0.025483	-0.009613	0.025177
0.018463	-0.006256	-0.030671
-0.012055	-0.017243	-0.016327
0.014801	-0.005341	-0.035859
0.084382	0.006867	0.009918
-0.001373	-0.029755	-0.066682
0.011139	-0.007477	-0.025483
0.005341	-0.027314	-0.053559
0.010529	-0.029145	-0.040742
0.006867	-0.012970	-0.005035
0.031281	0.008392	0.072175
0.020600	-0.021210	0.078279
0.031586	0.005341	0.067903
0.000763	-0.005951	0.036469
-0.011139	0.020294	0.080720
-0.038605	0.022126	0.084382
-0.065156	-0.005951	0.049287
-0.040436	-0.009918	0.040742
0.098421	-0.011749	0.049897
0.115816	-0.003204	0.023041
0.023651	-0.020294	0.003510
-0.035248	-0.000153	-0.018158
-0.044709	-0.033417	-0.023041
-0.041352	-0.040436	-0.021210
0.146029	0.002594	0.047150
0.136568	-0.001984	0.062715
0.037690	-0.009918	0.013581
-0.022736	-0.013275	0.046540
-0.073701	-0.027924	0.025788
-0.063325	-0.023041	0.022126
0.023651	0.016938	0.020294
0.133516	0.023957	-0.014496
0.053254	0.018769	-0.011139
0.037079	0.036469	0.049897
0.035554	0.015717	0.062409
0.012970	0.009308	0.007477
0.014191	-0.009613	0.030365
0.020600	-0.019074	-0.000153
0.033417	-0.025177	-0.049287
0.002594	-0.019684	0.010834
-0.016632	-0.027924	0.013581
-0.001984	-0.009918	0.044099
-0.018158	-0.018158	0.005646
0.005035	0.011749	-0.014496
0.025177	0.014801	0.012055
0.008698	0.019989	-0.002594
0.012360	0.019989	-0.002899
0.010224	-0.010834	-0.014496
0.025788	0.017548	0.066072
0.006561	0.017243	0.084382
0.001678	0.009918	0.014801
0.003510	-0.014191	0.055695
0.027619	-0.007477	0.012970
0.058442	0.004425	-0.014801
-0.009308	-0.031586	-0.036469
-0.066377	-0.021820	-0.056306
-0.005035	0.002289	-0.003204
0.021210	-0.017853	-0.045014
0.017548	-0.013275	-0.045319
0.012360	-0.005646	0.015412
-0.005341	-0.005646	0.005951
-0.010529	0.001984	0.045014
-0.024872	-0.027314	0.012970
-0.035248	-0.036469	0.000153
0.031586	-0.017548	0.058137
0.041657	-0.021210	0.068818
0.012055	-0.008392	0.044099
-0.047761	-0.006561	0.040131
-0.033417	-0.011444	0.013275
-0.000153	0.001373	0.034028
0.064851	0.027314	0.012970
0.088045	0.009918	-0.019074
0.134432	0.028534	0.051728
0.113069	0.034638	0.037690
0.047456	0.005035	0.070344
0.025788	-0.013886	-0.026093
-0.012665	-0.004425	-0.004730
0.028229	0.011444	0.023041
0.005646	0.001678	0.006256
0.004730	-0.013581	0.028840
-0.006867	-0.022736	0.010529
-0.020600	-0.012665	0.068818
-0.030365	-0.017243	0.070039
-0.045319	-0.033417	0.040131
0.012055	-0.040131	0.008392
-0.032502	-0.049897	-0.037385
-0.029145	-0.037079	0.007782
0.013886	0.011139	0.066682
0.165560	0.039826	0.085908
0.069123	-0.014801	-0.037385
0.034333	-0.014191	-0.067597
0.027008	-0.019074	-0.085908
0.000458	-0.023346	-0.120699
0.053559	0.026093	0.048066
0.035554	0.030671	0.088045
-0.020905	0.014191	0.103304
-0.027314	0.005951	0.112154
-0.019989	-0.004730	0.093843
-0.024262	0.004730	0.096590
0.108797	0.030365	0.105440
0.079194	-0.009308	0.011749
0.071260	-0.034638	-0.016632
0.045014	-0.034333	-0.031586
0.067597	-0.026093	0.019074
0.035859	-0.026093	0.001984
-0.039826	-0.016632	0.039521
-0.013581	-0.009003	0.038911
-0.005341	-0.011749	0.006561
-0.001984	-0.030060	0.012055
-0.081636	0.004120	-0.008087
-0.103914	0.013581	0.006867
-0.002899	0.023957	0.055390
0.091096	0.018463	0.050202
0.019684	0.014496	-0.025788
0.023651	-0.015106	0.018158
0.013275	-0.009308	0.077974
0.005646	-0.026703	-0.001373
0.012360	-0.034028	-0.030976
0.036164	-0.000458	0.022431
0.039216	-0.005646	0.052033
0.036469	-0.007477	0.043183
0.029450	0.004730	0.028534
0.081025	0.030671	0.030671
0.032502	0.046235	0.068513
0.012055	0.016938	0.036164
0.027619	0.017243	-0.005035
0.030671	0.012360	-0.022126
0.020905	0.004425	0.012360
0.016022	0.002899	0.040131
0.032807	-0.008087	0.013275
0.193332	-0.032807	-0.001373
0.400549	-0.043793	0.024872
0.330053	-0.049592	0.007172
0.116121	-0.030060	0.034333
-0.308080	-0.026703	-0.005951
-0.337072	0.003510	-0.009003
-0.271153	0.018158	-0.009613
-0.004425	0.005951	-0.087434
0.026398	0.013581	0.006561
-0.001068	0.007782	0.027008
-0.025483	0.005951	0.034638
-0.046845	-0.015717	0.007477
-0.007782	-0.011749	-0.009003
0.018463	-0.000153	0.017548
0.007782	-0.009613	0.030060
-0.046235	-0.041962	-0.026093
-0.073396	-0.037079	-0.013581
-0.076448	-0.072480	-0.076143
-0.080110	-0.060578	-0.099031
0.008698	-0.034638	0.020600
-0.057832	-0.021820	0.057527
0.005035	0.025788	0.093538
0.130770	0.046235	0.095674
0.155489	0.017853	0.041657
0.052644	0.018769	0.022431
-0.015106	-0.007782	0.015412
-0.005951	-0.002899	-0.021515
0.017243	0.009308	0.021820
-0.001678	0.027008	0.034638
-0.014191	0.016327	-0.026398
0.065766	0.020905	0.076753
0.128023	0.016938	0.090486
0.065766	-0.006256	0.049287
-0.023651	-0.017853	0.031281
-0.011749	-0.008087	-0.000763
0.036774	-0.008087	-0.017548
0.043488	0.005646	0.015106
0.024567	0.003815	0.016022
0.016938	-0.007782	0.019074
0.019684	-0.029755	0.003204
0.004730	-0.028840	-0.037995
0.006561	-0.017243	-0.030671
-0.002289	-0.026093	-0.000458
0.012970	-0.017243	-0.023957
0.015106	-0.007782	-0.015717
0.001984	-0.008087	-0.043183
0.005951	-0.027314	-0.032807
-0.008087	-0.010224	0.020600
0.030060	0.025177	0.067597
0.080110	0.018463	0.083467
0.045014	0.005646	0.049287
0.010834	-0.037995	0.001068
0.041962	-0.018769	-0.009613
0.039826	0.019989	0.086519
0.055085	0.029145	0.077974
0.070039	0.037079	0.063630
0.006561	0.021820	0.039826
-0.060273	0.006867	-0.008087
-0.081636	-0.015106	0.018463
-0.056916	-0.021210	0.011749
-0.002899	-0.034333	0.007782
0.062409	-0.036164	-0.006867
0.085298	-0.015106	0.032807
0.075532	-0.012055	0.020600
0.047150	-0.004120	0.020905
0.059968	0.011749	0.028534
0.054780	0.010224	0.007172
0.040131	0.010834	0.030060
0.037385	0.004120	0.057221
0.018769	0.009003	0.069734
0.013275	-0.020294	-0.015412
0.010529	-0.028534	-0.035248
0.027924	-0.005646	0.038605
0.003204	-0.003204	0.023651
0.028229	-0.004120	0.026398
0.074311	0.015717	0.027924
0.031891	0.012055	0.022431
0.016938	0.001068	0.030060
0.020600	0.004120	-0.001678
0.018769	-0.009613	-0.049897
0.032807	-0.020294	-0.044099
0.020294	-0.003204	0.002899
-0.016632	0.013581	0.045014
0.012360	0.008087	0.030365
0.051423	0.005951	0.022431
0.045319	-0.007477	0.023957
0.037079	-0.019379	0.000153
-0.067597	-0.027924	0.004730
-0.186007	-0.050202	0.034638
-0.164645	-0.027924	0.005646
-0.103914	-0.005035	-0.029145
0.106661	0.030365	0.012970
0.247044	0.042267	0.053864
0.062409	-0.028229	-0.062409
0.022126	-0.020905	-0.105135
0.035554	0.000458	-0.016022
0.032197	0.036164	0.053864
0.019379	0.016632	0.036774
0.014496	-0.003815	0.011444
-0.001373	-0.014496	-0.002289
-0.008087	-0.015717	-0.012055
0.001068	-0.025788	0.028840
0.043183	0.009613	0.093538
0.027924	-0.002594	0.081941
0.028534	-0.000458	0.061494
0.052644	0.032807	0.118257
0.020905	0.024567	0.093843
0.009003	0.018463	0.044099
0.024872	0.011444	0.050507
0.038911	0.023346	0.034028
0.010834	0.030060	0.015717
0.007477	0.004120	0.006867
0.067292	0.009003	0.028229
0.026093	-0.010224	-0.023346
0.020905	-0.004120	0.031586
0.016327	-0.006256	0.041047
0.019989	-0.003510	-0.013581
0.012665	-0.009308	-0.043488
0.028534	0.008392	-0.002594
-0.030365	-0.001678	0.008392
-0.091096	-0.020905	0.003815
-0.105135	-0.021515	0.025177
-0.044709	-0.016327	0.023041
0.075837	0.003815	0.017853
0.122530	0.004730	0.043488
0.072175	-0.007782	-0.031891
-0.005035	-0.028229	-0.085298
0.019989	-0.032807	-0.012055
0.041352	-0.003510	0.068208
0.068513	-0.000763	0.151522
0.059968	0.018769	0.105440
-0.194247	-0.014191	0.051728
0.070344	0.027314	0.065461
0.152743	0.018463	0.029145
0.112154	0.014496	0.018158
0.044709	0.007477	-0.019074
0.036774	-0.000153	-0.002594
0.014191	-0.012970	-0.054170
-0.006256	-0.016327	-0.021820
0.018158	-0.021210	-0.013886
0.031586	-0.016632	0.017853
-0.023346	-0.029755	0.017853
-0.003204	-0.032502	-0.016022
0.003815	-0.008698	0.000153
0.043183	0.016327	0.023957
0.078279	0.047456	-0.013581
0.035859	0.020600	-0.039521
0.035554	0.003510	-0.037690
0.027008	0.009003	0.045319
0.046540	0.013886	0.065461
0.030060	0.013581	0.070649
0.017548	0.018158	0.087434
-0.007477	-0.015717	0.020294
-0.006867	-0.005341	0.004425
-0.003815	0.006867	0.004120
-0.016938	-0.016632	-0.025483
-0.000458	-0.009308	-0.029755
0.016938	0.003815	0.051728
-0.011749	-0.020905	-0.002289
-0.066682	-0.039521	-0.028229
-0.062409	-0.013581	0.026093
-0.050202	-0.016938	0.059052
0.047150	0.011749	0.068208
0.017243	0.009613	0.051423
0.070649	0.006256	0.049287
0.114290	0.016327	0.001068
0.062715	0.016327	0.054475
0.039826	0.012970	0.038300
0.039521	0.025177	0.074922
0.021820	0.012055	0.050813
0.012055	-0.021515	0.037995
-0.002289	-0.024262	-0.005951
0.004120	-0.024262	-0.044404
0.004120	-0.020905	-0.008698
-0.001068	-0.017548	-0.037690
-0.005341	-0.024872	0.026398
-0.002899	-0.017853	0.014801
0.011444	-0.023957	0.034028
0.025177	-0.009613	0.073701
0.009308	-0.015717	0.069734
0.016632	-0.026093	0.016632
0.012360	-0.032502	-0.026398
0.017243	0.005646	0.033112
0.003204	-0.017243	-0.012665
0.016938	0.003815	-0.044404
0.028229	-0.006561	-0.011444
0.029755	-0.000153	0.036469
0.033417	0.018463	0.097810
0.014191	0.001373	0.013275
0.014496	0.002289	-0.030671
0.027619	0.010529	-0.002289
0.052338	0.021515	0.095369
0.058442	0.008392	0.090486
0.041962	0.004120	0.040436
0.045014	-0.002899	-0.015412
0.031281	-0.017548	-0.032807
0.045319	-0.012055	0.012970
-0.019074	-0.007477	0.062715
-0.042878	-0.005646	0.072175
-0.077974	-0.019989	0.020905
-0.076143	-0.005951	0.011444
-0.019379	0.034943	0.105745
0.035248	0.027619	0.045319
0.114900	0.027008	0.028840
0.056611	-0.007477	-0.008392
0.025177	-0.017243	-0.036164
0.012360	0.000153	-0.033417
0.052338	0.012055	0.020294
0.016938	-0.009613	0.010224
0.011139	-0.016632	0.016327
0.029450	-0.010224	0.015412
0.001984	0.005951	0.006256
-0.048676	-0.011139	0.029450
-0.059052	-0.027924	0.001068
-0.055695	-0.009613	-0.019989
0.075227	0.006256	0.036469
0.175937	0.025177	0.034333
0.069429	0.001678	0.070954
-0.063630	-0.032502	0.057221
-0.093538	-0.013886	0.062104
-0.072175	0.001068	0.043183
-0.019074	-0.001984	0.012665
0.065461	-0.015717	-0.019074
0.046235	-0.056611	-0.051728
0.050202	-0.051118	-0.121614
0.034638	-0.026398	-0.093233
0.078279	0.006561	0.081331
0.031586	-0.007477	0.055085
-0.017853	-0.029755	-0.007477
0.044099	-0.004730	-0.034638
-0.059663	-0.010224	-0.041657
-0.048371	0.003815	-0.071565
0.028229	0.030976	0.016022
0.025483	0.032807	0.038605
0.043488	0.013581	-0.009613
0.084382	0.003510	0.051728
0.060578	0.004730	0.096895
0.049287	0.013886	0.080415
0.060578	0.009308	0.056916
0.038300	0.011749	-0.004120
0.047761	-0.006867	-0.031586
0.033112	-0.016632	0.022736
-0.002899	-0.043488	-0.006867
-0.029755	-0.056001	-0.006256
-0.081941	-0.080415	-0.028840
-0.058137	-0.044404	-0.013581
-0.013581	0.007172	0.038911
0.108186	0.082551	0.120089
0.125887	0.074617	0.173190
0.076753	0.041047	0.081636
0.051118	0.024567	-0.015106
0.043488	0.030365	0.034638
0.020600	0.005341	0.045014
-0.008698	-0.002594	0.005951
-0.025788	-0.015412	-0.001984
0.000458	-0.008087	-0.018769
0.034943	-0.013886	-0.027619
-0.006561	-0.027619	-0.034028
0.037385	0.001678	-0.001068
-0.035554	-0.005646	0.046235
-0.037995	-0.033112	-0.016022
0.037690	-0.014801	-0.025177
0.012970	0.002594	-0.077363
-0.009003	0.016022	-0.010529
-0.002289	0.005951	-0.023041
-0.000763	-0.001984	-0.021820
0.004730	0.007782	0.013581
0.017853	0.023346	0.082551
0.015412	0.022126	0.063935
0.005646	-0.009613	0.011139
0.013886	-0.005341	-0.026398
0.021820	-0.014496	-0.009613
0.006256	-0.029145	-0.009918
0.002594	-0.020294	-0.021820
0.009003	-0.033112	-0.004425
0.030365	-0.006256	0.078584
0.030060	-0.005341	0.064240
0.016022	-0.002594	0.014496
0.007477	-0.012360	0.032197
0.016022	0.004425	0.071260
0.013886	0.011139	0.067597
0.017548	-0.007782	0.030976
0.010529	0.005951	0.042878
0.020294	-0.003815	-0.004730
0.038300	-0.003204	-0.016022
0.033112	-0.016022	0.030365
0.039216	0.023041	0.077668
0.002594	-0.003815	0.013886
-0.001984	-0.034943	-0.047150
0.029755	-0.025177	-0.005951
0.027008	-0.001373	0.009613
0.002899	0.022126	0.032502
0.027008	0.019989	0.061189
0.026398	0.000763	0.046540
0.011444	0.012665	0.049897
0.028840	0.007477	0.016632
0.028229	-0.000458	-0.008087
-0.003510	-0.015106	0.030060
-0.031891	-0.037385	-0.016327
-0.044404	-0.041962	-0.059052
-0.039216	-0.033112	-0.045319
-0.026093	-0.030671	-0.044709
0.035248	-0.009003	-0.022126
0.037995	0.004120	0.032197
0.032807	0.028229	0.072480
-0.041962	-0.001068	0.041047
-0.030976	-0.011444	0.003204
-0.006561	-0.014496	-0.039216
0.052644	-0.013581	0.020905
0.045319	-0.020600	0.003204
0.012360	-0.007477	0.025483
-0.037079	0.017243	0.045930
-0.078584	0.006256	0.047150
-0.097810	0.008698	0.019379
-0.114290	0.025483	0.057527
0.071870	0.038911	0.052949
0.123751	0.029450	0.087739
0.084077	0.006561	0.053254
0.139620	-0.003510	0.019074
0.074311	-0.014191	-0.004120
0.092012	0.004730	0.048066
0.107576	0.028229	0.066377
0.066072	0.016022	0.032807
0.026093	-0.012665	0.002899
-0.005035	-0.030976	-0.068513
0.031586	-0.016327	-0.054170
-0.016632	0.004425	0.035554
0.021820	-0.000763	0.070649
0.023957	-0.012665	0.029450
0.022736	-0.019074	0.051728
0.027619	-0.009613	0.047456
0.009918	-0.027619	-0.040436
0.007477	-0.002899	-0.016022
0.026398	-0.009003	-0.032197
0.021210	-0.015106	-0.006867
-0.018158	-0.018463	-0.019074
-0.042573	-0.019074	0.018158
-0.033722	-0.005951	-0.016022
0.043183	0.019684	0.059663
0.009918	0.027619	0.107576
0.041352	-0.005035	0.084077
0.017853	-0.019684	0.092927
-0.009613	-0.013275	-0.007477
0.097200	0.004120	-0.002594
0.062104	-0.005646	-0.002594
0.033417	-0.022431	-0.019684
0.017853	-0.026093	0.011749
0.010529	-0.023957	0.012360
0.044709	0.003510	0.030671
0.049287	0.034943	0.067597
0.029755	0.032807	0.007477
0.036469	0.022126	0.001373
0.043793	0.015717	0.037079
0.020600	0.006867	0.021210
0.007477	0.001678	0.001984
0.000763	0.001678	0.010224
0.038911	-0.006867	0.012970
0.002594	-0.020294	0.002289
-0.068818	-0.036164	-0.100557
-0.057221	-0.023651	-0.035554
0.001373	0.001068	0.044404
0.021210	0.017548	0.070039
0.067597	0.026398	0.066682
0.057221	0.017853	0.092622
0.050813	0.022431	0.070954
0.034333	0.026093	0.070954
0.005951	0.001373	0.036469
0.016938	-0.005646	0.005646
-0.013275	-0.030671	-0.010834
-0.008392	-0.049897	-0.066987
0.021820	-0.049592	-0.133516
0.032197	-0.038300	-0.101778
0.022431	-0.017548	0.022126
0.034333	0.006561	0.060273
-0.017853	0.014191	0.091707
-0.036164	0.001068	0.045014
0.056001	0.011139	0.042878
0.099031	0.023041	0.034943
-0.003815	-0.009918	0.010224
-0.005035	0.007172	0.011139
-0.042573	-0.013886	0.051118
-0.052949	-0.025788	-0.009308
-0.046540	-0.030365	-0.007477
0.007782	-0.021210	-0.011139
0.086824	-0.018158	0.009918
-0.026398	-0.045624	0.012360
-0.095979	-0.064851	0.018463
-0.101167	-0.063020	0.027619
-0.016938	-0.024262	0.017548
0.137179	0.004730	0.024567
0.116426	0.012055	0.026093
0.068208	-0.005035	0.007477
0.081636	0.017548	0.016022
0.066072	0.022126	0.017243
0.043183	0.020905	0.041047
0.013275	0.011749	0.066987
-0.027314	-0.003204	-0.005035
-0.044404	-0.027619	-0.103304
-0.016632	-0.017853	-0.067903
0.019989	0.015717	0.045014
0.067597	0.023041	0.170748
0.097200	0.012360	0.174411
0.009613	-0.010529	0.057527
-0.040131	-0.022431	0.014191
-0.053559	-0.014801	0.009918
-0.016022	-0.001068	0.016632
0.067292	0.026398	-0.009003
0.105135	0.029145	0.030060
0.115206	0.026398	0.034638
0.042573	0.023041	0.082246
0.013275	0.005951	0.118868
0.022736	0.013581	0.104524
0.004730	-0.018463	-0.065461
0.012360	-0.027008	-0.138705
0.005646	-0.044709	-0.052644
0.008392	-0.011749	-0.012665
0.041047	0.002289	0.036469
0.019989	-0.003510	0.011749
-0.020600	-0.001984	-0.012055
0.010834	0.010529	0.026398
0.013886	0.003204	-0.001373
0.035554	0.007477	-0.056611
0.061189	0.044709	-0.061494
0.009308	-0.001373	-0.163424
-0.029145	-0.002594	-0.079194
-0.016632	0.002899	0.043183
-0.001678	-0.015717	0.023651
0.012360	-0.004730	0.058137
0.040436	0.015412	0.099947
0.037995	0.005646	0.075227
0.038300	-0.016022	0.095369
0.013275	-0.034943	0.051118
0.055695	-0.034028	-0.004120
0.021820	0.001068	-0.086213
-0.040436	-0.006256	-0.114900
0.002594	-0.008698	-0.044404
0.075837	0.011444	0.000458
-0.056611	-0.007782	-0.012055
-0.021210	-0.012970	-0.000763
0.086824	0.021210	0.033417
0.016632	-0.000458	0.015412
-0.018769	0.015106	0.031586
-0.048371	-0.004120	0.085908
-0.081331	-0.026398	-0.005035
-0.027619	-0.015106	0.033417
0.114595	0.002289	0.025177
0.102998	0.003510	0.012970
0.037690	-0.005035	0.041047
0.033722	-0.003204	0.068208
0.020294	-0.008392	0.110628
0.023957	0.000763	0.071870
0.024567	-0.000153	0.045319
0.009918	-0.002594	0.020294
0.014496	0.006867	0.028840
-0.009613	-0.006256	-0.009613
0.004120	-0.034638	-0.001068
-0.009308	-0.054170	-0.031281
-0.022126	-0.044404	-0.023346
-0.047456	-0.027619	0.009003
-0.059663	-0.026398	0.045624
-0.029755	0.008698	0.046540
-0.009613	0.024262	0.044404
0.130159	0.038300	0.044099
0.125887	0.019074	0.019684
0.093233	-0.009613	0.027314
0.039826	0.014191	0.021210
0.012055	0.023651	0.067292
0.000153	0.016632	0.076143
-0.003815	0.016632	0.063325
0.049592	-0.002594	0.004120
0.026398	-0.026703	-0.036164
0.035554	-0.006256	0.008698
0.080110	-0.011444	-0.055390
0.072786	0.003204	0.045930
-0.010834	0.017243	0.130465
-0.028534	-0.009308	0.007477
0.009308	-0.012665	-0.005646
-0.034943	-0.016938	0.006256
-0.040742	-0.039521	-0.015717
-0.033112	-0.033722	0.004425
-0.001984	-0.011139	-0.041962
0.070649	-0.002289	0.010834
-0.008392	-0.014191	-0.002899
0.009918	0.004730	-0.025788
-0.012970	0.015106	0.013886
0.027924	0.012970	-0.014496
-0.033417	0.025483	0.018463
-0.009003	0.022126	0.021210
0.033112	-0.001678	0.000763
0.046845	-0.000153	-0.015717
0.091707	0.028840	0.049897
0.030976	-0.020600	0.001984
-0.018769	-0.053864	-0.011139
0.015412	-0.025177	0.013275
0.034333	0.002289	0.053559
0.039521	0.034638	0.130770
0.014801	0.008392	0.017243
0.024872	-0.000153	-0.023346
0.022431	0.005646	-0.007782
-0.004120	0.018158	0.024262
-0.047761	-0.014191	-0.027619
-0.057221	-0.031281	0.007782
-0.051118	-0.030671	-0.034333
0.052644	-0.001984	-0.000153
-0.033722	-0.024567	0.006256
-0.047761	-0.033722	0.014191
0.053559	-0.004120	0.003510
0.000458	-0.001678	0.028229
0.066987	-0.019684	0.000153
0.108186	-0.011139	-0.005341
0.064240	-0.034943	-0.052949
0.027924	-0.028534	-0.048981
0.036774	-0.001678	-0.045930
0.056001	0.038300	0.074922
0.065156	0.056611	0.054780
0.053254	0.035859	0.034333
0.042573	0.030365	0.021210
0.029755	0.027008	0.008698
0.027314	0.020294	0.002594
0.017548	0.008392	0.035248
0.006561	-0.000763	0.005035
0.023651	0.006561	0.051423
0.017548	0.001678	0.037690
0.016938	0.029450	0.050507
0.026093	0.021210	0.050813
0.023957	-0.013581	0.011444
0.048676	0.005951	0.030365
0.008698	-0.015106	0.001068
-0.005035	-0.026093	-0.012055
0.005341	-0.027619	-0.008087
0.006867	-0.028840	0.028229
-0.012360	-0.033112	-0.040131
-0.028229	-0.041657	-0.058747
-0.010529	-0.006867	0.012970
-0.014801	0.006256	0.012665
-0.022126	0.020905	0.099641
-0.002899	0.032807	0.146029
-0.008087	0.016938	0.115206
-0.045319	-0.006561	0.023957
0.084382	-0.012665	0.022126
0.078584	-0.004730	0.018463
0.079500	0.004730	0.024872
0.020600	0.015412	0.026093
-0.062409	-0.026093	0.011444
0.004425	-0.011749	0.019989
0.072786	-0.014801	0.016632
0.048371	-0.013581	-0.030365
0.037385	-0.014191	-0.041962
0.027008	-0.003204	0.002594
0.017243	0.000763	-0.016632
0.022431	0.010834	0.016938
0.012970	0.009003	0.070344
0.019989	-0.008087	0.037690
0.032197	-0.009003	0.095674
0.028840	-0.012360	0.073701
0.025177	-0.009308	0.044099
0.018463	-0.006256	0.010529
0.015106	-0.003510	-0.042878
-0.030060	-0.003204	-0.047761
0.020905	0.013275	0.046845
0.078889	0.029145	0.121614
0.049592	0.016632	0.064240
0.035554	0.005341	-0.003204
0.041657	0.007172	0.000153
-0.021515	-0.021820	0.000763
-0.055390	-0.019379	-0.016632
-0.052033	-0.014801	0.002289
-0.023957	-0.024872	-0.025788
0.037690	-0.008087	0.028840
0.079805	-0.002899	0.031891
0.021820	-0.031281	-0.022736
-0.002289	-0.024262	-0.027619
0.019989	-0.017548	-0.026093
0.028229	-0.003204	0.015106
0.043793	0.021820	0.045319
0.052949	0.024567	0.059968
0.049592	0.024872	0.073701
0.022126	0.023957	0.058747
0.011139	0.001984	0.032502
-0.015412	-0.014191	0.016632
-0.022736	-0.034333	0.015717
0.027008	-0.003204	-0.003204
-0.002594	-0.018158	-0.007782
0.077974	-0.002289	-0.019379
0.041962	-0.003510	-0.005035
0.009003	0.012970	-0.023041
-0.014191	0.005951	-0.006867
-0.035859	0.016938	0.073091
-0.089265	-0.005035	0.025483
-0.088350	-0.019684	-0.053864
-0.021515	-0.016938	-0.005341
0.046845	0.000763	-0.019379
0.086824	0.006561	0.038605
0.153048	-0.002899	0.036774
0.094453	0.005341	0.057527
0.048066	-0.015412	0.015106
0.010834	-0.038300	-0.043183
0.028229	-0.021210	0.012665
0.018463	-0.030365	-0.033112
0.011139	-0.034638	-0.064546
0.018158	-0.021515	-0.002594
0.010529	-0.005951	-0.045319
0.027314	0.014496	0.058137
0.016022	0.015412	0.066987
0.013581	-0.003510	0.009613
-0.035248	-0.005951	-0.029755
-0.027008	0.022736	0.037079
-0.023041	0.010224	0.016632
0.012055	0.005646	0.052033
0.075532	0.036164	0.085908
0.019379	-0.009918	0.045014
-0.025483	-0.010529	0.012970
-0.006256	-0.016022	0.018463
0.036469	-0.001068	0.022431
0.134127	0.001373	0.022431
0.066377	-0.047150	-0.036469
0.052644	-0.027619	-0.002594
0.043793	-0.014191	0.043183
0.012665	-0.015412	0.038605
-0.034943	-0.016632	0.014801
-0.035859	-0.015412	0.019684
0.005341	-0.009918	-0.016938
-0.013581	-0.014191	-0.064851
-0.095369	-0.003204	-0.059358
-0.066682	0.020905	0.099336
-0.053559	0.021515	0.062409
0.063325	0.000458	-0.023041
0.104829	0.043183	0.069123
0.095674	0.033112	0.104219
0.069123	-0.005035	-0.046540
0.029755	-0.004120	-0.029755
0.013886	-0.012665	-0.046540
0.026398	-0.002594	0.030671
0.045624	-0.010834	0.034333
0.023651	-0.002289	0.008698
-0.010529	-0.009003	-0.002289
0.016022	0.004120	0.023346
0.031281	-0.035248	-0.009003
-0.052033	-0.063020	-0.048981
0.047456	-0.061189	-0.049287
0.039826	-0.018158	-0.008392
-0.009918	0.023346	0.062715
0.034333	0.046235	0.021210
0.077058	0.038300	0.094759
0.060273	0.023957	0.134737
0.044099	0.013581	0.071870
0.028229	0.005646	0.038300
0.004120	0.005035	-0.009003
-0.010834	-0.012360	-0.004120
0.023041	-0.004730	0.059358
0.029755	-0.009918	0.060273
0.009613	-0.011749	0.044709
0.010834	-0.005646	0.023346
0.002289	-0.024872	-0.015412
-0.011749	-0.037385	0.025483
-0.020600	-0.030976	-0.014191
-0.005341	-0.000763	0.050202
0.000763	0.015106	0.062409
0.013275	0.016938	0.016938
-0.077974	0.002594	-0.011444
-0.010834	0.005341	0.043183
0.080720	0.015412	0.041047
0.159762	0.020600	0.056001
0.062715	-0.023651	-0.026703
0.009003	-0.013581	-0.027008
0.035248	-0.005035	0.012360
0.020294	-0.013581	0.036774
0.022736	-0.021820	0.032197
0.024262	-0.023346	0.007477
0.013886	-0.001068	-0.039216
0.026093	0.013275	-0.029450
0.015717	0.002289	-0.034638
0.021820	0.014496	-0.035859
0.016938	-0.001068	0.030365
0.008698	0.011139	0.065461
0.022126	0.009003	0.009308
0.015412	0.001678	0.004730
-0.009613	-0.001068	-0.001373
0.001984	-0.013275	0.013275
0.001068	-0.012360	-0.018769
0.034333	0.010529	0.037690
0.035859	0.011749	0.066377
0.002899	0.008392	0.021820
0.002594	0.005341	0.038605
-0.012360	-0.003204	0.039216
-0.016632	0.003204	-0.000763
0.032807	-0.004425	-0.029450
0.004425	-0.002899	0.020294
-0.015412	-0.008087	0.044709
-0.005341	-0.015412	0.007782
0.057221	-0.015717	0.040436
0.042878	-0.008698	0.007782
-0.041352	-0.034333	-0.023957
0.014191	-0.005341	0.014191
0.028534	0.003204	0.037079
0.026398	0.017243	0.073396
0.042267	0.017548	0.042267
0.090181	0.029450	0.099336
0.011444	0.000458	0.066072
-0.021820	-0.020600	-0.009918
0.055390	0.015412	0.034638
0.018769	0.012970	0.051728
0.013275	-0.010529	0.025788
0.015412	-0.009308	0.049287
0.023957	-0.013886	0.007782
0.039521	-0.006561	-0.019379
0.028840	-0.011444	0.027924
-0.018769	-0.008392	0.063325
-0.044404	-0.022736	0.016022
-0.044709	-0.036469	-0.064851
-0.020905	-0.019379	-0.087739
0.113375	0.033112	0.059968
-0.043793	0.039216	0.074006
-0.060578	0.013886	0.007782
0.052949	0.014496	-0.006867
0.091096	0.034943	0.059358
0.109102	0.013886	0.050507
0.032197	0.006867	0.044099
0.036164	0.003510	-0.016022
0.072786	0.018463	0.029145
0.023041	-0.027008	-0.031281
0.035554	-0.015106	0.023346
0.004120	-0.030671	-0.020294
-0.001984	-0.014801	-0.027008
0.012055	-0.009613	-0.001068
0.041657	0.013581	0.038911
0.027924	-0.010834	0.035248
-0.031281	-0.029145	0.007477
-0.012055	-0.023041	-0.015717
0.057221	0.003204	-0.044404
0.042573	-0.009003	0.008087
-0.014191	-0.016938	0.005341
0.029755	-0.001373	0.057527
0.041352	0.009918	0.084688
0.029450	-0.024872	0.023651
-0.040742	-0.040436	0.000458
-0.069734	-0.050813	-0.023651
-0.079805	-0.060578	-0.038605
-0.038300	-0.032197	-0.064851
0.047761	0.000153	-0.012055
0.057527	0.012665	0.046540
0.054475	0.017548	0.073091
0.016327	0.025788	0.037079
0.080415	0.042573	0.045319
0.062715	0.019379	0.045930
0.054475	0.020600	0.015106
0.019684	0.006867	0.009613
0.031586	0.023041	0.003510
0.003510	0.007172	-0.041352
0.024872	-0.012970	-0.039826
0.028534	-0.007782	0.009613
0.051728	0.017853	0.071565
0.039216	0.013275	0.060273
0.029145	-0.001373	0.019989
0.013581	-0.007782	0.011139
0.019074	-0.009308	0.054475
0.027314	0.010224	0.068818
-0.000153	-0.013581	-0.022126
0.018158	0.003815	0.025788
0.021210	0.003510	-0.023041
0.013886	0.010834	0.019074
-0.007477	-0.019379	0.002594
-0.011139	-0.024872	-0.027619
-0.005951	-0.027008	-0.017853
0.025483	-0.012055	-0.002899
0.016938	-0.009918	0.009918
0.019379	-0.018463	-0.024262
0.006256	-0.019684	-0.016938
-0.038300	0.005646	0.022736
-0.016022	0.000763	0.009308
-0.019989	-0.025483	-0.005035
0.072175	-0.010529	-0.010224
0.081941	-0.020905	-0.011139
0.052338	-0.009003	-0.011444
0.004425	0.013886	0.063325
0.005341	0.018769	0.139010
-0.012970	0.002289	0.041047
0.037995	0.005341	0.081636
0.051118	0.045930	0.103914
0.059052	0.047761	0.025177
0.023651	0.027314	-0.000763
-0.012970	0.030671	0.018463
-0.036469	0.022736	0.000763
-0.027314	0.021820	0.009613
0.046845	0.017853	0.034943
0.073701	-0.004425	0.049897
0.096284	-0.030671	-0.016327
0.017853	-0.020294	-0.048371
-0.014496	-0.027008	-0.043183
0.011139	-0.032197	-0.005341
0.005646	-0.018158	0.046845
0.028840	-0.012970	0.044709
-0.019379	-0.014496	-0.004120
0.054170	0.018463	0.031281
0.031586	0.002899	0.034638
0.028534	0.011139	0.110323
0.027314	0.009308	0.108186
0.025177	0.003510	0.113069
0.005951	0.003510	0.036164
-0.012970	0.004730	0.042878
-0.009003	-0.006256	-0.019379
-0.002899	0.006561	0.005035
-0.044709	-0.023041	-0.038300
-0.060273	-0.027924	-0.009003
0.046235	0.006256	0.044099
0.154879	0.007782	0.048981
0.057221	-0.037385	-0.011749
0.004730	-0.031891	-0.030060
-0.028840	0.000153	-0.012360
-0.034638	0.000153	-0.001068
-0.032502	0.002899	0.027314
0.010224	0.003815	0.039216
0.102388	0.005646	0.067597
0.069429	-0.001984	0.050813
0.029145	-0.013886	0.007477
0.009003	-0.035859	-0.020294
0.020294	-0.015717	0.030671
0.033722	-0.020905	0.009918
0.030060	-0.005341	0.052033
-0.002899	-0.001678	0.052033
0.023346	-0.007477	0.005341
0.008392	0.001373	-0.067903
0.012970	-0.011139	-0.079500
0.023041	0.007172	-0.022126
0.045624	0.030671	0.019684
0.005951	0.014191	0.066377
0.001068	0.004425	0.049897
-0.041657	-0.002899	0.039826
-0.049592	0.003204	0.033722
-0.019074	0.001373	0.065156
0.001678	-0.011139	0.023957
0.104219	-0.018769	0.016327
0.024262	-0.038605	-0.038300
0.028534	-0.046540	-0.013886
0.027314	-0.019074	-0.015106
-0.005035	-0.021515	-0.036164
0.016327	0.001373	-0.011749
0.033722	0.021820	0.037690
0.052033	0.017853	0.054780
0.038300	0.012360	-0.015106
0.026093	-0.002289	0.023651
-0.001678	-0.001984	0.013886
-0.015412	-0.001678	0.051118
-0.028534	-0.011444	0.088655
-0.081941	-0.018463	0.045930
-0.027924	-0.019074	0.052644
-0.025177	-0.018158	-0.002289
0.045014	-0.000153	0.016632
0.066377	0.022736	0.053254
0.051423	0.033112	0.070954
0.112154	0.054170	0.077363
0.041657	-0.009003	0.081941
0.069123	-0.013886	0.008698
0.042573	-0.018769	-0.005951
0.008087	-0.003510	-0.015717
0.028840	-0.000763	0.023651
0.036469	-0.005951	0.016938
0.013581	-0.023957	-0.015717
0.009003	-0.017548	0.000153
0.009918	-0.023957	-0.032502
-0.013275	-0.014801	0.012360
-0.022126	-0.034943	0.045930
-0.011749	-0.029145	0.070954
-0.006561	-0.023346	0.042573
-0.002594	-0.043488	-0.008698
0.019989	-0.022431	-0.041962
0.028229	0.014801	-0.020905
0.024567	0.010529	-0.008392
0.005951	0.005951	0.056611
0.002594	0.010529	0.080110
0.075837	0.019684	0.063325
0.034333	0.008698	0.067903
0.023346	-0.006867	0.067597
0.005951	-0.024872	0.030976
-0.003510	-0.021820	-0.009308
0.018158	-0.001984	0.037385
0.029145	0.002289	0.017243
0.035859	0.003815	0.028840
0.030060	-0.014801	0.019989
-0.045930	-0.014191	0.047150
-0.010224	-0.025788	0.046540
-0.039216	-0.027314	-0.016022
-0.006561	-0.003510	-0.010834
0.023651	0.010529	0.048066
0.010834	0.003204	-0.011444
0.013581	0.013581	-0.012055
-0.115816	0.020905	-0.018769
0.001373	0.030671	0.056306
0.099641	0.005341	0.011444
0.156100	-0.001373	-0.030671
0.117037	0.004120	0.006256
0.062715	0.001984	0.046845
0.058442	0.037995	0.109407
0.014191	-0.009613	0.008698
0.022431	-0.004730	0.008087
0.037690	-0.006256	-0.002289
0.032807	0.013581	0.004730
0.034943	-0.001373	0.007477
0.029450	0.019379	0.050202
0.022736	0.003815	0.055695
0.024567	0.010834	0.020905
-0.017243	0.015717	0.004425
0.006867	0.022736	0.054475
0.007172	0.011749	0.018769
0.004730	0.015106	0.019379
0.012360	-0.004730	0.028534
0.013275	-0.014191	0.012360
0.023651	-0.035554	-0.008698
-0.004120	-0.052949	-0.017243
-0.005341	-0.045319	0.010834
0.002289	-0.017853	0.059968
0.008698	-0.020294	0.068513
0.020600	0.005035	0.051118
0.031281	0.004425	0.003510
0.029450	0.016938	-0.018463
0.039521	0.012360	-0.036774
0.039216	0.009918	-0.017853
0.025177	-0.010529	-0.022126
0.007172	0.001984	0.014801
0.000458	-0.020905	-0.034638
0.013581	-0.000458	0.016022
0.048981	0.008087	0.024872
0.062104	0.017548	0.043793
0.011444	-0.001373	-0.024567
-0.002594	-0.016632	-0.017243
-0.028840	-0.030365	-0.040436
-0.023041	-0.035248	-0.034333
-0.030060	-0.035248	-0.020600
-0.015412	-0.032807	-0.014191
0.059663	0.000458	0.042878
0.021210	-0.000763	0.000458
0.027619	0.008087	0.010834
0.007477	0.016938	-0.021515
0.055695	0.018769	-0.011139
0.070344	0.009003	-0.012360
0.066987	0.038605	0.062104
0.031891	0.016632	0.023041
-0.061189	-0.013275	0.003510
-0.028840	-0.005341	0.030060
0.012665	-0.014496	0.007172
0.039216	-0.009918	-0.009003
-0.009918	-0.037385	-0.016938
0.008087	-0.026398	0.020294
-0.014801	-0.024262	0.006561
0.031281	-0.027619	0.031586
-0.005035	-0.003204	0.023346
0.051423	0.014496	0.019989
0.088655	-0.001678	0.071565
-0.006256	-0.043488	-0.012055
-0.038300	-0.065766	-0.065766
0.008087	-0.038300	-0.040742
0.011444	-0.048371	-0.113985
0.058747	0.014191	-0.073091
0.065156	0.081331	0.035248
0.035248	0.074006	0.124361
0.004425	0.045624	0.119478
0.063630	0.078279	0.138705
0.012055	0.034638	0.046845
-0.112764	-0.015717	0.007782
0.016938	0.009308	0.073396
0.125582	0.007782	0.063325
0.078279	0.012055	0.062409
0.053559	-0.022126	-0.030671
0.024872	-0.039216	-0.083772
0.021515	-0.035859	-0.028534
0.004120	-0.021210	0.038300
0.006561	0.012360	0.118868
-0.045930	0.015106	0.092012
-0.052949	-0.016938	0.035248
0.038300	-0.007782	0.061189
-0.006561	-0.012970	0.099336
-0.035248	-0.013275	0.071565
-0.064851	-0.015412	0.084993
0.018463	-0.006561	-0.034638
0.124666	0.011444	-0.054475
0.086824	-0.006867	-0.059358
0.052644	-0.019379	-0.000153
0.039216	-0.001068	0.035554
0.027314	-0.011749	0.002899
-0.002899	-0.004425	0.007782
-0.026703	-0.002289	0.057832
0.009918	-0.002594	0.020600
0.011749	-0.005341	0.004120
0.040131	0.007172	0.032197
0.025483	0.003510	-0.012665
0.011139	-0.002594	0.011444
0.009613	-0.019074	0.021515
0.012665	-0.018769	0.026093
0.001984	-0.005341	-0.013886
0.012970	-0.026703	-0.006867
0.014496	-0.003510	0.015717
0.028840	-0.010834	0.013275
0.015106	-0.010224	0.004730
0.023346	-0.002594	0.023041
0.016022	-0.014496	0.011139
-0.034333	-0.022431	-0.007477
-0.017243	-0.008698	-0.020600
-0.007782	-0.023957	0.011444
0.035859	-0.005035	0.033722
0.072175	0.006867	0.076143
0.012970	-0.003815	0.012665
0.012970	0.005035	0.007172
0.022431	-0.004425	-0.069123
0.005951	0.004730	-0.005341
0.041047	0.011139	0.011749
0.012665	0.008087	0.000458
0.019379	0.000153	-0.002899
0.030365	0.005951	0.007477
0.056306	0.017853	0.074922
0.048981	0.030060	0.070344
0.038911	0.015717	0.054475
-0.007477	-0.007782	0.038911
-0.027619	-0.012055	0.034943
-0.012665	-0.008698	0.047761
0.014801	-0.027924	0.014801
0.013886	-0.030976	-0.029755
-0.025483	-0.056611	-0.042878
-0.037995	-0.029450	-0.019989
0.009613	-0.008087	-0.005951
0.038911	0.013275	0.000763
0.077058	0.041962	0.054475
0.053254	0.033112	0.025788
0.045624	0.027619	-0.026093
0.029145	0.019684	0.027314
0.027314	0.009308	0.051118
0.025177	-0.007477	0.048371
-0.043488	-0.035859	0.039521
-0.025788	-0.010224	-0.004425
0.011444	0.016632	-0.001068
0.062409	0.020294	-0.039826
0.073701	0.033722	0.023041
0.024872	-0.009918	0.037079
0.013275	-0.045319	-0.003815
0.021210	-0.048981	-0.053559
0.017853	-0.038911	-0.023651
0.031281	0.012360	0.006256
0.028840	0.024872	0.097200
0.044709	0.011139	0.118563
-0.001068	-0.020294	0.031281
-0.009308	-0.025483	0.062409
0.031281	0.001984	0.040436
-0.022431	0.015717	0.049897
-0.070344	-0.010834	-0.034943
-0.089265	-0.003510	-0.016632
-0.076448	0.000458	0.016938
0.089265	0.045624	0.047456
0.181735	0.047150	0.079500
0.152743	0.038911	0.066072
0.010224	0.016632	0.045930
0.016938	0.001678	-0.013275
0.034028	-0.009308	-0.002899
0.028840	-0.008698	0.017243
0.023651	-0.011139	-0.005951
0.016938	-0.032807	-0.037995
0.028229	-0.028534	-0.065461
-0.000153	-0.002289	0.043488
-0.000763	-0.020294	0.018463
0.013275	-0.018158	-0.022126
0.017548	-0.006256	0.053559
-0.014496	0.001068	0.078584
-0.057221	-0.023346	0.009613
-0.089876	-0.039826	-0.049592
-0.114900	-0.021210	0.039826
-0.004730	0.002899	0.038605
0.094148	0.028534	0.062104
0.175937	0.015717	0.077363
0.094759	0.002899	0.068513
0.028840	-0.007477	0.002899
0.041047	0.022431	0.065766
0.031281	0.026398	0.036164
0.039826	0.013581	0.034333
0.022431	0.005951	0.026398
-0.004425	-0.003815	-0.003815
-0.011139	0.003204	0.011749
0.017243	0.003510	0.012360
0.045014	-0.004425	0.042878
0.055695	0.033417	0.003815
0.044404	0.024872	0.059968
0.035554	-0.009003	0.050507
0.048371	0.003204	-0.000153
-0.023957	-0.008087	0.016938
0.000763	-0.041962	-0.065461
0.041962	-0.011139	0.005951
0.015412	-0.011444	0.028840
-0.000153	-0.022431	-0.026703
0.007477	-0.011139	0.001984
0.005646	-0.002899	0.051118
-0.027008	-0.016022	0.075837
-0.027924	-0.024872	0.047456
-0.043793	-0.045624	0.005035
0.007782	-0.036469	0.017548
-0.001678	-0.026093	0.001678
-0.016327	-0.005341	-0.031281
0.016632	0.010834	0.012055
0.100862	0.021515	0.054780
0.121309	0.039521	0.083772
0.037690	0.004120	0.038911
