0.024567	0.008087	0.038300
0.017243	0.002594	0.000153
0.022736	0.007782	-0.037995
0.032502	0.053254	-0.001373
0.037995	0.049897	0.124056
0.033722	0.031891	0.148165
0.027008	-0.010224	0.073701
-0.015412	-0.042267	-0.066987
-0.045624	-0.034638	-0.083772
-0.045014	-0.030365	-0.065766
-0.017548	-0.019684	-0.069734
-0.006256	-0.016938	-0.004730
0.066682	0.018769	0.019379
0.028840	0.017853	-0.015717
0.028840	0.045319	-0.043488
0.011139	0.035248	0.087129
-0.033722	-0.033417	0.100252
-0.036469	-0.032807	-0.001984
-0.051118	-0.059052	-0.072175
-0.058442	-0.048066	-0.067903
0.071870	-0.002289	0.037995
0.132906	0.008698	0.046540
0.052949	0.004120	0.048066
0.051118	0.000763	0.024262
0.046235	0.013886	0.012970
0.045014	0.024872	-0.024262
0.038300	0.012360	0.014496
0.017853	-0.001678	0.013275
0.037079	0.038605	0.049897
0.059052	0.073396	0.004730
0.058442	0.045319	0.057832
0.050813	0.017853	0.142367
0.023651	-0.034333	0.014496
-0.016938	-0.071260	-0.098726
-0.034638	-0.084993	-0.087739
0.014496	-0.047150	0.027619
0.000153	-0.028840	0.012970
0.006867	-0.019684	0.017243
0.002594	-0.031281	0.010834
-0.009918	-0.023346	-0.037079
0.011139	-0.001068	0.038300
0.023651	0.026398	0.057221
0.020294	0.002289	-0.005341
0.015717	0.011139	0.021820
0.045319	0.030060	0.056306
0.034638	0.029145	0.106050
0.025788	0.004425	0.084993
0.020905	-0.013275	0.061494
0.005646	-0.036164	0.000153
0.007172	-0.014496	0.023957
0.005035	-0.009613	0.011444
0.019379	0.006867	0.012665
0.007782	-0.023346	-0.072175
0.007782	-0.019074	-0.050507
0.021210	0.018463	0.059663
0.039521	0.031586	0.041657
0.024872	0.013275	0.044099
0.009003	0.006561	0.050813
-0.016022	-0.016327	-0.045014
0.013275	-0.009308	0.099641
-0.008087	-0.018158	0.017548
-0.006256	-0.009918	-0.050813
0.042878	0.001068	-0.051118
0.027008	0.006561	-0.002289
0.012665	-0.010529	0.020294
0.002289	-0.012970	-0.033722
0.006867	0.003815	-0.012970
0.013581	0.014801	0.014801
0.040436	-0.012970	-0.010529
0.025788	0.004425	-0.033417
0.022126	-0.003510	0.046235
0.027314	0.011139	0.143587
-0.000763	0.034638	0.016938
0.005646	0.036164	-0.016632
-0.001373	0.030976	0.040131
0.002289	-0.011749	0.035248
0.044709	-0.043793	-0.011444
0.066987	-0.049897	-0.056611
0.049287	-0.007477	0.060273
0.033417	-0.010834	0.002899
0.038300	-0.007782	0.030976
0.018769	-0.030976	-0.055085
0.022736	-0.002594	-0.016938
0.024872	0.004120	0.019684
0.013886	0.002594	0.061799
0.013581	0.000153	0.061189
0.009308	-0.000153	0.007782
-0.019379	-0.009613	-0.027314
-0.001678	-0.012665	-0.008698
0.061189	0.009308	0.018463
0.066987	0.017548	0.048066
0.010834	-0.014801	-0.015106
-0.001373	-0.029450	-0.066377
0.021515	0.008087	0.032197
0.006867	0.004120	-0.031281
-0.000153	-0.014801	-0.044099
0.022126	0.009918	0.074617
0.008698	-0.005035	0.071565
0.008698	0.001068	0.016327
0.000153	-0.005646	0.016938
0.000458	0.001984	0.056001
0.027619	-0.005646	0.058747
0.028229	0.010224	0.036164
0.007477	0.009003	-0.001678
0.012970	-0.019379	-0.015412
0.034028	0.001068	-0.036774
0.022431	0.025177	0.036469
0.016022	0.001678	0.019074
0.004730	-0.016022	-0.029450
0.003204	0.003510	0.024262
-0.002899	0.018463	0.095674
0.009613	0.027619	0.069429
-0.015106	0.022431	0.067292
-0.016327	-0.003204	0.047761
0.023041	-0.008392	0.021515
0.028534	-0.021515	-0.004730
0.058442	0.002594	-0.000153
0.065156	-0.015106	0.027924
0.052338	0.007782	0.025788
0.056611	0.011444	-0.046540
0.027619	0.000763	-0.056306
0.037079	-0.000153	0.006867
0.035554	-0.008698	-0.002289
0.040742	-0.005341	0.012665
0.051118	0.020294	0.043488
-0.016022	0.007172	0.062104
-0.030060	0.005341	0.033112
-0.019379	0.015717	0.013275
0.017243	0.012970	-0.046235
0.022126	0.007172	0.039521
0.010834	-0.017548	0.092012
-0.026703	-0.044099	-0.002594
0.007172	-0.011444	-0.046845
0.007477	0.002899	0.008698
0.019379	0.014191	0.015412
0.002594	-0.015717	0.009308
0.008087	-0.011749	0.062104
0.009003	-0.012665	0.059663
0.008087	-0.027619	0.050813
-0.013886	-0.022126	0.020294
-0.006867	-0.022126	-0.032502
-0.030060	-0.016938	-0.046845
-0.014191	0.014191	-0.047150
-0.034333	0.015717	0.020905
-0.022126	0.009918	0.119783
-0.012970	-0.009003	0.030060
0.139315	-0.007477	0.033417
0.104524	-0.022431	-0.015717
0.030671	-0.012970	-0.005341
0.020600	-0.001984	0.042267
-0.006867	-0.012055	0.001984
-0.092012	-0.045014	-0.068208
-0.084077	-0.031891	-0.045930
-0.039826	-0.016327	0.000763
-0.034638	-0.005951	0.010834
0.074922	0.032197	0.066682
0.150301	0.052033	0.077363
0.103609	0.035248	0.101167
0.075227	0.000458	0.068818
0.042573	-0.028840	-0.007782
0.025177	-0.006867	0.017548
0.035248	0.006867	0.013886
0.046235	0.026398	0.019684
0.034333	0.024567	0.056611
0.029145	0.009308	0.056001
0.017243	-0.005646	0.038911
0.023346	-0.016022	-0.031281
0.030365	0.019379	-0.003815
0.037995	0.027619	0.043488
0.021210	0.018769	0.076448
0.031891	-0.012665	0.055695
-0.011139	-0.036164	-0.031586
-0.014191	-0.024872	-0.066987
0.002899	0.000153	-0.057527
0.030976	0.007782	-0.137789
0.010224	-0.021210	-0.110018
0.011749	-0.019989	-0.061494
0.016327	0.003204	-0.053254
0.010834	0.016632	0.048981
0.016022	0.011139	0.085908
0.007782	-0.016022	0.032502
0.011139	0.005035	0.048371
0.024567	-0.019379	0.023041
0.019074	0.017853	0.019989
-0.015717	-0.008392	0.013275
-0.016632	-0.013581	0.053254
-0.026093	-0.025483	0.015106
-0.027619	-0.014496	-0.051118
-0.002594	0.019379	0.010529
0.053864	0.046235	0.074311
0.090791	0.019074	0.040131
0.050813	0.002899	0.095979
0.011749	-0.028534	0.012055
-0.014496	-0.031891	-0.050202
-0.012360	-0.021515	-0.013275
0.008087	-0.020905	-0.009003
0.006561	-0.009613	0.006256
-0.031891	-0.015106	0.003510
-0.045624	-0.021210	0.031586
-0.033722	-0.005646	0.016022
0.000458	-0.004425	0.035554
0.021210	0.012665	0.025483
0.125277	0.024262	0.007782
0.084382	0.014191	-0.025177
0.061494	0.009003	0.020600
0.031586	-0.020294	0.026398
0.049897	0.001068	0.045624
0.033722	0.014801	0.029145
0.043488	-0.007477	0.004120
0.061799	0.006561	0.051728
0.007172	-0.003204	0.029755
0.014191	-0.012360	0.003815
-0.003204	-0.014801	0.016632
-0.016632	0.012055	0.010224
-0.003815	0.041352	0.037995
0.019379	0.059052	0.059358
0.076143	0.086519	0.146639
0.127108	0.024567	-0.062104
0.063630	-0.010834	0.049287
0.009613	-0.059968	0.021210
-0.030060	-0.065461	-0.045319
-0.025177	-0.034028	0.021515
-0.039216	-0.034638	0.001984
-0.026703	-0.023651	-0.040742
0.012970	-0.017548	-0.017243
0.035248	-0.011139	-0.037079
0.020905	-0.000153	-0.130465
0.024567	-0.033112	-0.044099
0.026093	-0.009613	0.078279
0.047456	0.018769	0.122835
0.025483	0.008392	0.073701
0.019989	0.000458	0.018158
-0.004730	-0.026398	0.029450
-0.004730	-0.031891	0.019379
0.005341	-0.009308	0.016022
0.019379	0.011444	0.069734
0.005646	0.006561	0.071565
0.023651	-0.000458	0.088350
0.009308	-0.007782	0.024262
-0.009308	0.003204	-0.037079
0.049897	0.005646	-0.008698
0.027924	-0.008392	-0.009308
0.012970	0.005951	-0.014191
0.030060	0.009613	0.043793
0.019379	-0.023041	0.018769
0.003815	-0.008392	-0.000763
0.005646	-0.023651	0.038911
0.026398	0.003815	0.080110
0.014801	-0.012665	0.036164
0.016022	0.001068	0.011749
0.016022	-0.009003	0.040742
0.026093	-0.022736	0.057527
0.027619	-0.004120	0.036164
0.009003	0.006561	0.029145
-0.004120	-0.010834	0.029755
0.007477	-0.009308	-0.017243
0.011444	-0.013581	-0.008087
0.009918	-0.004120	0.011749
0.016022	0.001373	-0.059358
-0.004425	0.003204	-0.034943
0.004730	-0.008698	0.024567
0.028840	0.019379	0.038300
0.021515	0.017548	0.007172
0.000763	0.002594	0.034638
-0.001373	-0.003204	0.018158
0.003204	-0.004120	0.002594
0.018158	-0.000763	0.014191
0.007172	-0.039216	-0.043183
0.014801	-0.019379	-0.025177
0.027619	0.008392	0.065156
0.047150	0.020600	0.064851
0.030976	-0.014801	-0.027314
0.008698	-0.014191	-0.066987
0.016938	-0.012360	-0.071260
0.017243	-0.006867	0.010529
0.038605	0.006256	0.053254
0.024262	-0.005341	0.041962
0.022431	-0.015717	0.061189
-0.013581	-0.057832	-0.056916
-0.009613	-0.016327	-0.034333
-0.019684	-0.006867	0.047761
-0.024567	0.016938	0.050813
-0.012360	0.016022	0.070954
-0.042573	0.003815	-0.000153
-0.047456	0.012665	-0.004120
0.034638	0.026398	0.004120
0.126192	0.027314	0.122530
0.063630	-0.014496	0.121004
0.061189	-0.018463	0.045930
0.077974	0.012055	0.019074
0.058747	0.016022	0.025788
0.039826	-0.005951	0.063935
0.031281	-0.028534	0.011444
0.026398	-0.015412	-0.066987
0.022126	-0.004120	0.018769
0.020600	-0.008698	0.063325
-0.029755	-0.015717	0.017243
-0.049287	-0.030060	0.005646
-0.027619	0.011444	-0.012360
0.000763	0.052949	-0.040436
0.068818	0.033112	0.121614
0.074922	-0.020905	0.101167
-0.008392	-0.053254	-0.045319
-0.018769	-0.033417	-0.054170
-0.001984	-0.034943	-0.024262
0.068513	-0.011749	-0.025177
0.077363	0.007477	0.006256
0.044099	0.004425	0.016632
0.022736	0.003510	-0.059052
0.013275	0.007782	-0.009308
0.017243	0.008698	0.041657
0.035248	0.027924	0.059663
0.031586	0.021210	0.041657
0.004120	-0.020905	-0.000458
0.009918	-0.014496	-0.009613
0.015106	-0.006561	-0.051118
0.016938	-0.012055	-0.022736
0.007782	0.005341	0.075532
0.024567	0.010834	0.071260
-0.009918	-0.012970	0.070039
-0.000763	-0.021210	0.005341
0.020600	-0.005341	-0.020294
0.036774	0.019684	0.012970
0.011444	0.014191	0.074311
0.001068	-0.009918	-0.000763
0.020294	-0.002289	0.024262
0.024872	0.013581	0.005646
-0.001678	-0.005646	0.024262
0.006256	0.008087	0.022736
0.005035	-0.008087	0.009613
-0.005646	0.023346	0.011444
0.017243	0.019074	0.029450
0.022431	0.015106	0.039826
-0.004120	-0.001984	0.024872
0.037385	-0.006256	0.013581
0.021515	-0.016632	0.050813
0.003815	-0.024567	0.004730
-0.009308	-0.029450	-0.056001
0.004120	-0.013886	-0.030976
0.020600	0.001984	0.040131
0.010834	0.003204	0.045624
0.035248	0.027008	0.021820
0.047150	0.002594	0.065156
0.065766	-0.021820	0.036469
0.005646	-0.032197	-0.018158
-0.011444	-0.025177	-0.008087
0.006256	-0.006867	0.004730
0.020600	0.005341	0.016938
0.037690	0.002899	-0.003204
0.014191	-0.008087	-0.031586
0.022431	-0.004730	0.042267
0.031281	-0.005341	0.034028
0.027924	0.000763	0.033722
0.019379	0.002899	-0.021515
0.016938	0.015412	0.030671
0.020600	-0.005951	0.099947
0.022126	0.009613	0.009918
0.010224	-0.015717	0.007477
0.013886	-0.029450	-0.013581
0.020905	0.008698	-0.008698
0.010224	0.033112	0.003815
0.023041	0.058442	0.044099
0.022431	0.042573	0.025483
0.015717	0.000458	-0.072480
0.058442	0.027619	0.070954
0.045930	-0.017243	0.001678
0.007782	-0.026398	0.045014
0.054475	-0.018158	0.043793
0.042878	-0.012665	-0.013581
0.019379	-0.010529	-0.037690
0.024872	-0.007782	0.030671
0.014496	0.013275	0.029755
0.012055	0.032807	0.019074
0.030976	0.037079	-0.021515
0.004120	0.009003	-0.035248
0.031891	0.012055	0.077058
0.009308	-0.030365	-0.023651
0.001373	-0.015412	-0.037995
0.002899	-0.010224	0.022431
0.005341	-0.004120	0.019074
0.010529	-0.002289	0.001984
-0.011139	-0.027008	-0.023041
-0.025177	-0.047761	-0.066987
-0.015412	-0.018463	-0.014496
0.018769	-0.012665	0.066682
0.049592	0.012665	0.078279
0.024567	0.001373	0.030976
0.008087	-0.016938	0.005035
0.013275	-0.007477	-0.005646
0.019684	0.004730	-0.003510
0.012970	-0.005646	0.021820
0.022736	0.012360	0.023346
0.030976	-0.006256	0.043793
0.023041	-0.012360	0.023041
0.009003	-0.005035	0.011444
0.018463	-0.013886	-0.018769
0.026093	-0.004425	0.015106
0.037385	0.005951	0.023041
0.025177	0.002899	0.015412
-0.018463	-0.006561	0.032807
-0.099336	-0.036164	-0.005646
-0.118257	-0.042267	0.007782
-0.101472	-0.022736	0.029145
-0.039216	-0.015717	0.038911
0.132601	0.049592	0.092927
0.197910	0.034638	0.070039
0.120699	-0.020905	0.034333
0.048981	-0.035248	-0.019074
0.018158	-0.039521	-0.039521
0.095979	0.005646	-0.001373
0.033417	0.016632	-0.006867
-0.023651	-0.024567	-0.092927
-0.001373	0.004425	0.038605
0.031281	0.017853	0.102388
0.006867	0.007782	-0.003510
0.053559	0.023041	0.010224
0.156100	0.024872	0.104829
0.063935	0.001678	0.030365
-0.004730	-0.029450	-0.027619
-0.012970	-0.036469	0.003510
0.008392	-0.012055	0.108797
0.008087	-0.004120	0.028229
0.006867	0.000458	-0.027008
0.014191	0.011749	-0.002289
0.027314	0.013275	0.090486
0.022736	0.014496	0.092317
-0.001678	-0.008087	-0.002899
0.007782	0.002289	-0.042878
0.024872	0.009003	0.016022
-0.007477	-0.024262	-0.035859
-0.009308	-0.020294	-0.047761
0.000763	0.009613	0.102693
-0.041657	-0.007782	0.094148
-0.042267	-0.018769	0.022431
-0.006256	0.000153	0.025177
-0.056916	-0.010834	0.015412
-0.016632	0.014496	0.035859
0.123751	0.020905	0.027619
0.074006	0.007782	0.056001
0.045319	-0.006867	0.030976
0.043793	-0.006256	-0.003815
0.031281	-0.006256	-0.012055
0.041047	-0.022431	-0.017548
0.046845	-0.016327	0.028229
0.044709	-0.007782	0.012360
0.025483	0.003815	-0.015106
-0.001678	-0.005951	0.030976
0.006561	0.001373	-0.013886
0.006867	0.019074	-0.035554
0.037995	-0.006256	0.023651
0.035859	-0.010224	-0.012055
0.008087	-0.025177	-0.018463
0.015412	-0.008087	-0.040131
0.012360	-0.016327	-0.015412
0.022431	-0.003204	0.077974
0.024567	-0.014801	0.074617
0.011139	0.013275	0.030671
0.009308	0.002289	-0.058747
0.008087	-0.020294	-0.020905
0.023346	-0.009003	0.045930
0.023957	-0.008087	0.015412
0.024262	0.001373	-0.016327
0.022126	-0.001068	-0.005341
0.004120	0.007172	0.005035
0.023346	0.008392	-0.028534
0.040742	0.022126	-0.012055
0.031281	-0.002899	0.076448
0.007172	-0.002289	0.052949
0.004425	-0.012970	0.019379
-0.005646	-0.016632	-0.044099
0.005341	-0.015412	0.041962
-0.006867	-0.015717	0.007172
0.016938	-0.005951	0.022736
0.022736	0.023041	0.024567
0.038911	0.032502	0.037079
0.050202	0.045930	0.059358
0.044709	0.038300	0.074311
0.052338	0.018769	0.074617
0.010834	-0.025483	0.023041
0.008087	-0.022736	0.004425
-0.002899	-0.020600	0.005035
-0.016022	-0.011749	0.017853
0.002289	-0.030976	-0.026093
0.004425	-0.022736	-0.033722
0.014191	0.036774	0.037385
0.035554	0.032197	0.050202
0.038300	0.026093	0.073701
0.034333	0.008087	0.013275
0.028229	-0.018769	0.056306
-0.030365	-0.030671	0.004120
-0.049592	-0.020294	0.001678
-0.029145	-0.004120	-0.034028
-0.009613	0.007477	0.001984
0.027924	0.016938	0.124361
0.050202	0.012970	0.058747
0.042573	0.000458	0.059663
0.033722	0.004425	0.009613
0.009308	0.012360	-0.014191
0.008698	-0.014191	-0.095979
0.027619	-0.003815	-0.047761
-0.008087	-0.015412	0.021515
-0.012665	-0.006256	0.056916
-0.023651	-0.001678	0.030365
-0.003510	-0.001678	-0.007477
0.020905	0.013886	0.035248
0.067292	-0.001678	-0.025483
0.049897	0.003510	0.077058
0.037995	-0.008087	-0.001068
0.022431	-0.010529	-0.011444
0.048981	0.024262	0.073091
0.055085	0.023041	0.054780
0.044404	0.024872	0.042267
0.009308	-0.005646	0.024872
-0.009918	-0.034943	-0.046540
-0.022736	-0.026703	-0.024567
0.000763	-0.007782	0.072175
0.010224	-0.000458	0.002899
0.006256	-0.011444	0.039521
-0.027924	-0.015412	0.010224
-0.044099	-0.021210	-0.014801
-0.052949	-0.023651	0.021820
-0.036164	-0.023346	0.012665
0.054170	-0.008087	0.022431
0.065461	0.016327	0.030671
0.073701	0.017853	0.035554
0.038300	-0.015106	0.020294
-0.016022	-0.033417	-0.082856
-0.023346	-0.030060	-0.000458
-0.023041	-0.010834	0.074922
-0.051118	-0.011444	0.049897
-0.033112	0.000763	0.029755
0.008087	0.010224	0.042267
0.147250	0.019684	0.073701
0.117952	-0.011749	0.027924
0.078279	-0.019989	0.035859
0.047150	-0.028229	-0.016938
0.039521	-0.005951	-0.037690
0.056611	-0.004730	0.016022
0.029450	0.003204	-0.007477
0.023346	0.009613	0.015106
0.048981	0.006867	-0.002899
0.038911	0.018463	0.008392
0.019989	0.003204	-0.022126
-0.001373	0.010529	-0.045930
0.002594	0.008087	0.002594
-0.004730	-0.001068	0.027008
-0.040742	0.001678	-0.037079
0.063935	0.009918	0.019379
0.056916	0.031281	0.058747
0.023346	0.023041	0.065766
-0.011139	0.002289	0.055085
0.000153	-0.000763	0.048676
0.005646	-0.005341	0.015106
-0.008392	0.010529	-0.063935
0.015106	0.004120	0.016022
0.011139	-0.001678	0.042267
0.011444	-0.006256	0.065766
0.017548	-0.020600	0.084382
-0.013581	-0.035248	-0.018463
-0.015717	-0.039826	-0.076143
-0.005951	-0.030671	0.004425
0.013275	-0.002899	-0.009308
0.042267	0.013581	0.021515
0.045624	0.022431	0.010529
0.066987	0.017243	0.102693
0.039826	-0.008392	0.016632
-0.003204	-0.019074	-0.034943
0.003204	-0.019074	-0.020294
0.011749	-0.012360	-0.001373
-0.001678	-0.004425	-0.025177
0.006561	0.004730	0.043488
0.017853	0.010834	-0.042573
0.020905	0.017548	0.057527
0.057221	0.034638	0.095369
0.041657	0.006561	0.034028
0.028229	-0.003204	0.055695
-0.001678	-0.008392	-0.020600
0.005951	-0.004120	-0.039521
-0.021210	-0.019989	-0.052338
-0.057832	0.002289	0.004120
-0.000458	0.000153	0.110628
0.017243	-0.011749	0.040436
0.005035	-0.015717	-0.025483
0.023957	0.011139	-0.034028
0.033417	-0.000153	-0.013275
0.022736	-0.010834	0.043183
0.027008	-0.011749	0.019074
0.033112	-0.004730	0.025177
0.024262	-0.002899	0.029450
0.034028	0.009613	0.012970
0.024872	0.012360	-0.004425
0.018769	-0.009613	-0.039521
0.029145	0.006256	0.045930
0.012970	-0.009003	0.054170
-0.001678	0.002289	0.063020
-0.008087	-0.036774	-0.025483
-0.002899	-0.014801	0.004730
0.008698	-0.025177	-0.007477
0.015412	-0.017853	-0.012055
0.027619	0.003510	0.019989
0.015717	-0.008087	-0.005646
0.014191	0.002594	0.027314
0.014191	-0.006867	0.005035
0.011749	-0.009003	-0.011749
0.011139	-0.016022	0.032502
0.007477	-0.019074	-0.030976
0.007477	-0.002594	-0.015106
0.008087	0.001068	0.004120
0.001984	-0.005341	0.014801
-0.008392	-0.009613	0.010224
-0.005951	-0.027619	-0.007477
-0.002289	-0.016938	-0.025177
0.021515	0.008392	-0.042267
0.065156	0.004425	-0.027314
0.041962	0.014191	-0.064546
0.045624	0.032807	0.019074
0.035554	0.012970	0.013886
0.034333	0.004730	-0.011749
0.036469	-0.009918	-0.002594
0.040131	0.016022	0.091707
0.009613	-0.023651	0.043488
-0.023651	-0.047456	-0.055390
-0.008392	-0.008087	0.005646
0.013275	-0.006256	0.021820
0.012665	-0.000458	0.059663
0.024567	0.009613	-0.018769
0.016632	-0.004425	-0.000763
0.005646	-0.009613	0.029755
-0.002594	-0.031281	0.025177
0.005951	-0.011444	-0.016022
0.012665	-0.012970	-0.015106
0.003510	-0.011749	-0.033112
0.036164	0.008087	0.065156
0.039826	-0.003815	0.023651
0.026398	0.009308	-0.004730
0.017243	-0.012360	0.030976
0.010529	-0.006867	0.038605
0.030365	-0.000763	0.005951
0.025483	0.009918	-0.029450
0.012360	0.000153	-0.032807
0.021210	0.008087	0.090791
0.016632	0.009613	-0.000153
0.020600	0.005646	-0.068513
0.025788	0.016632	0.009613
0.049897	0.013886	0.103304
0.034333	-0.009918	0.091402
0.019074	-0.008698	0.037385
0.022736	-0.020600	0.038300
0.020600	-0.006256	0.008087
0.018769	-0.029450	-0.039826
-0.016327	-0.033112	-0.092012
-0.003510	-0.002289	0.077974
-0.036164	-0.006561	0.115206
-0.034638	0.013886	0.054170
0.007172	0.023041	0.075227
0.052644	0.020905	0.111238
0.134737	0.011444	0.073091
0.074922	-0.006256	0.027008
0.051423	0.012055	0.024567
0.027619	0.011749	0.076448
0.025177	-0.000458	0.073091
0.012360	-0.015412	0.046540
0.009003	-0.014191	0.020600
0.000763	-0.017243	-0.009003
-0.021820	0.000458	-0.045930
-0.029145	0.012055	0.049287
-0.004120	0.036164	0.045319
-0.014801	0.000763	0.012055
0.024872	-0.009613	0.028229
0.109102	0.002899	-0.062715
0.083772	-0.012055	-0.009918
0.021210	-0.015412	0.073396
0.035248	-0.012055	0.013275
0.025483	-0.028229	-0.048676
0.023041	-0.009308	0.007477
0.019989	0.002899	0.045624
0.003815	-0.011444	0.012360
-0.024262	-0.009308	0.028840
-0.031891	0.004120	0.015106
-0.020294	0.003204	0.012360
0.000458	0.014496	-0.014191
0.062104	0.030976	0.067903
0.079805	0.015412	0.062409
0.015106	-0.025483	-0.066377
0.036469	-0.022736	-0.044099
0.032807	-0.023651	0.068818
0.012665	-0.030976	-0.016327
0.001678	-0.031281	-0.031891
0.001984	-0.017853	-0.018158
0.009308	-0.030365	-0.032502
0.028534	0.001373	0.064851
0.040436	0.027314	0.095674
0.022431	0.006867	0.037995
0.005951	0.006256	0.069734
-0.011139	0.001678	0.049897
-0.008087	-0.023346	0.008392
-0.007477	-0.001984	0.000153
0.036164	0.004730	-0.009003
0.048371	0.012360	0.019684
0.025483	0.014496	-0.005035
0.025483	0.015717	0.054170
0.022126	-0.008392	0.059663
0.023346	-0.010834	0.036774
0.019074	-0.012665	-0.034028
0.024567	-0.010529	-0.030976
0.034943	0.009918	0.028534
0.015412	-0.000763	0.011139
0.016022	0.012360	0.011444
0.004425	0.017853	0.015106
0.004730	0.003204	-0.008698
0.018463	-0.010529	0.022736
0.037995	-0.011749	0.046540
0.029450	0.004425	0.022126
0.018158	-0.008698	-0.045624
-0.001373	-0.015106	-0.031891
-0.008698	-0.017853	0.025483
-0.028534	-0.029450	0.024872
-0.015106	-0.034638	0.012970
-0.009613	-0.029755	-0.002289
0.067292	0.000458	0.023041
0.069123	-0.000458	0.023041
0.042573	0.016327	0.008698
0.008698	0.003815	-0.066987
-0.004425	-0.005035	-0.017853
0.003204	-0.008087	0.022736
0.019379	0.012055	0.029450
0.027619	-0.003815	-0.000763
-0.004425	-0.032197	-0.001984
0.007782	-0.013581	0.006256
0.032807	-0.012665	0.045014
0.030671	0.000458	0.053559
0.016938	0.008392	0.041352
0.011749	-0.002289	0.019379
-0.008698	-0.006561	-0.005646
-0.004730	-0.016022	-0.023651
-0.001068	0.003204	0.036164
0.025177	-0.002899	0.046845
0.030671	-0.001068	0.038605
0.032197	0.004730	0.045319
0.052338	0.024262	0.068513
0.030671	0.021210	-0.010224
0.005035	-0.003815	-0.056916
0.015717	0.004425	-0.009308
0.038911	0.014191	0.074311
0.023041	-0.012970	-0.012360
-0.013275	-0.043488	-0.045014
-0.023346	-0.034638	-0.040436
-0.028534	-0.011749	0.049897
-0.041352	-0.012665	0.048066
-0.040742	0.003510	0.054475
-0.029450	0.008698	0.077974
-0.011444	0.015717	0.046540
0.129244	0.036469	0.066682
0.063020	0.001678	0.052033
0.024567	-0.032502	-0.027619
-0.008392	-0.032807	-0.004730
-0.009918	0.006867	0.028840
0.068818	0.010224	0.014801
0.117037	0.012970	0.022431
0.061189	0.007172	0.019074
0.067597	-0.016938	0.003815
0.070954	-0.017243	0.019074
0.047456	-0.012055	-0.003204
0.000763	-0.035248	-0.035859
-0.031281	-0.038911	-0.018463
-0.020905	-0.040131	-0.045930
-0.000458	0.014801	0.060578
0.025788	0.024567	0.006867
0.054170	0.008392	0.072786
0.069123	-0.005951	0.090486
-0.047456	-0.015717	0.013275
-0.026398	-0.019989	-0.013275
-0.007477	-0.023041	-0.057221
0.071260	0.003510	0.023651
0.036164	-0.004730	-0.049592
0.048066	0.016327	0.000458
0.032807	0.021515	0.102388
0.045624	0.021210	0.030060
0.036469	0.038300	0.010529
0.023651	-0.010224	0.098116
0.017548	-0.019074	0.025788
0.013275	-0.026398	-0.037079
0.017548	-0.029755	-0.011444
0.017853	0.006256	0.006561
0.020294	0.009918	0.039521
0.019379	-0.013581	0.020600
0.005646	-0.015717	0.016632
-0.001068	-0.012665	0.001984
0.009613	-0.004425	-0.012665
0.005341	-0.004730	-0.036469
0.017243	0.016022	0.019684
0.018463	0.011444	0.088045
-0.002594	-0.008698	0.034943
-0.010224	-0.017548	-0.042878
-0.016938	-0.008698	-0.030976
0.002899	-0.016022	-0.066682
0.004730	0.026398	-0.064240
0.056306	0.038300	-0.003204
0.054170	0.053559	0.036469
0.051728	0.030365	0.092622
0.015717	0.015412	0.042573
0.024567	-0.009918	0.026398
0.000153	-0.030060	0.002899
0.010529	-0.019074	-0.012665
0.028534	-0.003815	0.033112
0.014801	0.002594	0.109102
0.022431	0.005646	0.040131
-0.005646	0.002899	-0.028840
0.001984	0.012055	0.039521
0.022126	0.003204	0.030671
0.003510	-0.006867	0.018158
-0.000153	-0.010529	0.001068
0.018463	-0.012665	-0.054170
-0.014801	-0.025788	-0.043183
0.022431	0.003815	0.052644
0.086824	0.016938	0.046235
0.028534	0.009918	0.009613
0.008698	-0.017548	0.038605
0.023041	-0.016022	0.034943
0.016938	-0.008087	0.016022
-0.001984	-0.004120	0.062715
0.008087	0.002594	-0.027008
0.015106	0.010224	-0.028229
0.036164	-0.008698	0.020905
0.033722	0.005341	0.012665
0.044404	0.004120	0.053559
0.050507	0.013581	0.083467
0.020600	-0.025788	0.031281
0.007477	-0.032197	0.011749
0.028229	0.002594	0.053864
0.038605	0.000153	0.006867
0.030365	-0.015106	-0.000763
0.043488	0.016327	0.065461
0.023346	0.014496	0.041657
0.011139	-0.010529	0.034638
0.000458	0.000763	-0.020905
0.006256	-0.020294	0.012970
-0.016938	-0.053254	-0.016327
-0.018158	-0.017548	-0.005341
-0.012970	-0.019074	-0.014801
-0.005035	-0.013581	0.021515
0.009308	-0.012665	-0.004425
0.006867	-0.009613	-0.012665
0.004425	-0.027619	-0.046845
0.032197	0.003204	-0.011749
0.045014	0.038300	0.077058
0.058747	0.051423	0.091096
0.052033	0.038300	0.116732
0.054475	0.011749	0.184176
0.020905	-0.023041	0.011139
-0.001068	-0.024872	-0.022126
0.012360	-0.009308	0.010834
0.004730	0.003815	0.045319
0.015412	0.006561	0.070954
-0.012970	-0.010834	0.003510
-0.004730	-0.020294	-0.021515
0.028534	-0.011749	0.008392
0.054475	0.006256	0.058137
0.035554	-0.009308	0.019379
0.005035	0.000763	-0.111238
0.009003	-0.001984	-0.053864
0.008698	0.006561	0.113069
0.001678	-0.011139	0.056611
-0.002594	-0.016632	0.086519
-0.009003	-0.028229	0.008698
-0.025483	-0.006867	0.030060
-0.041657	-0.005646	-0.027619
-0.020600	-0.001984	-0.085908
0.029755	0.008087	-0.059663
0.117342	0.044099	0.162814
0.141451	0.061494	0.140536
0.051423	0.010834	-0.015717
-0.016327	-0.032197	-0.064240
0.024567	-0.023651	0.002899
0.011139	-0.020600	-0.071565
0.027924	-0.004730	-0.050202
0.030365	-0.013581	-0.006256
0.012665	-0.005951	-0.032502
0.013886	-0.001678	0.010224
0.033417	0.007477	0.057527
0.034028	-0.008392	0.027619
0.020600	-0.004425	0.016938
0.034333	-0.000763	-0.011139
0.027008	-0.010834	0.016632
0.040742	0.004730	0.061189
0.021210	0.004425	0.074311
0.007172	0.005035	0.066987
0.013886	0.000153	0.061799
0.012665	-0.018769	0.052949
0.005035	-0.017243	-0.016632
0.004730	-0.005646	-0.036164
0.013886	-0.015106	0.027619
0.030060	0.007477	0.028229
0.041657	0.001678	0.042573
0.028840	-0.009003	0.030976
0.008698	-0.011444	0.009308
0.015717	-0.012970	0.024262
0.044099	0.006561	0.133211
0.008087	-0.016022	0.049592
-0.025177	-0.043793	0.023346
-0.025788	-0.011444	0.001068
-0.031891	-0.001068	-0.018769
-0.069123	0.002594	-0.093233
-0.064851	-0.009613	-0.052338
-0.023346	0.008392	0.010834
0.122530	0.019074	0.047150
0.106050	0.014191	0.164645
0.130159	0.012970	0.066987
0.093538	0.004425	-0.008087
0.020905	-0.020600	-0.009003
-0.003815	-0.008087	0.042267
0.004425	-0.026703	0.065461
0.028534	-0.025788	-0.006256
0.016327	-0.017548	-0.055695
0.039521	0.020600	0.089570
0.041657	0.034028	0.005646
0.045319	0.038300	0.058442
0.046540	0.010529	0.115511
0.023957	-0.005035	0.026398
-0.001373	-0.029145	-0.057221
-0.003815	-0.050507	-0.066987
0.034333	-0.014801	0.069734
0.020294	-0.009308	0.011749
-0.003204	-0.002594	0.027314
0.001373	-0.009308	0.051728
-0.011749	-0.004120	0.031891
0.000153	0.000153	0.034943
0.032807	0.009613	-0.012360
0.067292	0.031891	0.023651
0.015717	0.029755	0.002289
0.029755	0.023346	0.033722
0.042573	0.010529	0.057527
0.032807	0.004120	0.054475
0.047150	0.030060	0.032197
0.019684	0.018463	-0.004120
-0.008087	-0.000763	0.022431
-0.009613	-0.024872	0.040742
-0.030976	-0.041962	-0.005951
-0.016327	-0.014496	0.035248
0.076448	0.025788	0.078279
0.007172	0.008087	0.000153
-0.009308	-0.016632	0.000153
-0.000763	0.011139	0.033417
0.016938	0.021210	0.041657
0.014496	0.001373	-0.004730
0.056611	0.005646	0.032807
0.039521	-0.011139	0.005035
0.008698	0.016938	-0.005646
0.020600	0.023957	0.060578
0.002594	0.010224	0.105440
-0.002289	-0.002594	0.070039
0.037079	-0.015717	0.003510
-0.028534	-0.010529	0.056306
-0.044404	-0.030060	0.016632
-0.010529	-0.029755	0.012055
0.009003	-0.001678	0.039826
0.020905	-0.000153	0.020600
0.057832	-0.001984	0.000763
0.045624	0.001984	0.055390
0.049897	0.005341	0.081941
0.027924	-0.016022	0.060273
0.026093	-0.004425	0.047761
0.006867	-0.013581	0.023346
0.009613	-0.007782	0.027924
0.036164	0.006867	0.064851
0.008087	-0.017243	0.031891
0.023346	0.005341	-0.011749
0.022736	-0.028534	0.032502
0.014191	-0.021210	0.051423
0.020600	-0.008698	0.035248
0.018769	-0.004120	0.036469
-0.005646	0.008392	0.048981
0.011139	0.010834	0.021210
0.008087	0.010224	0.024262
0.031891	0.027619	0.034638
0.039521	0.007172	0.027008
0.030365	0.007782	0.024262
0.021210	-0.009918	-0.040131
0.022126	-0.014496	-0.073091
0.031891	0.002594	0.006256
0.021210	-0.002899	0.013886
0.023041	-0.008698	0.081025
0.021515	-0.006867	0.075532
0.020294	-0.001373	0.032197
0.014191	0.002899	0.034333
0.030060	0.009308	0.015412
0.024872	-0.010529	0.023041
-0.021515	-0.031586	-0.035248
-0.010529	-0.034028	-0.001678
0.016632	-0.001984	0.046845
0.033112	0.016632	0.006561
0.019684	0.013886	-0.012055
0.032197	0.025788	-0.034028
0.034028	-0.002594	0.021515
0.026398	0.008698	0.021210
-0.002289	0.001678	0.009613
0.023346	-0.004730	0.010834
0.020600	-0.020905	-0.004730
0.016022	-0.009308	0.045319
0.014496	-0.005646	0.024262
0.009918	-0.006867	-0.011749
0.029755	0.004425	0.044709
0.030060	0.001984	0.106050
0.005646	-0.037385	0.066682
0.009918	-0.022736	0.034333
0.036164	0.004120	0.049287
0.017853	-0.007477	0.062104
0.019684	-0.004730	0.026398
0.008698	-0.018158	-0.001678
0.021210	-0.005341	-0.000763
0.025177	0.003510	0.066987
0.012665	-0.016938	0.045930
0.003204	-0.006867	0.016938
0.016938	-0.007477	0.028840
-0.002594	-0.000458	0.013886
0.012055	-0.009003	0.040436
0.029450	0.023651	0.092927
0.021210	0.016022	-0.030060
-0.001068	0.002899	-0.053864
0.020905	0.019684	0.011444
0.019074	0.006561	0.018158
0.032197	0.004120	-0.023651
0.020600	-0.002289	-0.005951
0.027314	0.003510	0.014191
0.012055	0.010529	-0.006561
-0.002289	0.007782	0.020905
0.013275	-0.000763	0.048066
0.022126	-0.016327	0.006256
0.010834	-0.016022	0.016938
0.011444	-0.004120	0.037690
0.014191	-0.004425	0.051118
0.023957	0.007172	0.051118
0.017548	-0.022736	-0.005341
0.011749	-0.009613	-0.016632
0.016938	0.002289	0.050813
0.019074	-0.009003	0.078584
-0.021210	-0.020905	0.007782
-0.036774	-0.009308	0.103609
-0.049897	0.006561	0.071565
-0.063630	-0.011749	0.039216
-0.059358	-0.008392	0.031891
-0.021210	0.003204	-0.012970
0.133822	0.004120	-0.006561
0.103304	0.007477	0.042878
0.038605	0.024567	-0.016327
0.061494	0.004120	0.020905
0.062104	0.005646	0.013581
0.036469	0.019379	0.057527
0.073396	0.011139	0.062409
0.025177	0.000763	0.052033
-0.015412	-0.009308	-0.022126
-0.025788	-0.035248	-0.069123
-0.005951	-0.029755	-0.023957
0.086213	0.012665	0.092622
0.063935	0.009003	0.039216
0.034638	-0.028229	-0.012360
0.042573	-0.023957	-0.045014
0.036774	0.007782	0.036164
0.038300	0.003204	0.001373
0.025788	0.003204	-0.003510
0.047150	0.005341	0.028840
0.029450	0.002289	-0.009308
0.029450	0.001068	0.056001
0.023957	-0.005341	0.070039
0.055085	0.014801	0.039826
0.010529	-0.017243	0.010529
-0.014496	-0.019989	-0.058442
0.024567	0.008698	0.020905
0.051728	0.024872	0.138705
0.037385	0.009308	0.087434
0.025483	0.003510	0.078889
0.002899	-0.020294	0.081025
0.010834	-0.005951	0.040131
0.012970	-0.010834	-0.002289
0.007782	-0.006256	-0.009918
-0.010834	0.003815	0.001373
0.016632	0.013275	0.008087
0.020905	0.016632	0.054780
0.025483	0.006561	-0.023957
0.023346	-0.016938	0.012970
0.005646	-0.041962	-0.003204
0.013581	-0.011444	0.015412
0.030976	-0.001678	-0.002289
0.026398	0.004425	0.032197
0.039216	-0.001678	-0.036164
-0.021515	-0.006256	-0.047761
-0.018463	-0.021820	-0.065766
0.027619	0.005341	0.021210
0.023957	0.005035	0.062715
0.014801	-0.004120	0.025483
-0.002899	0.008392	0.059358
0.005341	0.005646	0.016022
0.014191	-0.004730	0.056916
0.094148	0.019074	0.081331
0.050202	0.000458	0.027314
0.000763	0.002899	0.029755
0.009918	-0.008087	0.016938
0.013275	-0.004425	0.015106
0.000153	-0.011444	0.024567
0.010834	-0.002289	0.007477
0.017548	-0.015106	0.016938
0.000153	-0.004120	-0.005341
0.015412	-0.003204	0.017853
0.027924	0.002594	0.036164
0.030365	-0.012055	0.014496
0.006256	0.004120	0.010529
0.001678	-0.002594	0.009918
-0.003815	-0.006256	-0.034943
0.016632	0.008392	-0.009003
0.055695	0.035248	0.022431
0.021515	0.022126	0.009918
0.000153	0.035248	0.023346
0.016632	0.005951	0.073701
0.005035	-0.007782	0.011139
0.007477	0.005035	0.004425
0.007782	0.018158	0.015412
0.034638	0.016938	-0.008087
0.031891	0.001068	-0.009003
0.020294	0.003510	0.021515
-0.002594	-0.014801	-0.050813
-0.008087	-0.029450	0.003815
0.006561	0.002899	-0.004730
0.011749	-0.019684	0.056611
-0.001068	-0.013275	-0.000763
0.016022	0.000153	0.019379
-0.005951	-0.023957	-0.016938
0.005951	-0.008087	-0.025177
0.033417	-0.014801	-0.004730
0.023346	-0.010834	-0.042267
0.020600	0.024262	0.087434
0.011139	0.010834	0.026398
0.016022	-0.006561	0.020600
0.009308	-0.007782	-0.008698
0.012665	-0.000763	0.064546
0.053254	-0.012665	0.016938
0.035554	0.021210	0.056306
0.033112	0.022736	0.079500
0.034943	0.011749	0.086824
0.011139	-0.003510	0.057832
-0.010529	-0.027619	-0.012360
-0.025177	-0.042267	-0.081025
0.013581	-0.033722	-0.102083
0.017243	-0.026398	-0.029145
0.045319	-0.013886	0.045319
0.010529	0.000763	0.059052
0.010834	0.013275	0.067292
0.028534	-0.018463	0.066987
0.037079	-0.016632	0.049287
0.038605	-0.005646	-0.017243
0.045930	0.006867	0.052949
0.021820	0.010529	0.043488
0.012055	0.000153	0.005951
-0.018463	-0.009308	0.003510
-0.029450	0.002899	0.005646
0.001984	0.017243	0.073701
0.025788	0.035859	0.077058
0.014496	0.029755	0.046845
0.010834	0.010529	0.052949
-0.020905	-0.014801	-0.046235
-0.009918	-0.033417	0.005951
-0.006256	-0.016632	0.031586
0.009003	-0.005646	0.013275
0.139925	0.010834	0.023041
0.041352	-0.032197	-0.036164
0.031281	-0.009003	-0.000458
0.004730	-0.017243	0.018158
0.001373	0.003204	0.056001
0.036164	-0.016632	-0.033417
0.087129	0.000153	-0.013886
0.039826	0.005035	-0.009308
0.017548	-0.007782	0.006867
0.028840	-0.003204	-0.003815
0.016327	-0.005646	0.022736
0.021515	-0.026093	0.020294
0.013275	-0.020294	0.008087
0.016938	-0.027008	-0.007477
0.016022	-0.016632	-0.004730
0.016022	-0.019989	-0.021210
-0.002289	-0.027314	-0.008392
-0.000458	-0.018463	-0.027008
0.005951	-0.025177	-0.018158
0.010834	-0.030671	-0.047456
0.032197	0.006256	-0.003204
0.058442	0.033417	0.102998
0.037690	0.005951	0.062104
0.025483	0.004120	0.007172
-0.021820	-0.019379	-0.016632
-0.000458	0.004120	0.013275
0.021210	0.031281	0.078584
0.028840	0.012055	0.096895
-0.014191	-0.015412	-0.033112
-0.012970	-0.026703	-0.062104
0.021515	-0.012055	-0.037690
0.039216	0.016022	0.022736
0.039521	0.008087	0.099336
0.027924	-0.017853	0.078584
0.018769	0.002594	0.062715
0.011139	-0.005951	0.049897
-0.000458	-0.017853	-0.014191
0.006867	0.027619	0.027924
0.016022	0.026093	0.101778
0.016938	0.025788	0.059358
0.031891	0.008698	0.027619
0.027924	0.027924	0.108492
0.006256	-0.004730	0.008698
-0.002289	-0.010224	0.046540
0.004425	-0.015412	0.003815
0.013886	0.013886	0.020294
0.007172	0.000763	0.009308
0.004120	-0.009613	0.005341
0.011444	-0.018769	0.013275
0.009613	-0.026703	0.052338
0.014191	-0.016938	0.007782
0.029450	-0.010224	0.013275
0.048066	0.003510	0.062715
0.026093	0.014496	-0.031281
0.008087	-0.000763	-0.072175
0.000458	-0.017548	-0.110933
-0.008392	-0.016022	0.057221
0.005951	-0.024872	0.103304
0.024567	0.018769	0.069734
0.072175	0.016632	0.048981
0.045014	0.008087	0.012970
0.026398	0.001984	0.024872
0.031586	-0.001068	-0.000458
0.024262	0.005646	0.017548
0.026398	0.000153	0.027619
0.021515	-0.001068	0.054780
0.014496	-0.002594	0.007477
0.006561	-0.010834	0.008698
0.016327	-0.011749	0.034638
0.027619	-0.012055	-0.039216
0.046845	0.015106	-0.035859
0.070649	0.005035	0.003204
0.044404	0.006867	0.011749
0.029450	0.018158	0.040131
-0.002899	-0.008392	-0.010529
-0.000763	-0.011139	-0.048066
-0.012665	0.001984	0.027314
-0.019074	0.012665	0.063630
-0.026703	-0.005951	0.044709
-0.014801	0.017243	0.069123
0.003815	0.011444	0.039216
0.061189	-0.000153	-0.001678
0.037995	-0.001373	-0.025177
0.058747	-0.003510	0.007172
0.035248	0.003510	0.017243
0.039521	0.017853	0.000458
0.018158	0.028229	0.043793
0.028229	0.008698	0.092012
0.020294	-0.021820	0.025788
-0.000763	-0.022431	0.006256
0.009308	-0.008087	0.065461
0.029755	0.013275	0.021820
0.037079	0.022736	0.045624
0.005951	-0.010529	-0.014801
0.006256	0.020600	-0.060883
0.048981	0.040131	0.015412
0.032502	0.011444	0.022431
0.016632	-0.001678	0.027924
-0.010224	-0.007782	0.041352
0.001068	0.000153	0.022126
-0.000458	-0.008392	-0.012665
0.006256	-0.012665	0.036774
0.016938	-0.005035	0.023041
0.005646	-0.021515	-0.000458
-0.038300	-0.026398	-0.027619
-0.067292	-0.032807	-0.015412
-0.060883	-0.014496	0.013275
-0.047456	0.000458	0.015717
-0.033722	0.003815	0.047456
0.124666	0.035554	0.039521
0.183871	0.036164	0.097200
0.087434	0.030365	0.031281
0.054475	0.024872	-0.015106
0.034638	0.017853	-0.073701
0.046235	0.040436	0.030976
0.043793	0.023041	0.051728
0.030671	0.008392	0.020905
0.050813	0.035859	-0.011139
0.035248	0.043793	-0.009918
0.033112	0.029145	0.057832
0.049592	0.034028	0.064851
0.019074	-0.020294	0.064851
-0.007782	-0.036469	0.001984
0.000763	-0.031281	0.010834
0.009308	-0.034333	0.031891
0.005646	-0.017548	0.022736
0.014496	0.000458	0.036774
0.022126	0.005646	0.056306
-0.008087	0.016022	0.023346
0.004730	-0.006561	-0.024872
0.003815	-0.001984	-0.028840
0.009003	-0.000458	-0.056306
0.006867	0.004120	-0.032807
-0.008698	0.006256	0.007477
-0.000153	0.007782	0.017243
-0.007782	-0.004120	0.065766
-0.001984	0.015412	0.029450
-0.004120	0.003510	0.027008
0.063935	0.000153	0.000458
0.031586	-0.010529	0.019074
0.021210	0.012970	0.054780
0.040436	0.022431	0.024567
0.034943	0.036164	-0.040436
0.034943	0.053864	0.035248
0.015717	0.034943	0.020600
-0.008698	-0.002289	-0.047761
0.005646	-0.001678	-0.061189
0.020294	0.002899	0.042573
0.019989	0.014496	0.060578
0.084993	0.044709	0.065156
0.019074	0.021820	-0.009003
0.016632	0.004425	-0.017243
0.007782	-0.003510	0.053864
0.024567	0.005341	0.001984
0.003815	-0.011139	0.055390
-0.011749	-0.027314	-0.020905
-0.007477	-0.020600	0.023041
-0.009003	-0.002289	0.047150
-0.000153	-0.005341	0.035554
0.052644	0.008698	0.011749
0.038911	0.007172	-0.003510
0.033722	0.017548	-0.039216
0.027619	0.004425	-0.010224
0.036774	0.008392	0.005341
0.014496	-0.001678	-0.008392
-0.006256	-0.000458	-0.008392
-0.009613	0.012665	-0.016022
-0.007782	0.012055	0.080415
-0.012360	0.016632	0.036774
0.005646	0.008087	0.014801
0.033722	0.000458	0.015717
0.011749	-0.004730	0.051423
0.023041	-0.001678	0.052338
0.031281	0.039216	0.070039
0.037995	0.049897	0.073091
0.030976	0.030060	0.018158
0.017548	0.025788	0.048676
0.027924	0.017243	0.084382
0.034638	0.010834	0.020294
0.017853	-0.001678	-0.005341
0.014496	-0.000458	-0.009308
0.024262	0.013886	0.016022
0.026093	0.003815	0.023651
0.016022	0.014191	0.026093
0.028229	-0.004730	-0.005951
0.019074	-0.004730	0.029450
0.006256	0.004730	0.023957
0.003510	0.009613	0.039216
-0.019684	-0.023957	-0.008087
-0.016632	-0.020905	0.007172
0.022126	0.003815	0.033112
0.061799	-0.002289	0.075532
0.021515	-0.007477	0.022736
0.037995	0.005646	0.033722
0.021515	-0.016632	0.010224
0.010834	-0.007782	0.003204
0.022431	-0.002289	0.032807
0.036774	0.014496	-0.002594
0.031281	0.012055	-0.036469
0.024872	0.016022	0.028534
0.031586	0.016632	0.014801
0.042573	0.018769	-0.030671
0.028840	0.005646	0.014191
0.018463	0.004120	0.011139
0.009003	0.006867	0.036469
0.025177	0.001373	0.018463
-0.012360	-0.012055	-0.016022
-0.012970	-0.009003	0.045319
-0.016327	-0.018769	-0.010224
0.004425	-0.021515	-0.038911
0.027924	0.008392	0.018769
0.013275	-0.000458	0.053559
-0.012665	-0.021210	-0.009308
0.007782	0.001373	0.005646
0.016327	0.025483	0.057832
0.071565	0.046235	0.080415
0.041352	0.025177	0.053864
0.027924	-0.007477	0.012665
0.011444	0.006867	-0.025177
0.005341	-0.025177	-0.018158
0.018158	0.003815	0.018158
0.024872	0.022431	0.055390
0.030671	0.013275	0.061799
0.009918	-0.007782	-0.013886
0.006867	-0.022126	0.003510
0.008087	-0.016632	0.006867
0.016632	-0.017853	-0.055085
0.022736	-0.001373	-0.021515
0.016632	0.000763	-0.066987
0.015412	-0.011749	0.081941
-0.001373	-0.012055	0.011139
-0.016632	-0.028534	0.036469
0.006867	-0.010529	0.001068
-0.000153	-0.012665	-0.011749
0.041962	-0.007782	-0.010834
0.045930	0.009613	-0.045014
0.017853	0.000763	-0.036774
0.024567	0.008392	-0.009003
0.042267	0.009918	0.020600
0.036774	0.001068	0.026398
0.015412	-0.006256	-0.014496
0.017243	-0.010834	0.003815
0.039216	0.004730	0.081025
0.038911	0.017853	0.059358
0.017853	0.017548	0.029145
0.016938	0.022431	0.043793
0.026398	0.003815	-0.003510
0.018463	0.014496	-0.011444
0.014191	0.017243	0.020905
-0.002899	-0.003204	0.002289
0.005951	0.005035	0.049897
0.031281	-0.009003	0.022431
0.044099	-0.008087	0.023957
-0.002594	-0.006256	-0.014191
-0.095369	-0.014191	0.039521
-0.116426	-0.012055	0.077668
-0.104524	-0.013275	0.052338
-0.074617	0.001373	0.053559
0.009308	0.016327	0.044709
0.079194	0.007782	0.084993
0.229648	0.029755	0.076753
0.125582	-0.000763	0.033722
0.053254	-0.011749	0.017853
0.031281	-0.009613	0.022431
0.014496	-0.014801	0.012055
0.009003	0.008698	-0.007477
0.024567	0.009308	-0.014801
0.021820	0.009308	0.001373
0.034943	0.030060	0.036164
0.032807	0.018158	0.007172
0.015412	0.000763	0.020294
0.035248	-0.006867	0.073701
0.023346	-0.000153	-0.012360
0.026398	0.009308	0.008087
0.039521	0.012360	0.044099
0.030671	0.005646	0.041352
0.030671	0.008698	0.058747
-0.005341	0.002594	0.017548
-0.011749	-0.017548	-0.029450
-0.012360	-0.011749	-0.019074
-0.005341	-0.008392	-0.035248
0.009003	-0.004120	-0.010834
0.072786	0.016022	0.005035
0.035859	0.004120	0.028534
0.011444	-0.019074	0.001984
0.036164	0.005341	0.017548
0.018158	-0.024567	0.029145
0.021210	-0.010224	0.022126
0.021515	0.003510	0.033722
0.059052	0.016022	0.150301
0.001984	0.018463	0.054170
0.018769	0.033417	0.005035
0.026093	0.035859	0.048371
0.006561	0.002899	-0.009613
-0.005341	-0.010834	-0.039216
-0.005646	-0.006867	-0.009308
0.009613	0.010224	-0.059968
0.012055	-0.001373	-0.045930
0.007172	0.020294	-0.014801
0.036469	0.023346	0.059358
0.011139	0.014496	0.075837
0.027314	0.009003	0.084688
0.038300	0.007477	0.043793
0.035859	0.009003	-0.023651
0.016327	0.014191	-0.020294
0.021210	-0.007782	-0.018463
0.023041	-0.018158	0.008392
0.019684	-0.028229	0.022736
0.009308	-0.002594	0.072480
0.019379	0.006256	0.048066
0.018769	-0.000458	0.029450
0.019684	0.000458	0.034943
0.012970	-0.004730	0.034028
0.005951	-0.012665	-0.006561
0.011139	-0.013275	-0.021210
0.037079	-0.009308	0.012665
0.028840	-0.025483	0.018769
0.037690	-0.014801	0.029755
0.040131	-0.020600	0.028229
0.024567	-0.005646	0.019379
0.013581	-0.009918	0.016632
0.012055	-0.003204	0.037995
0.003204	0.001068	0.033722
-0.013275	-0.023957	-0.003204
0.015412	-0.031586	-0.080110
0.044404	0.010834	-0.055695
0.035554	0.023346	0.035248
0.009308	-0.015412	0.048676
0.031281	0.003815	0.055695
0.016327	0.018463	0.058747
0.030671	0.023346	0.054780
0.041657	0.020294	0.072786
0.019684	-0.000458	0.071565
0.027314	-0.018769	0.027314
-0.003510	-0.039216	-0.017853
-0.002594	-0.008087	-0.055695
0.030365	0.025788	-0.105135
0.022736	0.011139	0.012055
0.061799	0.026093	0.189364
0.034028	0.009308	0.034943
-0.015412	-0.028534	-0.018158
0.000458	0.003815	0.033112
0.015717	0.034943	0.063630
0.003204	0.024262	0.027008
-0.012665	0.012970	0.008392
0.010224	0.007477	0.000763
0.009613	0.016938	0.008392
0.064851	0.034028	0.014496
0.025177	-0.003815	0.003510
0.007172	-0.014496	-0.025483
0.013581	-0.000458	0.024567
0.015717	-0.007782	0.026093
0.006256	-0.011139	0.046845
0.009003	-0.019379	0.025177
0.004120	-0.010834	0.003510
0.001373	-0.009308	0.025483
0.020294	0.003204	0.057832
0.001068	-0.005341	0.030671
0.012970	0.010834	0.048066
0.009003	-0.009613	0.016022
0.009918	-0.010834	0.015717
0.037995	0.018769	0.037690
0.049287	0.045930	0.056611
0.035248	0.019074	0.019074
0.027008	0.020294	-0.042573
0.020600	0.007782	-0.060578
0.030365	-0.025483	0.019074
0.004120	-0.037385	0.006561
0.015106	-0.023651	0.013581
0.008392	0.006561	-0.001678
-0.022431	0.010529	0.016022
-0.004730	-0.002899	-0.001678
0.001373	-0.000763	0.041352
0.037079	0.006867	0.093233
0.044709	0.005341	0.028534
-0.004425	-0.013886	0.021210
-0.055390	-0.033112	0.007782
-0.062715	-0.033417	0.003204
-0.038300	-0.009308	0.017548
-0.028840	-0.005646	-0.003510
0.041047	0.014801	0.030060
0.090486	0.017243	-0.000458
0.027314	0.002594	0.010224
0.023957	0.014496	0.009613
0.016327	0.024262	0.040131
0.070344	0.019074	0.056306
0.066682	0.021210	0.056001
0.034333	0.002899	0.023041
0.050202	0.009308	0.045319
0.027924	0.003815	0.045930
0.003510	-0.000763	0.054170
0.005341	-0.002594	0.041047
0.044709	0.006561	0.009003
0.077058	0.014496	0.022126
0.019074	0.002289	-0.012970
0.005951	-0.011749	-0.065766
-0.011139	0.009003	-0.104219
0.035859	0.010529	-0.038911
0.069429	0.007172	0.119478
0.037995	-0.012665	0.008698
0.023957	-0.014191	-0.025177
-0.001678	-0.007782	0.009613
0.002289	-0.012665	0.030365
-0.029145	-0.032807	0.008087
0.005951	-0.005341	0.073396
0.047456	0.006867	0.035859
0.108492	0.018769	0.091096
0.095369	0.002289	0.046540
0.016327	-0.015717	0.022736
-0.013581	-0.014496	0.012970
0.016632	-0.002899	0.035859
0.027619	0.002899	0.030365
0.015412	-0.002289	0.070039
0.013886	-0.005035	0.028229
0.004120	-0.002899	-0.010834
0.013886	-0.000153	-0.027924
0.009003	-0.002594	-0.061799
0.013581	0.005646	-0.040131
0.046845	0.037385	0.027314
0.031281	0.012665	0.099947
0.020600	-0.008392	0.065156
0.009308	0.018769	-0.073701
0.009308	-0.012055	-0.045014
0.030976	-0.000153	0.146639
0.027924	-0.033722	0.114290
-0.010224	-0.048676	0.041047
-0.031586	-0.045624	-0.009003
0.014496	-0.012665	0.113985
0.038300	0.012665	0.044099
0.059968	0.029450	-0.005035
0.065461	0.016327	0.016022
0.029755	0.002899	0.004730
0.009308	0.012970	0.006867
0.001678	0.008087	-0.063630
0.008392	-0.008392	0.001984
0.028840	0.000458	0.010224
0.065766	0.021820	0.056001
0.038300	-0.002899	0.077363
-0.005646	-0.011749	-0.017548
0.022126	-0.016938	0.039216
0.027924	-0.014801	0.016022
0.022431	-0.014191	0.025483
0.024262	-0.016022	0.039216
0.009613	-0.008698	0.027619
0.014801	0.001373	0.005341
0.027008	0.015412	0.021820
0.010529	0.011444	0.025788
0.032807	-0.006867	-0.006256
0.035248	0.008087	-0.006561
0.020294	0.010834	-0.009308
0.024262	-0.019684	-0.035554
0.051423	0.022431	0.068208
0.026093	0.015412	0.046540
0.018769	-0.005035	-0.041657
0.040436	-0.001984	0.008698
0.041962	0.001678	0.052644
0.041962	0.005951	0.074311
0.033417	-0.011139	0.005951
0.026398	-0.009918	0.007477
0.048676	-0.000153	0.032807
0.059358	-0.006561	0.060273
0.036774	-0.021820	0.051118
0.024262	-0.024262	0.018769
0.030671	-0.001373	0.001373
0.027314	0.018769	0.005341
0.044709	0.010224	0.020600
0.046845	-0.020294	0.032807
0.016632	-0.034943	-0.008087
-0.000153	-0.031891	-0.028229
0.008392	-0.028840	0.005951
0.017853	-0.005951	-0.022431
0.034638	0.008087	0.005951
0.046235	0.008087	0.007172
0.034333	0.002899	0.010224
0.013886	-0.016022	-0.045930
0.042878	-0.005951	-0.038605
0.030060	-0.003204	-0.084382
0.037385	0.016327	0.024262
0.037079	-0.016632	0.082246
0.031586	0.010834	0.053559
-0.022126	0.009613	-0.011749
-0.013886	0.007477	0.009308
-0.011749	0.012970	0.009918
-0.008698	0.004120	-0.023346
0.011139	-0.004120	0.030365
0.064240	-0.001068	0.056001
0.028229	-0.010834	0.016022
0.034028	0.001984	0.002899
0.042573	-0.001678	0.009308
0.030976	0.003204	0.014191
0.032807	-0.005035	0.037079
0.025788	-0.037385	-0.000458
0.002289	-0.016022	-0.009003
-0.034333	-0.003204	0.041047
-0.037385	-0.011749	-0.026398
-0.026398	0.010224	-0.048066
0.024872	0.036774	0.068818
0.097200	0.029755	0.076753
0.138094	0.016938	0.009308
0.082856	-0.020905	0.024262
0.050202	-0.017243	0.003815
0.016938	-0.025483	0.016938
0.003204	-0.017548	0.016327
0.004120	-0.019684	0.033112
0.069734	-0.012970	0.070039
0.085908	0.016327	0.068208
0.088655	0.007782	0.084688
0.040742	-0.012665	0.030060
0.025483	-0.027314	-0.024872
0.026093	-0.005341	-0.015106
0.029450	0.015106	0.005035
0.023957	-0.005646	-0.015106
0.028229	0.010529	0.010224
0.020294	0.005646	-0.015717
0.006561	0.003815	0.006561
0.020294	0.008087	0.019379
0.023651	0.005341	0.021515
0.025788	-0.015106	-0.007782
0.021515	0.001984	-0.035248
0.029145	0.007172	0.022736
0.057832	0.025483	0.127108
0.051728	0.005951	0.001068
0.035859	0.000763	0.020600
0.016022	-0.006256	0.048371
-0.016327	-0.013886	0.025788
-0.016022	-0.020600	0.023651
-0.003815	-0.014496	-0.018463
0.001373	0.010529	-0.029450
0.037385	0.041352	0.037995
0.068208	0.024872	-0.030365
0.058747	0.006256	-0.053864
0.005035	-0.022126	-0.044099
0.019379	-0.018158	-0.044709
0.035248	-0.001373	0.075837
0.001068	-0.022736	-0.051118
0.023651	-0.006256	-0.024872
0.006561	0.006867	0.022126
0.017243	0.001373	0.042573
0.041962	0.017243	0.129854
0.039216	0.009003	0.045319
0.026093	0.010834	0.023346
0.041352	0.011444	0.052033
0.046845	0.007477	0.041047
0.040436	0.030060	0.023651
0.026093	0.026398	0.018158
0.035554	-0.008698	-0.006256
0.020294	0.005951	-0.036774
0.017548	0.002594	-0.023346
0.023041	0.017853	0.034943
0.008392	0.013886	-0.002289
0.009613	-0.014496	0.066072
0.013581	-0.021210	0.080415
0.014801	-0.042573	-0.003510
0.019074	-0.013581	-0.028534
0.019074	-0.005341	0.015412
0.022736	-0.019074	0.013275
0.016938	-0.025483	-0.001373
0.024872	-0.011444	0.012970
0.032502	0.001984	0.039521
0.028229	-0.009613	0.041047
0.027619	0.011749	0.027619
0.018463	0.000763	0.022126
0.026398	0.004120	0.019074
0.027314	0.001373	0.026398
0.018158	-0.000153	0.007477
-0.001068	0.006867	0.010529
0.003204	0.002899	0.003510
0.011749	-0.005646	0.009308
0.032807	-0.018158	-0.002899
0.058137	0.026398	0.036164
0.082246	0.013581	0.033722
0.031891	-0.005035	0.023041
0.005646	-0.027008	-0.021820
-0.005341	-0.028534	-0.021515
0.022126	-0.027314	0.019074
0.012360	0.012055	0.030365
-0.022126	-0.000153	0.015717
-0.017853	-0.009003	0.027619
-0.017853	0.005341	0.022431
0.010224	0.005035	0.012970
0.060273	0.015412	0.040131
0.070039	0.002289	0.043183
0.040436	0.004425	0.045624
0.041352	0.003815	0.034638
0.040131	0.001678	0.024872
0.023651	-0.001678	0.018463
0.012970	0.005341	-0.003510
0.011749	0.005341	0.022126
0.024262	0.001068	0.022736
0.019684	-0.002594	0.053254
0.023346	0.014496	0.046540
0.000153	0.019684	0.023041
0.008698	-0.012665	-0.046235
0.019379	0.005035	0.024262
0.071565	0.011749	0.018158
0.015106	0.019379	-0.007477
-0.036774	-0.000458	-0.012665
-0.054170	0.009613	-0.017853
0.012665	0.040131	0.048066
0.035554	0.029450	0.008392
0.056611	0.016938	-0.011444
0.071870	-0.018463	-0.078889
0.033722	-0.001678	0.022736
0.048676	0.028229	0.053864
0.059663	0.012360	0.066682
0.030060	-0.011444	0.049897
-0.054475	-0.070649	-0.048981
-0.079194	-0.064851	0.002289
-0.090181	-0.041962	0.036774
-0.059358	0.005951	-0.003510
0.013581	0.030671	0.059052
0.182345	0.029145	0.026093
0.158541	0.009613	0.088960
0.082551	-0.007782	0.013886
0.038911	-0.017243	-0.036164
0.016938	-0.003510	0.039216
0.017853	-0.001373	-0.001068
0.019074	-0.007477	0.018769
0.028840	-0.007477	0.013581
0.038911	0.009613	0.008698
0.034638	0.046540	0.012665
0.063020	0.037385	0.056611
0.025177	-0.009918	-0.005035
0.017243	-0.019379	0.002594
0.008392	-0.019379	0.080415
0.007172	-0.025483	0.039521
0.016022	-0.012055	-0.000763
0.014801	-0.004425	0.033112
0.005646	-0.001678	-0.005341
-0.000153	-0.000458	-0.039826
0.009003	-0.008698	-0.015717
0.002899	-0.019074	-0.005341
0.008087	0.007477	-0.001373
0.015717	0.007172	-0.003204
0.024872	0.005035	0.007172
0.008698	-0.007477	-0.011444
0.008087	0.001984	0.030365
0.004425	-0.012970	0.025483
0.002594	-0.013886	0.015717
0.020294	0.012970	0.027924
0.042573	0.017548	0.091402
0.038605	0.004425	0.095674
-0.002289	-0.006256	0.037690
0.007782	-0.000153	0.028229
0.016022	0.009003	0.049897
0.021515	-0.001678	0.003510
0.032807	0.002899	0.012665
0.019074	0.004730	0.021515
0.030976	0.001373	0.032807
0.021820	-0.015717	-0.013581
0.013886	-0.033417	-0.026398
0.006561	-0.001373	0.004425
0.017853	0.018158	0.082856
0.034943	0.025788	0.103304
0.038605	0.005646	0.036774
0.008392	-0.031891	-0.042878
0.001678	-0.029755	-0.006256
0.024872	0.005951	0.002594
0.018158	0.008087	0.056611
0.020294	-0.002594	0.072175
0.023651	0.013886	0.025483
0.029450	0.021820	-0.016022
0.038911	0.010529	-0.003815
0.029755	-0.004730	-0.000763
0.033112	0.007782	0.017548
0.024262	-0.000763	0.032197
0.016022	-0.005646	0.015106
0.017853	-0.000153	0.006561
0.016632	-0.011749	-0.001068
0.015412	0.010224	-0.000763
0.019074	0.007477	0.012360
0.013581	0.007477	0.066682
-0.028840	-0.015106	0.039826
-0.012055	-0.012665	0.037995
-0.000763	-0.007782	0.064851
0.016327	-0.002594	0.066987
0.043183	0.008087	0.058747
0.070344	0.005035	0.031281
0.027008	-0.002289	0.003815
0.040131	0.000153	-0.006867
0.021820	0.004730	0.001373
0.016327	0.007477	0.010834
0.014191	0.014801	0.045319
0.008698	0.002594	0.041047
0.012360	-0.003815	0.090791
0.016327	-0.011749	0.021210
0.014191	-0.009918	0.016938
0.002594	-0.019684	-0.014191
-0.001373	-0.024262	-0.055390
0.001068	-0.023346	-0.009003
0.002594	-0.024262	-0.073396
0.047150	0.003510	-0.027924
0.066987	-0.002289	-0.021210
0.032807	0.024567	0.092317
0.045319	0.022126	-0.034943
0.060578	0.028229	0.033722
0.053864	0.010529	0.032502
0.024567	-0.001984	0.038300
0.031891	0.011749	0.084688
0.047456	0.005646	0.033417
0.023957	-0.021515	0.023651
0.028229	0.010529	0.076753
0.002899	-0.003815	0.077668
0.021820	-0.002899	0.047150
0.023041	-0.021820	-0.045624
0.055085	-0.023957	-0.052033
0.037690	-0.033112	-0.035554
0.006867	-0.039826	-0.002594
0.016938	-0.016938	0.041657
0.028229	-0.007477	-0.011444
0.016022	0.000763	0.006867
0.043183	0.006867	0.065461
0.009003	0.003510	0.011139
0.020905	0.000458	-0.006256
0.002899	-0.007782	0.015412
-0.006561	-0.030671	0.002594
-0.008698	-0.026398	0.033417
0.017548	-0.011749	0.061494
0.004425	-0.029755	0.029755
-0.016632	-0.014801	-0.045930
-0.019989	-0.023651	-0.081941
0.047456	-0.008087	0.022126
0.100557	-0.006561	0.033417
0.039521	-0.017243	-0.035859
0.037385	-0.008087	-0.009918
0.045930	0.015717	0.073396
-0.007477	-0.007782	0.030671
-0.057832	-0.013886	-0.008392
-0.044404	0.000153	-0.023651
-0.054170	-0.005951	0.025788
-0.043183	0.007172	0.020294
0.126802	0.021820	0.009613
0.154269	0.012360	0.009003
0.055390	-0.000763	0.002899
0.041962	-0.012055	0.023041
0.023346	0.004120	0.046845
0.023651	-0.005646	0.026093
0.029450	-0.016938	-0.006561
0.030976	0.020905	-0.000763
0.027924	0.014801	0.011749
0.020294	-0.001373	0.050813
-0.037690	0.007477	-0.019684
-0.076753	0.005035	-0.016938
-0.078889	-0.005951	0.007782
-0.047456	0.002289	0.007172
-0.056001	0.007172	0.006561
0.102388	0.030365	0.045319
0.111238	0.039521	0.034943
0.073701	0.032197	0.055085
0.073701	0.021820	0.022736
0.064240	0.026093	0.090486
0.044099	0.034638	0.005646
0.032807	0.007782	-0.001678
0.019379	-0.018463	0.010224
0.016632	-0.006561	-0.043183
0.029755	-0.020905	0.008392
0.034333	-0.016632	0.081636
0.013886	-0.014191	-0.011444
0.008392	-0.004120	0.038911
0.022126	0.007782	0.121309
-0.026093	0.002289	0.020600
-0.051423	-0.014496	-0.044404
-0.025788	-0.022126	-0.058442
-0.023957	-0.018158	0.025177
-0.003510	-0.000153	0.058137
0.112459	0.019074	0.021210
0.045014	-0.002594	0.014801
0.053559	0.011749	0.035248
0.063630	0.004730	0.016327
0.050202	0.008698	0.018769
0.021515	-0.005035	-0.020905
0.023041	0.005035	0.017243
0.024262	0.016327	0.084077
0.008087	-0.004120	0.032502
-0.006561	-0.007477	0.042573
0.006867	-0.002289	0.038911
0.015412	-0.016632	-0.010529
-0.003510	-0.012665	-0.030060
0.009003	0.005646	0.005341
0.020294	0.010529	0.061189
0.025483	0.019684	0.041962
0.010529	-0.008087	0.022431
-0.008392	-0.011444	-0.045014
0.003815	0.005951	-0.037690
-0.010834	-0.023041	0.005646
-0.002594	-0.004425	0.005646
0.009613	0.006867	0.007172
0.040742	0.004425	0.031281
0.054170	-0.000458	0.033722
0.003815	-0.023346	0.009003
0.001678	-0.012970	-0.008698
0.014191	0.021515	0.020600
0.026398	0.013581	0.017853
0.015717	0.016632	0.056611
-0.001984	0.005646	0.048981
0.001678	0.002289	0.006867
0.032807	-0.008698	0.037690
0.042267	-0.009918	0.035859
0.025177	0.005646	0.005341
0.040742	0.029145	-0.000763
0.054170	0.056611	0.080110
0.039521	0.026093	0.076143
0.037995	0.009918	0.032197
0.027619	-0.010529	-0.019074
0.013581	-0.013886	-0.006256
0.009613	-0.014496	-0.011749
0.000458	0.005035	-0.045319
0.002899	0.011444	0.019989
0.012970	0.029145	0.063020
0.002289	-0.007477	0.084688
0.014191	0.010529	0.071565
0.040436	-0.001373	0.054780
0.006867	-0.000458	0.046540
-0.017548	0.003815	0.018158
-0.025483	-0.028840	0.006867
-0.010834	-0.022736	-0.069429
0.042878	-0.004730	0.008392
0.039826	0.023957	-0.020294
0.055085	0.057221	-0.004425
0.045014	0.032807	0.108492
-0.013275	-0.022431	0.103914
-0.022126	-0.042878	-0.048676
-0.027924	-0.034638	-0.011749
-0.023346	-0.022736	0.001373
-0.023346	-0.018463	0.000763
-0.008698	-0.013581	-0.033112
0.011139	-0.002289	0.020600
0.082856	0.004425	0.037079
0.049592	-0.000763	0.046235
0.016327	-0.015717	0.003510
0.010834	-0.018769	0.030976
0.017243	0.001984	0.015412
0.011749	0.004425	0.020600
-0.018463	-0.001678	0.063020
-0.014191	0.004425	0.066987
-0.036164	-0.014801	0.028534
-0.017853	-0.017243	-0.006256
0.015717	-0.019379	-0.028840
