0.254673	0.311742	0.272679
0.219883	0.237888	0.261387
0.081636	0.076143	0.092317
-0.075837	-0.049592	-0.181735
-0.106355	-0.023041	-0.123751
0.027314	0.088045	0.222019
0.028534	0.051728	0.292210
-0.002594	-0.016327	0.190280
0.025483	-0.077058	-0.047456
0.038605	-0.091096	-0.126192
-0.036774	-0.094148	-0.155795
0.042267	0.019379	0.027924
0.156710	0.121004	0.259556
0.113069	0.063020	0.247349
0.051118	0.006561	0.093538
0.022431	-0.009613	0.032502
-0.015717	-0.032502	-0.094759
-0.092622	-0.099336	-0.166781
-0.091707	-0.157015	-0.227512
-0.113375	-0.169528	-0.222019
-0.096590	-0.141756	-0.093538
0.009918	-0.037079	0.024567
0.161288	0.119173	0.198825
0.223239	0.160983	0.308385
0.175326	0.153964	0.257115
0.133516	0.154269	0.194553
0.050813	0.066987	0.109407
-0.070954	-0.066682	-0.127718
-0.165866	-0.219272	-0.413062
-0.169833	-0.223545	-0.472572
-0.034333	-0.013275	-0.169528
0.155489	0.182650	0.506752
0.101167	0.080110	0.321508
0.075227	0.034943	0.137789
0.030060	-0.040131	-0.046235
0.017853	-0.064546	-0.007477
-0.031281	-0.102693	-0.070649
-0.079805	-0.119478	-0.214084
-0.062409	-0.107576	-0.229038
0.032807	0.005341	-0.068818
0.074617	0.068818	-0.027314
0.179294	0.187228	0.207980
0.099641	0.117647	0.049592
0.048981	0.081941	0.171359
-0.055390	-0.012055	0.043488
-0.000763	0.013581	0.132296
0.046845	0.038605	0.185702
0.071260	-0.001984	0.117342
-0.023957	-0.123140	-0.084382
-0.081636	-0.164950	-0.183261
-0.121004	-0.200351	-0.236667
-0.140230	-0.156710	-0.215610
-0.052949	0.002594	-0.056001
0.062715	0.117037	0.300755
0.030365	0.095979	0.249485
-0.023651	0.036164	0.058747
0.000153	0.031891	0.107881
0.053254	0.089570	0.173495
0.072175	0.058442	-0.084077
0.015717	-0.041657	-0.310216
-0.019684	-0.121614	-0.207065
0.031891	-0.090486	0.137179
0.072480	0.001984	0.175326
0.118868	0.086824	0.118563
0.117342	0.087129	0.024567
0.006867	-0.022126	0.020294
-0.097200	-0.129549	-0.016938
-0.069429	-0.064546	0.029145
0.029450	0.008087	-0.051728
0.044709	0.067292	0.024567
0.111849	0.085298	0.105745
0.079194	0.048676	0.038911
0.060273	0.025177	-0.117037
0.069429	0.052949	-0.061799
0.009308	-0.045319	-0.064851
-0.088350	-0.193027	-0.201877
-0.113680	-0.200046	-0.131685
-0.061799	-0.075532	-0.049592
0.022736	0.059663	0.181125
0.042267	0.032197	0.179294
0.043183	0.051728	0.042573
0.034638	0.047761	-0.071260
0.008087	-0.001068	-0.105745
-0.018158	-0.064851	-0.126497
0.008392	-0.033112	0.017548
0.098116	0.093538	0.388342
0.057527	0.042878	0.353552
-0.027008	-0.066987	0.145724
-0.014801	-0.024872	0.074922
0.055390	0.071870	0.137179
0.064240	0.082551	0.093538
0.074311	0.101167	0.017853
0.041962	0.030671	-0.053254
0.019684	0.002289	-0.019684
-0.032197	-0.043793	-0.120089
-0.032197	-0.081331	-0.170138
-0.037995	-0.100557	-0.218357
-0.024567	-0.042878	-0.046540
0.039216	0.022126	0.112459
0.014496	-0.016022	0.004730
-0.050813	-0.095979	-0.026093
-0.047150	-0.121309	-0.014801
-0.047456	-0.112764	-0.021820
0.004425	-0.033722	0.072175
0.016938	-0.049592	-0.144503
-0.029755	-0.086824	-0.234226
-0.098116	-0.104829	-0.116426
-0.100252	-0.071565	0.096284
0.036774	0.090486	0.272984
0.091402	0.148470	0.111543
0.242466	0.231174	0.253147
0.188754	0.159762	0.112154
0.124666	0.110933	0.182956
0.061799	0.051423	0.128634
0.034333	-0.003510	-0.037690
-0.072175	-0.152132	-0.254673
-0.168612	-0.239109	-0.476844
-0.095369	-0.126802	-0.190585
-0.030365	0.017853	0.207980
-0.055390	-0.012055	0.193637
-0.002594	0.044709	0.122225
0.147250	0.149996	0.130465
0.199130	0.133211	0.051728
0.108186	0.018158	-0.058747
0.024262	-0.058442	-0.077363
-0.047456	-0.125887	-0.227512
-0.073701	-0.132601	-0.197910
0.017243	-0.002289	-0.009918
0.117952	0.120394	0.227207
0.127108	0.139315	0.231785
0.116121	0.113069	0.202792
0.084993	0.049897	0.113680
0.075837	0.029755	0.102083
0.026398	-0.016022	0.035248
0.007172	-0.019074	0.009308
-0.059358	-0.088045	-0.173190
-0.129244	-0.126802	-0.234226
-0.155489	-0.143587	-0.213474
-0.063325	-0.096895	0.092927
-0.085908	-0.169528	-0.152132
-0.093538	-0.231174	-0.395361
-0.104524	-0.192416	-0.413367
0.072480	0.030976	0.217441
0.151522	0.199435	0.442359
0.174716	0.242161	0.370642
0.161593	0.234836	0.348363
0.117647	0.120394	0.160983
0.120089	0.090486	0.178073
0.132296	0.091707	0.251621
0.063020	0.057221	0.135958
-0.014496	-0.034333	-0.049897
-0.060883	-0.111238	-0.160983
-0.152438	-0.230259	-0.205234
-0.175631	-0.262608	-0.310216
-0.108492	-0.164950	-0.317845
0.018463	0.022431	-0.234531
0.125887	0.172274	0.124971
0.213474	0.245823	0.444190
0.181735	0.159762	0.393530
0.108797	0.088350	0.203098
0.013275	0.008392	0.001984
-0.018463	-0.033112	-0.125887
-0.045930	-0.070344	-0.192721
-0.046845	-0.040436	-0.055085
-0.126497	-0.063325	-0.047150
-0.104829	-0.054780	-0.022736
-0.102083	-0.064851	-0.068818
-0.063325	-0.044099	0.129244
-0.099031	-0.099336	0.015412
0.016938	-0.111238	-0.074311
0.111849	-0.043793	-0.124666
0.139315	0.088655	0.056611
0.160983	0.098421	0.076143
0.094759	0.106355	0.060273
0.096895	0.079194	0.208286
0.015717	-0.004120	0.052949
0.006561	-0.031891	-0.075837
0.030976	-0.029755	-0.130770
-0.022126	-0.037385	-0.147250
0.001678	0.019989	0.086213
-0.012055	-0.045624	0.080720
-0.057527	-0.112154	-0.102998
-0.082551	-0.157015	-0.170138
0.059663	-0.065156	-0.095674
0.092622	0.037995	0.143587
0.075227	0.060273	0.151522
-0.067903	-0.033417	-0.007782
-0.179904	-0.131380	-0.281834
-0.166171	-0.160372	-0.384985
0.030976	0.069734	0.242771
0.153048	0.196384	0.448463
0.248264	0.235142	0.506142
0.187839	0.141146	0.252537
0.037385	0.041657	0.064851
-0.005646	-0.075227	-0.115816
-0.033417	-0.155795	-0.356603
-0.066682	-0.148470	-0.387427
-0.054475	-0.113680	-0.264134
-0.010529	-0.033112	0.010529
0.029450	0.043488	0.192721
0.036469	0.014191	0.077363
0.073701	0.037690	0.012970
0.095674	0.076143	0.123751
0.110933	0.092317	0.281224
0.109712	0.070344	0.203708
0.063325	0.031281	0.072786
0.028534	0.014191	-0.025788
-0.069734	-0.095064	-0.193637
-0.201877	-0.238499	-0.475319
-0.252842	-0.301366	-0.667582
-0.219883	-0.226596	-0.602884
-0.011749	0.009613	0.121309
0.177462	0.141451	0.590677
0.129244	0.114900	0.416724
0.214084	0.212558	0.448768
0.185397	0.207980	0.280003
0.120394	0.127108	0.071260
0.049287	0.037690	0.012970
0.063020	0.063325	0.055390
0.046540	0.019074	0.122225
-0.063325	-0.128634	0.014496
-0.102083	-0.158236	-0.219883
-0.049287	-0.078279	-0.222629
0.057527	0.086213	0.059663
0.102693	0.133211	0.120394
0.015717	0.052949	-0.012055
0.021210	-0.015106	0.039826
0.009613	-0.051118	0.130770
0.061189	-0.007477	0.186313
0.012665	-0.031891	-0.073701
-0.001068	0.041352	-0.028229
0.052338	0.066072	0.152132
0.051728	0.035554	0.104829
0.050202	0.050507	0.123140
0.043793	-0.003204	-0.013275
0.047761	-0.034638	-0.085603
-0.079805	-0.128634	-0.124971
-0.212253	-0.215610	-0.152438
-0.222629	-0.227512	-0.322423
-0.024567	-0.096895	-0.137179
0.072175	0.071565	0.148470
0.124971	0.110628	0.366979
0.121309	0.072480	0.260777
0.092012	0.071565	0.111543
0.054780	0.028229	-0.099947
0.010834	-0.033112	-0.046540
-0.009918	-0.033112	0.010224
0.034028	0.050813	0.069734
0.074311	0.105745	0.083162
0.009613	0.026093	-0.141756
-0.032502	-0.027619	-0.186923
0.045014	-0.024262	-0.215305
0.131685	0.058137	0.063630
0.066377	-0.004730	0.204929
-0.015106	-0.097505	-0.045624
-0.002289	-0.065156	-0.041962
0.071260	0.070344	0.139315
0.067292	0.100862	0.314488
0.034943	0.048981	0.108492
0.014801	-0.003204	-0.013886
0.001678	-0.005951	-0.028840
-0.077363	-0.080720	-0.092317
-0.153048	-0.160372	-0.175937
-0.064546	-0.060578	0.002899
0.030976	0.065461	0.233310
0.000763	-0.001984	0.082551
0.019379	-0.067903	-0.047150
0.042878	0.026398	-0.001678
0.100252	0.117647	0.154574
0.064240	0.073091	0.088045
0.018158	-0.000763	0.007477
0.013581	-0.043793	-0.051118
0.018463	-0.050202	-0.089876
0.013886	-0.028840	-0.053864
0.023957	0.006256	0.135348
0.000763	-0.011139	0.151827
-0.061189	-0.032197	0.009308
-0.054170	-0.016022	-0.060273
-0.011139	0.001678	-0.071565
0.060578	0.015106	-0.019684
0.077974	0.023651	0.015106
0.052644	0.013886	0.092012
0.056306	0.008698	0.067597
0.040131	0.012665	0.109712
0.008392	-0.032197	-0.037385
0.001373	-0.053254	-0.065156
-0.032807	-0.088960	-0.112459
0.011139	-0.030671	-0.034028
0.007782	0.008392	-0.022126
-0.039826	-0.025177	0.055085
-0.042878	-0.034943	0.133211
-0.089570	-0.063935	0.039216
-0.068208	-0.037690	-0.006256
-0.005341	0.038605	0.056001
0.028534	-0.026398	-0.075837
0.031891	-0.109712	-0.216220
-0.009613	-0.129244	-0.316930
0.104219	0.013581	0.118563
0.071260	-0.001068	0.033112
0.025177	0.034333	0.045930
0.015106	0.048981	0.156710
-0.028229	-0.018158	0.077363
-0.098116	-0.100862	-0.105440
-0.124361	-0.177462	-0.235142
-0.080415	-0.212863	-0.469825
0.035859	-0.087739	-0.366979
0.182956	0.084382	0.034028
0.287327	0.294957	0.586709
0.267491	0.341955	0.722820
0.102083	0.182650	0.286717
0.041962	0.075837	0.072175
0.041657	0.022126	0.042573
0.058442	0.005951	0.046235
0.053254	0.001678	-0.004425
0.017853	-0.015412	-0.046845
-0.062104	-0.096284	-0.148470
-0.153353	-0.182650	-0.340734
-0.157321	-0.193942	-0.363622
-0.029755	-0.055085	0.129854
0.084382	0.069123	0.502480
0.076448	0.032197	0.235142
-0.001373	-0.052949	-0.089876
-0.063020	-0.130159	-0.232700
-0.019379	-0.060883	-0.024872
0.145724	0.164034	0.321508
0.131380	0.175326	0.143893
0.090791	0.092927	0.059968
0.007782	0.028534	-0.032807
-0.039521	-0.016938	-0.010224
-0.066377	-0.055390	-0.088655
-0.060883	-0.062715	-0.206149
0.017853	-0.032197	-0.252232
0.019989	-0.012665	-0.001068
0.082856	0.032502	0.153048
0.053254	-0.002594	0.151217
-0.014801	-0.049287	0.086519
-0.014191	-0.053254	0.106050
-0.025483	-0.054780	0.036469
0.105135	0.092317	0.238804
0.131991	0.138399	0.200351
0.137789	0.154574	0.131075
0.131075	0.123140	0.110628
0.073701	0.065461	0.065461
0.032807	0.017548	0.035554
-0.016938	-0.030671	-0.041962
-0.064240	-0.080720	-0.087739
-0.067903	-0.076753	-0.063935
0.001678	-0.005646	0.102388
0.004730	0.008698	0.105440
0.013581	-0.016632	0.045624
0.009308	-0.074006	-0.077668
-0.021820	-0.083467	-0.187839
-0.014801	-0.074617	-0.128023
-0.056306	-0.090486	-0.139010
0.019379	-0.001678	0.121309
0.000153	-0.019684	-0.011139
-0.012055	-0.026093	-0.045014
0.074922	0.001984	0.021515
0.040131	0.017853	0.046845
0.065156	0.045930	0.139315
0.043793	0.062104	0.093843
0.058747	0.063630	0.120394
0.027619	-0.007782	0.068818
-0.023957	-0.080415	0.011444
-0.095369	-0.181125	-0.168612
-0.149996	-0.223239	-0.332494
-0.181735	-0.186313	-0.343175
-0.115816	-0.069429	-0.182650
0.099031	0.182345	0.240330
0.155489	0.249180	0.368811
0.076143	0.142367	0.281529
0.055085	0.067903	0.102693
0.043183	-0.024567	-0.048981
-0.058747	-0.093538	-0.111849
-0.024872	-0.059968	-0.156710
0.054780	0.034943	-0.045319
0.105135	0.070344	0.067903
0.096284	0.065156	0.136568
-0.004730	-0.000458	0.028840
-0.041962	-0.045014	0.007782
-0.076753	-0.073701	0.030365
-0.124361	-0.068208	0.003510
0.013886	0.002899	0.083162
0.186923	0.045624	0.146639
0.101472	0.006867	0.102998
0.022126	-0.064240	-0.073396
-0.043793	-0.103914	-0.218662
-0.029755	-0.046540	-0.272679
-0.010224	-0.034943	-0.296788
0.074922	0.037690	0.096284
0.129854	0.110628	0.271153
0.131685	0.108186	0.228428
0.097505	0.068513	0.092317
0.058442	0.047761	-0.006256
0.036774	0.046540	0.044099
0.004120	0.024872	0.093538
-0.009308	0.026398	0.116426
-0.058747	-0.018463	0.033722
-0.061494	-0.084688	-0.081331
-0.002594	-0.067903	-0.030671
-0.098421	-0.093843	-0.111238
-0.053864	-0.063020	-0.125887
0.034028	-0.097200	-0.118257
-0.033722	-0.160678	-0.132601
0.005646	-0.098726	-0.095369
0.056001	0.077668	0.036774
0.152743	0.207065	0.248264
0.157015	0.233616	0.240635
0.160678	0.191806	0.387427
0.107576	0.094148	0.167391
0.013886	-0.014496	-0.048066
-0.023957	-0.016327	-0.260777
-0.019684	-0.022736	-0.211643
-0.005951	-0.013581	-0.078279
0.052644	0.044099	0.256809
0.001373	-0.014191	0.188449
-0.028229	-0.053559	0.095674
0.005035	-0.014801	0.055695
-0.001373	-0.039216	0.008698
0.001984	-0.059052	-0.090486
0.029450	-0.027924	0.077058
0.013275	-0.037385	0.037079
0.034028	-0.000763	0.001984
0.049287	0.042573	0.062409
0.017548	0.005035	0.042573
-0.013886	-0.031586	-0.043488
-0.035554	-0.086213	-0.033112
0.046235	-0.011139	0.142367
-0.009918	-0.060883	-0.017548
0.018769	-0.012665	-0.051423
0.037995	0.014801	-0.097810
0.018769	0.002899	-0.078889
0.022431	-0.004730	0.111849
0.045014	-0.006867	0.178683
0.057832	0.030365	0.131075
0.041047	0.006561	0.100862
0.009308	-0.029450	0.013275
-0.045930	-0.102388	-0.122530
-0.105440	-0.163424	-0.131380
-0.125277	-0.166781	-0.157015
-0.112459	-0.113069	-0.188449
-0.050813	-0.063325	-0.147555
0.010529	0.010834	0.052033
0.041657	0.040742	0.172274
0.047456	0.053254	0.042267
0.061189	0.082246	0.065461
0.071565	0.095674	0.095979
0.037079	0.076448	0.024872
0.052033	0.088045	0.025788
0.087434	0.076753	0.003815
0.096895	0.078889	0.172274
0.020905	0.005035	0.010834
0.022431	-0.010224	0.058747
-0.051728	-0.108797	-0.037385
-0.116426	-0.186618	-0.219577
-0.074617	-0.148775	-0.205539
0.040131	0.001068	-0.091707
0.086519	0.101472	0.073091
0.066682	0.074922	0.135958
-0.015412	-0.040742	-0.001068
-0.053559	-0.086824	-0.113069
0.003510	-0.001373	-0.003204
0.158846	0.155795	0.311742
0.113375	0.139315	0.214694
0.060578	0.053254	0.071565
-0.029450	-0.049897	-0.063630
-0.089570	-0.152743	-0.087434
-0.094453	-0.120089	-0.039521
-0.018158	0.014801	0.088960
0.041047	0.076448	0.076753
0.101167	0.033417	0.034943
0.024262	0.009003	0.037995
0.008392	0.022736	0.076448
0.055085	0.018463	0.029450
0.102693	0.021210	0.029145
0.038300	-0.030365	-0.073701
-0.034333	-0.080720	-0.216220
-0.045014	-0.065461	-0.198215
-0.027619	-0.059052	-0.162509
0.100862	0.053864	0.252537
0.031281	0.020600	0.103609
0.005646	0.020600	0.039826
-0.015106	0.013275	0.121004
-0.050813	-0.029755	0.035859
-0.155795	-0.140841	-0.187839
-0.213779	-0.214389	-0.259251
-0.107271	-0.173800	-0.129244
-0.023346	-0.036774	-0.071260
0.072175	0.120699	0.175631
0.137484	0.131685	0.209812
0.016022	0.019379	0.181735
-0.075227	-0.079805	-0.021210
-0.030976	-0.086213	-0.056611
0.077668	-0.036164	-0.036164
0.081025	0.007477	0.136873
0.027314	0.012665	0.174105
0.024567	0.015717	0.139010
0.113375	0.110018	0.205539
0.178073	0.136263	0.193332
0.151827	0.123445	0.117037
0.134432	0.093538	0.157015
0.033722	0.014191	0.045014
0.018463	-0.023651	-0.041962
0.049592	0.015106	-0.042573
0.111849	0.078279	0.103914
0.027314	0.013275	-0.055390
-0.054170	-0.051118	-0.177157
-0.036164	-0.043183	-0.096590
-0.001068	-0.028840	-0.063020
-0.004730	-0.002899	-0.021820
0.020905	0.036164	0.126802
-0.011139	-0.000458	0.092927
-0.044099	-0.056611	0.018769
-0.066072	-0.092927	-0.063935
0.009308	-0.096895	-0.032197
0.027924	-0.052644	-0.033417
0.052033	-0.020294	0.009003
0.062715	0.028534	0.063020
0.060578	0.062715	0.086213
0.073396	0.059358	0.041352
0.045930	0.059358	-0.005341
0.069429	0.015717	-0.042878
0.034943	0.006561	-0.025483
-0.023957	-0.048981	-0.038911
-0.077363	-0.120394	-0.136873
-0.073091	-0.127108	-0.121614
-0.083467	-0.116121	-0.130159
0.021515	-0.015717	0.000763
0.085603	0.052033	-0.018158
0.121004	0.088655	0.043183
0.079500	0.074311	-0.030976
0.049897	0.080415	0.023346
0.056001	0.056916	0.165560
0.005951	-0.018463	0.126192
-0.050202	-0.069123	0.047456
-0.020600	-0.034638	0.072175
-0.047456	-0.120394	-0.064851
-0.108186	-0.160372	-0.235447
-0.081941	-0.083467	-0.165255
0.073396	0.143893	0.173495
0.155489	0.202487	0.380102
0.133211	0.121920	0.315709
0.111849	0.086824	0.186618
0.049592	0.028229	0.089265
0.015412	-0.016938	0.018158
0.004425	-0.020600	0.025177
0.005951	-0.037079	-0.063325
-0.025177	-0.052033	-0.233005
-0.019684	-0.088350	-0.212863
-0.056611	-0.102693	-0.198825
-0.059052	-0.049592	0.063935
-0.056306	-0.039826	0.099336
-0.070039	-0.070649	-0.003815
-0.009613	-0.070954	-0.069429
-0.008392	-0.050202	-0.056001
0.043488	0.016632	-0.059358
0.048066	0.058137	-0.163729
0.135042	0.154574	0.301976
0.099641	0.125582	0.251316
0.046845	0.071260	0.163729
0.004425	0.028229	0.131685
0.015106	-0.001678	0.017243
0.042573	-0.011139	-0.051118
0.000458	-0.049592	-0.163424
0.051118	-0.011444	-0.081025
0.074006	0.027924	0.067597
0.019074	-0.020905	-0.028534
-0.004730	-0.063630	-0.010834
-0.030365	-0.085908	0.059052
-0.061189	-0.101778	-0.060273
-0.008087	-0.054475	-0.119173
0.010834	-0.035554	-0.078279
0.022736	-0.014496	-0.020600
0.017853	-0.004730	-0.001373
0.024872	0.034638	0.074311
0.053864	0.075532	0.129854
0.075837	0.080110	0.164340
0.051728	0.069123	0.163729
-0.008698	0.008392	-0.052033
-0.105745	-0.121004	-0.261997
-0.151217	-0.168002	-0.373083
-0.121614	-0.128023	-0.320287
0.088960	0.057527	0.050813
0.230564	0.221103	0.478065
0.152743	0.133211	0.306554
0.056611	0.061189	0.089265
0.019684	0.032197	0.152438
-0.014496	-0.012970	0.110323
-0.048676	-0.068513	0.061189
-0.081941	-0.093233	-0.040436
0.013886	-0.053254	-0.018769
0.016022	-0.083162	-0.116732
-0.042267	-0.107271	-0.079500
-0.052949	-0.099641	-0.089265
0.008698	-0.005035	-0.102693
0.149691	0.155184	0.235752
0.133516	0.084382	0.103914
0.065156	0.034028	0.033722
0.046235	0.022126	0.074617
0.020294	-0.006867	0.028840
0.023041	-0.013886	-0.053559
0.010834	-0.015106	-0.168307
0.062104	0.055085	0.085603
0.023346	0.009613	0.027008
-0.010834	-0.023651	-0.054780
-0.000458	-0.038911	0.036164
-0.017243	-0.030976	0.102388
-0.027924	-0.022431	0.079194
-0.112154	-0.129549	-0.124971
-0.191806	-0.223545	-0.271763
-0.159762	-0.139315	-0.241550
0.078584	0.118257	0.227512
0.256504	0.289769	0.615091
0.230564	0.219883	0.394141
0.135348	0.110628	0.185702
0.058747	0.040436	-0.008698
0.041962	0.022736	-0.014191
0.045014	0.020294	-0.018463
0.038300	0.016632	-0.028534
0.043183	0.013275	0.065461
0.017243	0.007172	0.023041
-0.012665	-0.056306	-0.013886
-0.079194	-0.149996	-0.142672
-0.189670	-0.272374	-0.276341
-0.199741	-0.278172	-0.318761
-0.086519	-0.123751	-0.185397
0.110323	0.110933	0.113985
0.142367	0.116121	0.301976
0.059663	0.039826	0.114900
0.055695	0.036469	0.025788
0.066682	0.058137	0.133211
0.037690	0.041352	0.084993
0.056916	0.050202	0.027008
0.020294	0.031891	-0.027924
-0.021515	-0.013581	0.007782
-0.073701	-0.086824	-0.131380
-0.075837	-0.071260	-0.218967
-0.055390	-0.003815	-0.138094
0.029450	0.072480	0.168307
0.038911	0.037079	0.205539
0.019074	0.010529	0.083467
0.008087	-0.062104	-0.209201
0.003510	-0.063935	-0.273899
0.146029	0.010834	-0.012665
0.139010	0.039826	0.238499
0.110628	0.031586	0.347753
0.050202	0.013581	0.118563
0.013275	-0.042267	-0.060883
-0.010529	-0.039216	0.005035
-0.005035	-0.016327	0.146944
0.023041	-0.009308	0.003510
0.025177	-0.021210	-0.051423
0.058747	0.045624	0.119478
0.102998	0.062104	0.093843
0.074311	0.011749	-0.060578
0.027924	0.021210	0.023957
0.066987	0.072175	0.184787
0.045624	0.050507	0.070344
0.017548	0.037690	0.051423
-0.039826	-0.001678	0.015106
-0.024567	-0.009003	0.018769
0.017548	-0.030976	-0.030976
-0.029755	-0.059663	-0.050813
-0.074311	-0.076448	-0.074006
-0.120699	-0.117952	-0.112459
-0.110933	-0.089876	-0.179294
0.002899	0.010834	-0.048371
0.094759	0.070344	0.086519
0.108797	0.095369	0.236973
0.045014	-0.008087	0.079500
-0.043183	-0.049287	-0.024567
-0.060578	-0.042878	-0.068818
-0.067292	-0.037690	-0.076753
-0.063630	-0.073701	-0.166171
-0.065156	-0.138705	-0.250401
0.009308	-0.139315	-0.197299
0.155489	0.009003	0.087129
0.160067	0.092622	0.277256
0.132601	0.136568	0.296788
0.123445	0.127718	0.202487
0.086519	0.077668	0.141451
0.069123	0.056611	0.111238
0.018769	-0.020905	0.014496
-0.063935	-0.085603	-0.122835
-0.053864	-0.091707	-0.095064
-0.009918	-0.039216	0.006256
0.009613	0.004730	0.163729
-0.013275	-0.043183	0.036164
-0.018769	-0.053559	-0.003204
0.055390	0.059358	0.077974
0.026093	0.013886	-0.055695
0.011444	-0.012665	0.002289
0.008087	-0.017853	0.020905
-0.014191	-0.019074	-0.024872
0.008698	0.010834	-0.016938
0.031586	0.029755	-0.110018
0.067597	0.041047	0.025788
0.002594	-0.067292	0.093233
-0.102693	-0.171969	-0.149081
-0.155489	-0.211948	-0.356909
-0.135958	-0.168612	-0.449378
-0.058442	-0.044099	-0.191196
0.041047	0.007477	-0.008698
0.137789	0.172885	0.303502
0.295262	0.312352	0.595560
0.235142	0.215000	0.428321
0.141146	0.114900	0.269322
0.027008	0.037995	0.076448
0.015106	0.013581	0.052033
-0.012055	-0.034333	-0.053864
-0.004425	-0.029145	-0.062409
0.020905	-0.003204	-0.058442
0.019074	0.011444	0.032197
-0.008087	-0.016632	0.078889
-0.026093	-0.053254	-0.030671
-0.029450	-0.074617	-0.032502
-0.045014	-0.078279	0.014801
-0.033722	-0.061799	0.131991
-0.026398	-0.042878	0.007172
-0.036774	-0.066987	-0.138399
-0.059052	-0.060883	-0.228428
-0.005951	0.037385	-0.097505
0.074922	0.133822	0.210422
0.052949	0.088960	0.280613
-0.014191	-0.019379	0.102693
0.014801	-0.003815	0.182956
-0.016022	-0.083162	-0.034333
0.015717	-0.034943	-0.034333
0.084688	0.087739	0.151827
0.088960	0.072480	0.000763
0.041352	0.033112	-0.085603
0.066682	0.116426	0.167391
0.077668	0.080720	0.126497
-0.004730	-0.036469	-0.160372
-0.037995	-0.116732	-0.303807
-0.135348	-0.223239	-0.411536
-0.046845	-0.110933	-0.110933
0.051118	0.016632	0.211643
0.112459	0.107881	0.270237
0.062104	0.037690	0.160678
0.021515	-0.002899	0.043488
0.045319	0.054170	0.009308
0.089876	0.110933	0.137484
0.053559	0.095979	0.106966
-0.032502	0.021820	-0.066072
-0.062104	-0.058442	-0.158236
-0.123445	-0.149081	-0.267491
-0.212558	-0.217746	-0.388952
-0.055390	-0.048371	-0.003510
0.056306	0.059663	0.291905
0.149386	0.147250	0.374609
0.183566	0.128328	0.290379
0.084993	0.048371	0.177157
0.032502	0.015412	0.045930
0.027619	-0.027924	0.016022
0.002289	-0.083772	0.003815
0.002594	-0.066377	-0.002594
0.024262	-0.005035	0.019379
0.129549	0.076753	0.104829
0.103914	0.056916	-0.000763
0.059968	0.013581	-0.005951
0.020294	-0.023041	-0.039826
-0.045014	-0.076448	-0.126192
-0.114595	-0.163119	-0.195468
-0.102998	-0.162509	-0.123140
-0.076753	-0.104219	-0.106050
0.019074	-0.001984	-0.111543
0.093843	0.052644	0.023346
0.061189	0.045014	0.059358
0.067903	0.028840	0.028229
0.114595	0.117647	0.110323
0.110323	0.097200	0.131380
0.096895	0.077668	0.190280
0.051728	0.009918	0.080415
-0.014496	-0.051423	-0.026398
-0.077363	-0.110933	-0.101167
-0.062715	-0.114595	-0.160067
-0.012970	-0.045319	-0.061799
0.039521	-0.005035	0.052338
0.056001	0.036774	0.103914
0.086519	0.076753	0.108492
0.039826	0.036774	0.082551
-0.046845	-0.067597	-0.189670
-0.064546	-0.081331	-0.194553
-0.133516	-0.090791	-0.257725
-0.105135	0.003815	-0.113985
-0.019684	0.036164	0.061799
0.054780	0.101472	0.303197
0.136568	0.130159	0.351415
0.181735	0.050202	0.201266
0.030060	-0.073701	0.032807
0.017243	-0.141146	-0.121309
0.016632	-0.078279	-0.076753
0.055390	0.041657	0.047150
0.050507	0.049897	0.011749
0.053559	0.048676	0.083162
0.046540	-0.006867	0.142672
0.002594	-0.039826	0.090181
0.028229	-0.012665	0.121614
0.054780	0.041962	0.121614
0.057221	0.050202	-0.015412
0.033722	0.033722	-0.043488
0.012970	0.000153	-0.010224
-0.003204	-0.023041	-0.066987
0.013581	-0.000763	-0.042878
-0.027314	-0.032197	-0.007477
-0.074617	-0.103914	-0.069123
-0.102998	-0.153658	-0.147860
-0.063630	-0.070954	-0.125277
0.016327	0.012055	0.018769
0.006561	0.015106	0.051423
-0.030671	-0.027619	0.062104
-0.031281	-0.034028	0.016022
0.034638	0.034028	0.019684
0.140841	0.130465	0.257420
0.081636	0.045930	0.075837
0.059052	0.024262	0.052644
0.066072	0.032197	0.115816
-0.006867	-0.033722	-0.006561
-0.065766	-0.058747	-0.221714
-0.053559	-0.052949	-0.134127
0.027314	0.036774	0.004120
0.064240	0.077363	0.026398
0.100252	0.094148	0.229953
0.041962	0.028840	0.136873
-0.039826	-0.072480	-0.172274
0.056306	0.057527	0.044709
0.133211	0.124056	0.242466
0.097200	0.065766	0.222629
0.037690	0.010224	0.099947
0.008392	-0.013275	-0.035554
0.005341	0.007782	0.017243
0.009003	0.001373	0.089570
0.000458	-0.039826	0.054170
-0.045319	-0.092317	-0.117647
-0.081331	-0.093538	-0.141451
-0.059663	-0.080415	-0.127413
0.004120	-0.006561	0.106661
0.012055	-0.015717	0.091707
-0.001678	-0.032197	0.051423
0.030671	0.017853	0.077363
0.030060	0.030365	0.070954
0.037995	0.004730	0.042573
0.011444	-0.029755	-0.047761
0.010834	-0.027619	-0.028534
0.008698	-0.035859	-0.120699
-0.012665	-0.023346	-0.167391
-0.022431	-0.022431	-0.136568
-0.015717	-0.023957	-0.121309
0.038300	0.023651	0.024872
0.028534	0.030365	0.079805
0.015717	-0.006256	0.139315
0.005341	-0.049287	-0.011139
-0.041352	-0.095369	-0.055695
-0.090791	-0.098421	-0.101167
-0.087129	-0.085908	-0.001984
0.023346	-0.024567	0.083162
0.066987	0.072480	0.191196
0.104524	0.151827	0.178683
0.069123	0.109102	0.126802
0.006256	0.054475	0.003510
-0.001068	0.046540	0.113375
-0.013581	0.059663	0.106661
-0.009613	0.007782	-0.006256
0.011749	-0.017243	-0.052949
0.044404	-0.034638	-0.155489
0.105745	0.006561	-0.084077
0.069429	0.027619	-0.068513
0.057527	0.017243	0.160067
-0.059052	-0.109712	-0.075532
-0.208896	-0.196384	-0.262913
-0.160372	-0.099336	-0.011139
-0.054780	0.011444	0.134737
-0.016938	0.010529	0.049897
0.048371	0.021515	-0.028534
0.217441	0.075532	-0.017243
0.191501	0.114900	-0.041352
0.121004	0.070954	0.023651
0.111849	0.055695	0.170138
0.096895	0.041657	0.194247
0.033417	-0.055695	-0.065156
-0.075532	-0.173800	-0.231479
-0.124971	-0.233921	-0.238193
-0.135653	-0.221408	-0.222629
-0.005951	-0.002289	0.175937
0.138094	0.134432	0.329137
0.154574	0.152438	0.264744
0.157321	0.140536	0.046845
0.104524	0.084382	-0.077058
0.014496	0.044404	-0.123751
0.074617	0.090486	0.261692
-0.004120	0.001984	0.028840
0.011139	0.004120	0.093233
0.030976	0.011749	0.095369
0.022126	-0.011139	0.070649
0.041352	-0.032197	-0.107576
0.027008	-0.051423	-0.225376
-0.066072	-0.082551	-0.286412
0.014191	-0.011749	0.056306
0.064851	0.037079	0.343786
0.044404	0.050507	0.258946
0.017853	0.016938	0.051728
0.006256	-0.018463	0.046235
-0.004120	-0.052033	-0.016632
-0.056306	-0.046235	-0.113069
-0.017548	0.016938	-0.063020
0.035248	0.061799	0.066987
0.037079	0.030060	0.013581
-0.003815	0.012665	0.000763
0.007782	-0.010834	0.074922
0.066377	-0.001984	0.140841
0.019074	-0.019379	0.117342
-0.002594	-0.052033	0.036774
-0.048066	-0.101472	-0.063325
-0.106050	-0.174716	-0.172580
-0.175021	-0.258946	-0.231479
-0.143282	-0.198520	-0.095064
-0.009003	-0.035248	0.168002
0.137484	0.138399	0.255589
0.157626	0.166781	0.206760
0.135653	0.139925	0.137484
0.093843	0.103609	0.108186
0.086519	0.069734	0.011444
0.039521	0.030671	-0.126497
0.034333	0.025177	0.032502
0.036774	0.025177	0.133822
0.066682	0.052338	0.117952
0.106966	0.062715	0.042573
0.033417	0.008698	0.009613
0.005341	-0.024872	-0.103304
-0.005035	-0.033722	-0.117037
0.027924	0.005035	-0.020294
0.038300	0.023651	0.063325
-0.001984	-0.041962	-0.028229
-0.080110	-0.127413	-0.151522
-0.138094	-0.206455	-0.288853
-0.224765	-0.310521	-0.440833
-0.203708	-0.292210	-0.372473
-0.117037	-0.173800	-0.165560
0.095369	0.133516	0.143893
0.236362	0.290684	0.427710
0.191196	0.225681	0.375525
0.182040	0.188754	0.411841
0.107881	0.136263	0.111849
0.045319	0.072175	0.011444
0.007477	0.034028	0.111849
0.034943	0.034943	0.189670
0.061494	0.058442	0.154269
0.077974	0.062409	0.168917
0.062104	0.015106	0.120089
0.053254	-0.011444	0.073091
0.014801	-0.034943	0.026093
0.003815	-0.045319	0.004425
0.016327	-0.022736	0.060578
0.030060	0.000763	0.023346
-0.009308	-0.056001	-0.009308
-0.046540	-0.092012	-0.061799
-0.087434	-0.159457	-0.193332
-0.148470	-0.194553	-0.265965
-0.199741	-0.240940	-0.390173
-0.114900	-0.098116	-0.407568
0.097200	0.148775	-0.009613
0.193942	0.246433	0.320287
0.236362	0.259556	0.491188
0.131075	0.115511	0.265965
0.097200	0.080110	0.145418
0.073701	0.030365	0.085908
0.039521	-0.012055	0.012665
0.017853	-0.041962	-0.002289
0.001373	-0.041657	0.007172
-0.061494	-0.068818	-0.060883
-0.047456	-0.065461	-0.067597
-0.056916	-0.109407	-0.168917
0.003204	-0.080720	-0.102693
0.027314	0.002899	0.041657
0.055085	0.048676	0.271763
-0.003510	-0.053559	0.029450
-0.045930	-0.121614	-0.090181
-0.046845	-0.071260	-0.061494
0.054780	0.084382	0.097505
0.093233	0.112459	0.276036
0.054170	0.063935	0.150912
-0.039826	-0.017853	0.059968
-0.074006	-0.041962	-0.034333
-0.064851	-0.012970	-0.096590
-0.009918	0.055695	-0.032807
0.040131	0.066987	0.034028
0.080110	0.009308	-0.102083
0.081941	-0.062409	-0.214389
0.025177	-0.102388	-0.305943
0.046235	-0.002289	-0.110628
0.146639	0.119478	0.346227
0.071870	0.041657	0.204623
0.004730	-0.059968	0.001068
-0.055695	-0.086213	-0.148775
-0.063630	-0.071260	-0.212863
-0.055390	-0.105745	-0.160067
-0.086213	-0.119173	-0.117037
-0.010834	-0.006256	0.103914
0.070954	0.095674	0.294347
0.042573	0.151217	0.355383
0.027619	0.100862	0.160067
0.096895	0.100557	0.139010
0.070039	0.031586	0.087434
0.112154	0.006561	0.005646
0.051423	-0.037385	-0.053864
-0.030060	-0.092622	-0.102998
0.010834	-0.096895	-0.101167
-0.018769	-0.097200	-0.061799
-0.052033	-0.097505	-0.075532
-0.013275	-0.035859	-0.171969
0.022736	0.004730	-0.122530
0.023346	0.014496	0.078584
0.003510	-0.017243	0.045930
0.037690	0.065461	0.169223
0.068818	0.128328	0.242161
0.044099	0.081636	0.149081
0.016327	0.024872	0.103304
0.004120	-0.034638	0.030976
-0.013581	-0.051423	-0.031891
0.058747	0.065766	0.144808
0.089876	0.055085	0.123751
0.061799	-0.051423	0.008087
-0.035554	-0.093843	-0.018463
-0.073701	-0.104524	-0.014496
-0.038300	-0.071260	-0.017243
0.016938	0.005646	-0.042878
0.089265	0.099336	0.109407
0.083467	0.078584	0.129244
0.000458	-0.009003	0.040742
0.008087	-0.019074	-0.020905
0.063630	0.036164	0.005035
0.068818	0.061494	-0.030365
0.053559	0.040436	0.096895
-0.004425	-0.002594	0.035859
-0.024567	-0.038911	-0.019989
-0.074311	-0.095979	-0.099641
-0.098116	-0.132601	-0.161898
-0.036469	-0.028840	0.029755
-0.001984	-0.023651	-0.005341
-0.006256	-0.070039	-0.154269
-0.097200	-0.146334	-0.355993
-0.125887	-0.130770	-0.454871
-0.006256	0.024262	-0.027924
0.083467	0.090181	0.215305
0.182956	0.157321	0.376440
0.154574	0.124361	0.236362
0.157321	0.134432	0.274815
0.122530	0.098116	0.113069
0.070039	0.034638	0.109102
0.015717	-0.048066	-0.045014
0.003510	-0.035248	0.062409
-0.008392	-0.034333	0.088045
-0.035859	-0.064851	-0.008392
-0.037079	-0.081636	-0.046540
-0.028534	-0.077668	-0.059968
0.013581	-0.012970	0.078584
-0.011749	-0.039521	-0.020294
-0.026703	-0.060883	-0.063020
-0.043183	-0.091402	-0.162814
-0.079805	-0.131685	-0.186007
-0.006256	-0.036774	0.037995
0.045930	0.063935	0.196078
0.135653	0.156100	0.128328
0.130159	0.149081	0.028840
0.064851	0.131380	0.038911
0.121614	0.129244	0.339208
0.080110	0.063325	0.117342
0.063630	0.047456	0.128328
0.024262	0.001678	0.006256
0.012055	-0.016938	-0.080720
0.005035	-0.015412	-0.017853
0.013581	-0.022126	-0.027008
-0.031281	-0.072786	-0.073091
-0.031281	-0.084382	0.029145
-0.043793	-0.080110	0.020905
-0.019989	-0.043183	0.000153
-0.069429	-0.096590	-0.196689
-0.059358	-0.080720	-0.188449
0.012665	0.020905	-0.073701
0.124361	0.122530	0.298314
0.103914	0.094453	0.146029
0.080110	0.069429	0.085298
0.056001	0.050507	0.069123
0.003204	0.017548	0.070039
-0.035554	-0.030365	-0.005341
-0.043793	-0.036164	-0.057832
-0.035248	-0.034638	-0.062409
0.025483	-0.006867	0.078584
0.111238	-0.003204	0.066377
0.078584	0.032502	0.116121
0.024872	-0.018769	0.121614
-0.012970	-0.011749	0.028534
0.008087	-0.025483	-0.017243
0.024872	-0.027008	0.040742
-0.006256	-0.050813	-0.026703
-0.006867	-0.008087	0.006561
0.058137	0.077668	0.116732
0.096284	0.064851	0.036164
0.051118	0.005951	-0.045319
-0.006256	-0.035248	0.000153
-0.004730	-0.027924	0.054475
-0.024567	-0.023346	-0.012055
-0.009003	0.008087	0.056001
-0.014191	0.028534	0.057221
-0.050813	0.034638	0.135653
-0.067903	-0.005341	-0.018769
0.004120	0.009918	-0.022126
-0.060578	-0.035859	-0.050813
-0.048676	-0.082856	-0.099641
0.095369	-0.066987	-0.059358
0.102998	-0.045014	-0.047150
0.062104	-0.026703	-0.039826
0.005341	-0.077668	-0.061189
-0.094453	-0.175326	-0.193942
-0.137179	-0.233310	-0.279698
-0.062104	-0.088655	-0.168307
0.063935	0.078584	0.272068
0.003510	0.027619	0.227817
-0.068513	0.023651	0.010834
0.090181	0.112154	0.134432
0.157321	0.158846	0.345922
0.096284	0.077363	0.239109
0.115511	0.017853	0.060578
0.109102	0.002594	0.001984
-0.008392	-0.023041	-0.060273
0.035248	0.009308	-0.072175
0.070344	0.069734	-0.036164
0.080110	0.087739	0.103609
0.071565	0.063325	0.157015
0.051423	0.053559	0.144198
0.030365	0.013275	0.096284
0.015717	-0.034333	0.083162
0.000458	-0.081636	-0.019989
-0.024567	-0.089570	-0.115816
-0.016022	-0.051423	-0.057221
-0.059358	-0.090486	-0.157626
-0.048981	-0.072480	-0.213474
-0.031281	-0.054170	-0.177462
0.093233	0.051728	0.156710
0.114595	0.095979	0.229038
0.056611	0.034943	0.219577
0.017853	-0.004425	0.211643
0.018158	-0.000458	0.155489
-0.013275	-0.052338	-0.004730
-0.020905	-0.045014	-0.034943
-0.019684	-0.019074	0.011749
-0.019989	0.020600	0.114290
0.045624	0.052033	0.133822
0.049897	0.038605	0.077363
0.025177	0.008087	0.052644
-0.009003	-0.012055	0.016022
-0.048676	-0.034943	-0.094453
0.007477	0.003815	0.080110
0.058137	0.054170	0.149691
0.078584	0.077668	0.200961
0.030976	-0.004730	0.063630
-0.014191	-0.105135	-0.044404
-0.092927	-0.156100	-0.113985
-0.078279	-0.110628	-0.238499
-0.026398	-0.013275	-0.120699
-0.021210	-0.034028	-0.011749
-0.056916	-0.102693	-0.096895
-0.133211	-0.184787	-0.159152
-0.012055	-0.033722	0.043183
0.103609	0.066072	0.101778
0.136263	0.111238	-0.058137
0.066987	0.012665	-0.243687
0.066682	0.031586	-0.136263
0.065156	0.147860	0.334936
0.059968	0.150607	0.410925
0.058747	0.097505	0.354772
0.052949	0.039216	0.136568
-0.004730	-0.002289	0.009003
0.032807	0.013886	0.099031
-0.008392	-0.005035	-0.012970
-0.012360	-0.005341	-0.031891
-0.072786	-0.054170	-0.140230
-0.108186	-0.155184	-0.360266
-0.006561	-0.096895	-0.262608
0.148165	0.077058	0.084382
0.177157	0.155184	0.375525
0.102998	0.082856	0.324254
0.012360	-0.002594	0.074311
-0.007782	-0.029145	0.074006
0.024872	-0.014191	0.130465
0.024262	-0.020600	0.109712
0.043488	-0.005035	0.126497
0.036469	-0.005035	-0.002899
0.021210	-0.010529	-0.177768
-0.027008	-0.061494	-0.248264
-0.037690	-0.027008	-0.085603
-0.018158	-0.005951	-0.016938
0.007782	-0.000763	0.044099
-0.020294	-0.023651	-0.074006
0.071870	0.070039	0.220188
0.105440	0.028840	0.260472
-0.010529	-0.062104	0.003510
-0.031586	-0.067292	-0.121309
0.046235	0.027314	0.029450
0.032807	0.053864	0.091402
0.087129	0.097200	0.246433
0.066682	0.037995	0.129549
0.039216	0.002899	0.023651
0.012055	-0.009003	0.021515
-0.019989	-0.039826	-0.068208
-0.045319	-0.067597	-0.065156
-0.089570	-0.115816	-0.005646
-0.156100	-0.134432	0.009003
-0.125277	-0.095979	-0.075837
-0.013886	0.017548	-0.080110
0.075227	0.077058	-0.084993
0.126497	0.081331	-0.020294
0.081941	0.019074	0.105745
-0.000763	-0.018158	0.032502
-0.013886	0.009003	0.008392
-0.050507	0.007782	0.026093
-0.016327	0.028840	0.154879
0.000763	0.029755	0.077058
0.121614	0.061799	0.138399
0.178073	0.040742	0.105745
0.057832	0.000458	0.070649
0.028229	-0.029450	0.019379
0.009918	-0.011139	-0.011749
-0.004730	-0.033417	-0.031891
-0.002899	-0.079805	-0.185397
-0.012360	-0.088960	-0.182345
-0.092927	-0.111849	-0.260166
-0.154574	-0.103914	-0.193027
-0.077668	-0.037079	-0.030060
0.002594	0.041657	0.212558
0.002289	0.068818	0.263523
0.103304	0.098116	0.310216
0.183261	0.092927	0.248875
0.132601	0.074311	0.100252
0.158236	0.087434	0.046845
0.142367	0.073701	0.028840
0.072175	0.023957	-0.029755
0.025788	0.018158	-0.044099
0.032807	0.006256	0.104829
0.002289	-0.034943	0.000458
0.016938	-0.019684	-0.037385
0.024872	0.008392	-0.050507
0.016022	-0.021210	-0.050507
-0.042573	-0.085908	-0.129549
-0.026398	-0.061799	-0.050202
-0.034638	-0.061189	0.052644
-0.046235	-0.066987	0.078584
-0.034638	-0.061799	-0.084688
0.011444	-0.030060	-0.055695
0.109712	0.090486	0.195163
0.042573	-0.000458	0.083162
0.000763	-0.048371	-0.091707
0.011444	-0.022126	-0.026398
-0.012665	-0.030976	-0.063325
-0.026398	-0.041657	-0.044404
0.102998	0.097200	0.233616
0.111849	0.121004	0.247654
0.107881	0.108797	0.192721
0.030365	0.038300	0.048676
-0.057221	-0.063325	-0.075837
-0.112764	-0.163119	-0.211337
-0.085908	-0.122225	-0.189670
0.029450	0.022431	0.071260
0.146029	0.113680	0.209506
0.067597	0.067597	0.074922
0.051728	0.056001	-0.042573
0.044709	0.007782	0.010529
-0.006561	-0.045319	0.046540
0.001984	-0.034943	0.029450
0.020600	-0.031891	-0.043488
-0.032197	-0.096284	-0.070344
-0.071565	-0.140841	-0.116732
-0.104524	-0.153048	-0.225376
-0.112154	-0.168002	-0.200656
-0.059663	-0.113069	-0.141146
0.025177	-0.023041	0.076753
0.072175	0.099031	0.309911
0.087739	0.108492	0.213169
0.145418	0.156405	0.139315
0.197910	0.213169	0.284581
0.149081	0.159152	0.131991
0.083772	0.116121	0.125582
0.003815	0.054780	0.040436
-0.009918	0.003510	-0.001068
-0.043793	-0.016938	-0.014801
-0.002594	0.001678	0.045930
0.070649	0.001373	0.076753
0.171054	0.007782	0.098726
0.067903	-0.023041	0.009918
-0.013886	-0.058442	-0.077363
-0.098421	-0.110628	-0.212863
-0.133211	-0.181125	-0.318761
-0.107576	-0.143893	-0.208896
-0.073091	-0.115511	-0.085603
0.064851	0.046235	0.202182
0.095674	0.113680	0.204318
0.094759	0.121614	0.168612
0.096284	0.088960	0.254063
0.036774	0.031891	0.135958
0.046540	0.003815	0.078584
0.009918	-0.036164	0.022736
-0.074617	-0.112764	-0.058137
-0.077668	-0.101778	-0.013275
-0.017243	-0.001373	0.031891
0.073396	0.081941	0.111849
0.095979	0.097810	0.126497
0.048066	0.030671	0.054170
-0.033722	-0.044709	-0.076448
-0.098421	-0.097810	-0.160067
-0.059663	-0.076448	-0.100557
-0.018463	-0.032502	-0.085298
0.034943	0.041047	0.038300
0.113375	0.089876	0.137484
0.096895	0.018463	0.077668
0.036469	-0.023041	-0.019074
0.021210	-0.035248	-0.002594
0.026398	-0.056306	-0.081636
0.052644	0.012360	-0.061189
0.039216	-0.001373	-0.014801
0.022431	0.002594	-0.032502
0.018158	-0.003510	0.004730
-0.025177	-0.010224	-0.031891
-0.016632	-0.000763	0.072786
0.022126	0.008392	0.124666
-0.019074	-0.013886	-0.043183
0.037995	0.062715	0.052338
0.041657	0.003815	-0.007477
0.008392	-0.037385	-0.064546
-0.050507	-0.079194	-0.131075
0.002289	0.002289	0.093233
-0.044099	-0.074617	0.082551
-0.110933	-0.130159	-0.111238
-0.078584	-0.088045	-0.064240
0.015717	0.028229	0.095674
0.073701	0.087129	0.339513
0.118257	0.096590	0.219577
0.123140	0.081636	0.115206
0.019684	0.028840	0.020294
0.008392	0.016632	0.006256
-0.001678	0.021515	0.039826
-0.037690	0.033112	0.098421
-0.091707	-0.035859	0.004730
-0.004120	-0.051423	-0.005035
0.076753	-0.061189	-0.034028
0.054475	-0.009613	0.069429
0.039521	0.015106	0.080720
0.077668	0.062104	0.058442
0.107576	0.102998	0.163424
0.061494	0.044099	0.028840
0.023957	-0.015106	-0.066377
0.026093	-0.023041	-0.068513
-0.000763	0.000458	0.006256
-0.026398	0.003204	0.119173
-0.072786	-0.066072	0.030365
-0.099336	-0.088350	-0.035554
-0.098421	-0.119478	-0.134127
0.030671	-0.082246	-0.177462
0.050202	-0.042878	-0.189975
0.061189	0.004120	-0.077668
0.067903	0.019684	0.052644
0.039521	0.030976	0.097810
0.027924	0.062409	0.077363
0.032502	0.019989	-0.038911
0.011749	0.005035	0.022431
0.022126	0.007782	0.133822
0.013886	-0.013886	0.088045
0.014191	0.074922	0.154574
0.037995	0.109407	0.253147
0.104829	0.060273	0.017853
0.129549	0.008698	-0.072480
0.061189	-0.033112	-0.122835
0.004730	-0.047150	-0.154269
-0.019989	-0.076448	-0.248264
-0.068513	-0.104524	-0.286717
-0.121920	-0.158846	-0.313268
0.018463	0.009308	0.273289
0.073396	0.057221	0.351720
0.080415	0.081636	0.109102
0.104524	0.117647	0.138705
0.139010	0.109712	0.192416
0.081941	0.041352	0.082551
0.028229	0.016327	0.043183
0.010529	0.005646	0.059968
0.007782	-0.012970	0.072175
0.017243	0.008087	0.046235
0.020905	-0.010224	-0.029450
-0.004730	-0.002594	-0.004730
-0.002594	-0.026398	0.005035
-0.010529	-0.051423	-0.010834
-0.024872	-0.059663	0.022431
-0.045624	-0.064240	-0.012360
-0.004120	-0.049897	0.001984
-0.045930	-0.075532	0.023041
-0.077363	-0.139925	0.023651
-0.107576	-0.156405	-0.154879
-0.048981	-0.067292	-0.048066
0.047456	0.095979	0.127413
0.090486	0.129549	0.082551
0.084077	0.119783	0.089265
0.141146	0.102083	0.080110
0.105440	0.115816	0.145724
0.071565	0.072786	0.075532
0.047456	0.050202	0.000763
0.022431	0.017243	-0.048371
0.002289	-0.000153	-0.053254
0.042573	0.016022	0.069123
0.046845	0.013886	0.077974
0.029755	-0.014801	0.034028
-0.016022	-0.044099	-0.042573
-0.028840	-0.060883	-0.113680
0.011139	-0.017853	-0.110018
0.042573	0.059968	0.073396
0.037079	0.012055	0.101472
-0.009613	-0.077058	-0.024872
-0.057221	-0.137179	0.009308
-0.035859	-0.099947	-0.023957
0.065156	0.055695	0.117342
0.121004	0.104524	0.218357
0.053559	0.068208	0.089876
-0.005341	-0.023651	0.014496
-0.061494	-0.047456	-0.094759
-0.027008	-0.026703	-0.056306
0.039521	0.037995	0.050813
0.052949	0.029145	0.077363
0.014496	0.037385	-0.042267
0.000153	0.012970	0.009613
0.058747	-0.017548	-0.060883
0.015412	-0.052949	-0.067597
0.006561	-0.036774	0.073701
-0.008087	-0.037995	-0.005035
0.071260	0.050202	0.120089
0.055085	0.040131	0.111543
0.023957	0.014496	0.069429
0.001984	-0.031586	0.033112
-0.086519	-0.136263	-0.097810
-0.110628	-0.167086	-0.215000
-0.052644	-0.091402	-0.162814
0.005035	0.050202	0.018769
0.118563	0.159762	0.233310
0.131991	0.130159	0.188449
0.079194	0.072480	0.153048
0.036469	0.051423	0.052338
0.056611	0.018463	0.016938
0.047761	-0.003815	-0.048676
0.000763	-0.059358	-0.080415
-0.018769	-0.091402	-0.073701
-0.019684	-0.078889	-0.115511
-0.073091	-0.100252	-0.256809
-0.055085	-0.053254	-0.209506
0.045319	0.057527	0.007477
0.153964	0.144503	0.342260
0.076448	0.053254	0.153964
-0.007782	-0.052949	-0.054780
-0.041657	-0.094453	-0.101167
-0.049592	-0.090791	-0.027924
0.030976	0.008698	0.177462
0.042573	0.010529	-0.001678
0.084993	0.095979	0.067292
0.143587	0.131380	0.146944
0.110323	0.107881	0.125582
0.076448	0.074617	0.136873
0.070649	0.076753	0.180209
0.034028	0.033112	0.096895
0.004730	-0.012055	0.012970
0.004120	-0.029450	-0.080415
-0.044404	-0.050202	-0.147860
-0.029755	-0.012970	-0.108186
-0.023651	0.013886	-0.009613
-0.013581	-0.023041	-0.016327
-0.044404	-0.081025	-0.061494
-0.023957	-0.088350	-0.078279
-0.021820	-0.048676	-0.030671
0.016632	-0.005341	0.050507
0.057221	0.054475	0.073091
0.064851	0.047456	-0.057527
0.027619	0.017548	-0.113069
-0.013581	-0.030671	-0.009613
-0.039216	-0.081941	0.053559
-0.032807	-0.078584	-0.009918
0.024262	0.008392	0.028534
0.063020	0.117342	0.047150
0.062104	0.153353	0.200351
0.012360	0.060273	0.157626
-0.031281	-0.008698	0.061799
-0.099947	-0.096590	-0.104829
-0.087434	-0.128634	-0.257420
0.059052	0.006256	-0.162203
0.148165	0.118868	0.237583
0.082856	0.061799	0.228122
0.011749	-0.000153	0.052338
-0.027314	-0.035248	-0.045930
-0.036469	-0.034333	-0.166781
0.031891	0.019684	-0.059052
0.089570	0.072480	0.061189
0.101472	0.072786	0.170748
0.070954	0.041657	0.228122
0.017548	-0.028840	0.086213
-0.012665	-0.027619	-0.005951
-0.005341	-0.003204	-0.016632
0.020600	0.032502	0.017243
0.043793	0.048676	0.021210
0.076753	0.059663	0.063935
0.042878	0.031586	0.005035
0.050813	0.041962	0.050507
0.053254	0.067292	0.070954
0.009918	0.056001	0.023041
0.004425	0.051423	0.076143
0.009308	0.038605	0.074311
0.006256	0.011749	-0.020294
0.075837	0.014191	-0.014801
0.038300	-0.038605	-0.089570
-0.058137	-0.084688	-0.193027
-0.042573	-0.076448	-0.191196
0.018158	-0.006256	-0.031586
-0.003510	-0.031891	-0.152438
-0.003510	-0.025177	-0.093538
0.031281	0.047761	0.193637
0.033417	0.052644	0.342870
-0.015412	-0.001984	0.173495
-0.012360	-0.014496	0.201572
-0.041657	0.014191	0.072175
0.017243	0.063020	0.076143
-0.013275	-0.009308	0.013581
-0.071565	-0.056611	-0.079805
-0.066072	-0.041352	-0.158236
0.046845	-0.017243	-0.048981
0.090181	-0.003204	-0.038605
0.059052	0.001068	0.027619
0.037385	-0.036164	0.058747
0.074922	0.027314	0.164034
0.057527	0.018769	0.049897
0.037385	0.005341	-0.010529
0.034333	0.001068	0.027924
0.054475	0.023041	0.048371
0.060578	0.041352	0.019074
0.045930	0.038300	0.122530
0.019684	-0.003815	0.015717
0.009003	-0.027008	-0.072480
0.023041	-0.009918	-0.118257
0.037995	0.023041	-0.030671
0.051728	0.040131	0.190585
-0.040131	-0.046845	0.065156
-0.110018	-0.163119	-0.131991
-0.164034	-0.225376	-0.264744
-0.089570	-0.132601	-0.144808
0.070344	0.072480	0.089876
0.130465	0.156100	0.255894
0.070649	0.110323	0.145724
0.023651	0.043183	0.021515
0.003815	0.039216	-0.163729
0.093843	0.119173	0.118868
0.142061	0.143282	0.251926
0.158236	0.131380	0.156100
0.032502	0.037079	0.022431
-0.026703	-0.007477	-0.077363
-0.054780	-0.052033	-0.164950
-0.012055	-0.016938	-0.004730
0.009613	-0.016022	0.091096
-0.001678	-0.049287	-0.036469
0.001678	-0.020905	-0.059358
0.014801	0.027008	0.063325
0.033417	0.026398	0.142672
0.058747	0.054475	0.153658
0.057527	0.065766	0.179294
0.028840	0.020905	0.042573
-0.009613	-0.042267	-0.069734
-0.074006	-0.143893	-0.150301
-0.105135	-0.169833	-0.161593
-0.080415	-0.082551	-0.006561
0.050507	0.078889	0.093538
0.114900	0.085603	0.073396
0.068208	0.036469	-0.058137
-0.017243	-0.054780	-0.262303
-0.082856	-0.132601	-0.355688
-0.087129	-0.119478	-0.233616
-0.013886	-0.045930	0.062715
0.045930	0.014496	0.181430
0.111543	0.117037	0.275731
0.108492	0.135042	0.225376
0.062715	0.079500	0.095369
0.029145	0.032502	-0.005341
0.040742	0.029145	0.091096
0.078889	0.062715	0.215305
0.040131	0.011139	0.121920
0.043793	0.019074	0.131380
0.019684	-0.013581	0.013581
-0.008087	-0.023957	0.002594
-0.019074	-0.028840	0.021515
-0.032807	-0.041962	0.053254
-0.009003	-0.037690	-0.002899
-0.007477	-0.077668	-0.154269
-0.016938	-0.059052	-0.140230
0.005035	-0.017853	-0.019989
0.041352	0.006867	0.063325
0.003204	-0.011444	0.101778
-0.016327	-0.043488	0.029145
-0.006256	0.012665	-0.077668
0.052338	0.067903	0.002289
0.060273	0.041962	0.125887
-0.003815	-0.043488	0.076143
-0.041962	-0.061189	0.074617
0.047150	0.064240	0.164645
0.142672	0.130159	0.252232
0.097810	0.080110	0.096895
0.039826	0.014496	-0.027924
-0.026703	-0.077668	-0.170443
-0.059968	-0.094759	-0.161288
-0.018463	-0.061799	-0.142367
0.023957	0.019379	-0.010529
0.038911	0.062715	0.041657
0.016022	0.012665	-0.009003
0.029755	0.007172	0.016022
0.057832	0.034638	0.075837
0.017548	-0.021515	0.009918
-0.012970	-0.030060	0.023651
-0.045319	-0.022736	0.010224
-0.055390	-0.007782	0.037995
-0.015717	0.020600	-0.004120
-0.007477	0.033417	0.030976
0.070039	0.045930	0.115206
0.113985	-0.002289	0.119783
0.025483	-0.155184	-0.125582
-0.101472	-0.208591	-0.246738
-0.114290	-0.137179	-0.196994
0.027314	0.062409	0.140841
0.129854	0.172274	0.233616
0.060578	0.124971	0.084993
0.025483	0.064546	-0.050202
0.056001	0.019074	-0.099641
0.034943	-0.028840	-0.089570
-0.049287	-0.096284	-0.264744
0.002289	-0.016632	0.034943
0.140841	0.056306	0.310521
0.066072	0.014191	0.194858
0.081025	0.073701	0.218051
0.082246	0.056306	0.123445
0.030671	0.033112	0.128634
0.027008	0.017548	0.055695
0.047761	0.021515	0.002594
0.027924	0.018463	-0.055085
-0.003815	-0.033722	-0.139925
-0.042573	-0.072786	-0.102388
-0.048066	-0.078889	-0.054170
-0.016632	-0.068818	-0.089265
-0.009003	0.011139	0.000763
0.048371	0.064546	-0.030060
0.059663	0.064546	0.128634
0.044404	0.030671	0.160678
-0.012360	-0.034638	0.082551
-0.115816	-0.136263	-0.113985
-0.222324	-0.214389	-0.181430
-0.229648	-0.180819	-0.142672
-0.080415	-0.008087	-0.031586
0.088655	0.153658	0.155184
0.149386	0.141146	0.092927
0.136263	0.127108	0.173190
0.241550	0.139315	0.316930
0.150301	0.078279	0.137179
0.156405	0.045624	0.057832
0.062409	-0.016327	-0.057832
-0.020600	-0.103914	-0.094453
-0.061189	-0.122835	-0.077058
-0.012360	-0.040131	-0.108797
0.060578	0.075837	0.054170
0.059968	0.078889	0.105135
0.033112	0.036164	0.156710
-0.029450	-0.074617	-0.092317
-0.036164	-0.092012	-0.063630
-0.041962	-0.077058	-0.024872
0.053254	0.027314	0.118563
0.060578	0.064240	0.115816
0.007782	0.028534	-0.049287
0.003510	-0.008087	-0.086213
0.070649	0.023346	0.204623
0.005646	-0.044404	0.078279
-0.020294	-0.046540	-0.018769
0.059968	0.036774	0.106661
0.080415	0.056611	0.118563
0.010834	-0.012970	0.067903
-0.011444	-0.035859	-0.063630
-0.035248	-0.074006	-0.172274
-0.046235	-0.059968	-0.130465
0.017548	0.010529	0.036469
0.008392	-0.034943	0.033722
-0.054780	-0.089876	-0.039216
-0.015106	-0.051118	0.032197
0.030060	0.021515	0.096590
0.086824	0.109102	0.085603
0.083162	0.113069	0.138399
0.069734	0.102998	0.102998
0.065461	0.083162	0.069429
0.060578	0.051118	0.113985
0.064240	0.030671	0.086213
0.039216	0.020905	0.055695
0.025177	-0.022126	-0.063935
0.000763	-0.018769	-0.094453
-0.013581	-0.047456	-0.102083
-0.057527	-0.083467	-0.172274
-0.081331	-0.070954	-0.174105
-0.019684	-0.025483	0.011749
0.052949	0.005035	0.086213
0.040742	0.019074	0.138705
0.014191	-0.023957	0.096284
0.003815	-0.048066	0.010224
0.021515	0.002289	0.010834
0.060273	0.041352	0.036774
0.045624	0.028229	0.047456
0.047456	0.005341	0.032807
0.018769	-0.039216	-0.104219
-0.004120	-0.024872	0.010529
-0.014496	-0.004730	-0.010834
0.017243	0.014191	0.013886
0.069734	0.066377	0.067903
0.047761	0.022126	0.120394
-0.056001	-0.114900	-0.115511
-0.185397	-0.239109	-0.384985
-0.181735	-0.196994	-0.427710
-0.023041	0.028534	-0.047761
0.040131	0.080415	0.111849
0.072786	0.103914	0.298314
0.051728	0.057527	0.158541
0.151217	0.093233	0.086213
0.225071	0.156710	0.307164
0.183566	0.131380	0.160983
0.096895	0.084688	0.138705
0.029755	0.017853	-0.038911
-0.028534	-0.034638	-0.101778
-0.029145	-0.052338	0.002289
-0.073091	-0.107576	-0.089570
-0.078584	-0.088655	-0.045014
0.005951	-0.010224	0.059663
0.070649	0.077974	0.142977
0.070039	0.079194	0.131380
0.035859	0.016327	0.063325
0.014801	-0.024872	0.015717
-0.049592	-0.092012	-0.189670
-0.061189	-0.086824	-0.241855
-0.025483	-0.042267	-0.068818
0.053559	0.069123	0.252232
0.117342	0.105135	0.348974
0.077974	0.076448	0.092622
0.046540	0.039521	0.016022
0.016632	-0.004120	-0.014496
-0.015106	-0.059052	-0.076448
-0.026398	-0.061189	-0.163119
0.044404	0.016022	0.018463
0.053864	0.039521	0.199741
-0.015412	-0.015412	0.085298
-0.045624	-0.069429	-0.003815
-0.030060	-0.048066	0.009613
0.062409	0.050813	0.144503
0.080110	0.079500	0.124971
0.035554	0.021210	0.023041
0.005646	-0.013886	-0.016632
0.005951	-0.045930	-0.029145
-0.008392	-0.049592	-0.039216
-0.074617	-0.117952	-0.151522
-0.133516	-0.176547	-0.135958
-0.219883	-0.246738	-0.214389
-0.216831	-0.204013	-0.108186
-0.082551	-0.024567	0.019379
0.074006	0.099641	0.024567
0.102083	0.165255	0.171359
0.092317	0.202182	0.282750
0.212253	0.218357	0.342870
0.237583	0.135348	0.165560
0.150912	0.053559	0.017243
0.123751	0.028840	0.052338
0.067903	0.014496	0.110323
0.011139	-0.040742	-0.001678
-0.027314	-0.078584	-0.069734
-0.028229	-0.073701	-0.046845
-0.025177	-0.070039	-0.029450
-0.056916	-0.084993	-0.150301
-0.031891	-0.062104	-0.180514
0.030365	0.016327	-0.083162
0.072480	0.045624	0.084688
0.068818	0.064240	0.184482
-0.005035	-0.029450	-0.039216
-0.014801	-0.058137	-0.029450
-0.003815	-0.055695	0.034028
0.006867	-0.031891	0.010529
-0.030365	-0.045014	-0.002289
-0.131991	-0.128634	-0.241855
-0.189059	-0.169223	-0.289464
-0.136568	-0.078279	-0.071565
-0.038911	0.019074	0.241550
0.125582	0.110628	0.217746
0.251011	0.193027	0.211337
0.212558	0.201877	0.205234
0.196689	0.151827	0.131380
0.148775	0.098726	0.062715
0.050202	0.028840	0.042267
0.015717	-0.026703	-0.021515
0.030976	-0.012970	0.002899
0.033112	-0.031891	-0.065766
0.037690	-0.004730	0.010529
0.041962	-0.004425	0.007172
0.046540	0.013886	0.027008
0.063325	0.019684	0.098421
0.033417	-0.016327	0.030365
-0.009308	-0.075532	-0.062104
-0.015106	-0.085603	-0.073396
-0.034943	-0.080720	-0.068208
-0.064240	-0.128328	-0.185397
-0.030365	-0.084993	-0.230869
0.040436	0.038300	0.022736
0.084993	0.088655	0.123445
0.099031	0.081941	0.206149
0.020905	-0.015412	0.030976
-0.014801	-0.040742	-0.033417
0.027619	-0.045319	-0.059968
0.079500	0.032197	0.059968
0.082246	0.057832	0.154879
-0.013581	-0.048371	-0.008392
-0.071870	-0.135653	-0.025788
-0.106355	-0.188754	-0.047150
0.030976	0.000458	0.183566
0.082551	0.067597	0.127718
0.117952	0.127718	0.092927
0.148165	0.134127	0.212253
0.109407	0.094148	0.153353
0.077058	0.049287	0.125582
0.018769	0.012665	0.047761
-0.018463	-0.010529	0.002899
-0.050507	-0.048371	-0.048676
-0.080110	-0.088045	-0.172580
-0.085298	-0.058137	-0.157321
-0.086824	-0.026703	-0.126802
0.012665	-0.027314	-0.008087
0.124361	0.001068	0.108492
0.135958	0.037690	0.133516
0.092622	0.000153	0.086519
0.031586	-0.053254	0.037079
-0.030060	-0.141146	-0.028840
-0.014191	-0.127718	-0.030671
0.004730	-0.019684	0.083467
0.085298	0.086824	0.044099
0.094148	0.120699	0.091707
0.074006	0.100557	0.051728
0.008698	0.022431	-0.026398
0.015106	0.032807	-0.013275
0.031586	0.006256	-0.202792
0.034943	0.079500	-0.058747
0.047150	0.080415	0.079500
0.074617	0.059968	0.210117
0.006867	-0.000458	0.024262
-0.002594	-0.029145	-0.022126
-0.015717	-0.101472	-0.096284
-0.097200	-0.182956	-0.232700
-0.062409	-0.146639	-0.127413
0.001984	-0.100252	-0.104524
-0.089876	-0.157626	-0.224460
-0.028840	-0.030365	0.042267
0.155795	0.202487	0.455787
0.239109	0.262608	0.460670
0.116121	0.126497	0.055085
0.077668	0.045014	0.010224
0.040436	0.007172	-0.051728
0.018769	-0.033417	-0.135348
0.032502	-0.011139	-0.110933
0.086519	0.058747	0.122530
0.086824	0.064240	0.150912
0.060273	0.020600	0.083467
0.015717	-0.031891	-0.102998
0.043488	-0.004730	-0.001373
-0.034943	-0.041962	-0.035859
-0.013886	-0.019074	0.006867
-0.038605	-0.016327	-0.031586
0.041962	0.028229	0.124361
0.053559	0.029450	0.129244
0.030671	0.031586	0.108492
0.040436	0.018158	0.052644
0.027619	0.005646	0.027008
0.003815	0.005951	0.027314
0.006561	-0.001373	0.016022
-0.008087	-0.028534	-0.054170
0.045319	-0.063020	-0.055085
0.002289	-0.082856	-0.099031
-0.007477	-0.070954	-0.055695
0.045930	0.018769	0.133211
0.021515	-0.014191	0.063325
-0.074617	-0.135348	-0.117342
-0.124971	-0.178073	-0.241855
-0.115816	-0.114900	-0.106355
-0.059358	-0.036469	0.003204
0.003815	0.061494	0.124971
0.061494	0.112764	0.024872
0.132296	0.156100	0.256504
0.077058	0.111543	0.143587
0.056611	0.055390	-0.070649
0.115511	0.073091	0.100252
0.161898	0.057221	0.066987
0.100557	-0.006867	-0.013581
0.019379	-0.031891	-0.000763
-0.005035	-0.024262	0.001068
-0.022126	-0.048066	-0.032197
-0.059052	-0.099031	-0.060578
-0.055695	-0.120089	-0.107271
0.063630	-0.030365	-0.081636
0.165255	0.133822	0.068818
0.195468	0.163729	0.307469
0.109407	0.068208	0.154574
0.047761	0.033722	0.011749
0.010834	-0.021515	-0.102693
-0.059968	-0.087434	-0.230259
-0.092317	-0.127413	-0.235142
-0.049897	-0.104524	-0.120394
0.049287	0.021515	0.270237
0.054170	0.057832	0.144808
-0.037385	-0.022736	-0.009308
-0.092317	-0.078279	-0.119783
-0.046540	-0.021515	0.062715
0.028534	0.063325	0.154574
0.149386	0.127108	0.247959
0.103609	0.069123	0.153658
0.100862	0.015412	0.076143
0.065461	0.000153	0.018158
0.019989	-0.019989	-0.097810
-0.013275	-0.065766	-0.181430
-0.105745	-0.173495	-0.265049
-0.072175	-0.170443	0.008698
-0.040436	-0.095979	0.075227
0.099336	0.120699	0.299229
0.161288	0.192721	0.233921
0.150607	0.160983	0.141756
0.085603	0.110933	0.086519
0.066987	0.048981	0.007782
0.085908	0.063020	0.037995
0.063325	0.024567	0.068818
-0.009308	-0.058137	-0.050202
-0.028534	-0.046845	-0.062104
0.011139	-0.031281	-0.029450
-0.019379	-0.055390	-0.062409
-0.041352	-0.073701	-0.033112
0.012970	-0.051423	0.101472
0.034333	0.013275	0.066377
0.038605	0.029450	0.023041
0.014801	0.031586	0.025177
-0.017548	-0.016632	-0.016938
-0.047456	-0.078889	-0.082246
-0.003510	-0.057221	-0.047150
0.024567	0.001984	0.070649
0.053559	0.038605	0.035554
0.053559	0.034333	-0.044099
0.051728	0.022126	0.092317
0.031586	-0.001678	0.084077
0.021515	-0.004730	0.046235
0.018463	0.000458	-0.027008
0.004425	0.007477	-0.034028
0.048676	0.048066	0.110018
0.023651	0.026398	0.094759
0.023041	0.035248	0.033722
-0.001984	0.000153	0.018769
-0.008392	-0.031281	-0.014801
-0.004120	-0.032502	-0.013275
0.030976	0.025483	0.076143
-0.008392	-0.022736	0.000763
-0.068818	-0.096590	-0.107576
-0.081636	-0.133211	-0.135958
-0.058137	-0.106661	-0.059358
-0.014191	-0.057832	-0.071565
-0.023651	-0.011139	-0.067597
-0.047150	0.017548	-0.010224
-0.076448	-0.010529	0.052338
-0.077974	-0.021210	0.053864
-0.010224	0.005951	-0.005341
0.182345	0.095674	0.054780
0.254368	0.135958	0.119173
0.178378	0.149386	0.283970
0.160678	0.104829	0.178988
0.087129	0.061494	0.061189
0.063020	0.022736	-0.029755
0.047150	0.023346	0.031891
0.055390	0.031891	0.147555
-0.001373	-0.051728	0.068818
-0.105745	-0.180209	-0.081025
-0.180819	-0.251621	-0.193027
-0.154269	-0.212558	-0.255589
-0.012970	-0.033722	-0.165866
0.051118	0.032197	0.036774
0.013275	-0.029145	-0.025788
0.030976	-0.001678	-0.105135
0.081331	0.087434	0.004425
0.142977	0.156100	0.323339
0.132601	0.178073	0.381628
0.132296	0.165866	0.220493
0.100557	0.118563	0.161288
0.050202	0.049592	0.018769
0.041047	0.049897	0.073701
0.037690	0.020905	0.000458
-0.006867	-0.016632	-0.090791
-0.022126	-0.015717	-0.081025
-0.007782	-0.043793	-0.047150
-0.037385	-0.087434	-0.037385
-0.070344	-0.130465	-0.039216
-0.002289	-0.065766	0.063630
0.025788	-0.017853	0.018158
0.040436	0.000763	-0.043488
