-53.406605 68.114281 -14.708117 
 12.791314 -12.733279 -0.057817 
 4.528740 4.017550 -8.546238 
 -66.175560 41.105865 25.069649 
 -22.522287 19.549641 2.972782 
 19.667131 -19.997948 0.330834 
 20.668291 -10.225026 -10.443302 
 -41.513851 24.996962 16.516943 
 1.812050 20.405624 -22.217728 
 -21.192120 22.093924 -0.901736 
 -17.493256 14.803894 2.689366 
 -8.190574 2.381404 5.809249 
 -115.976562 76.929138 39.047581 
 60.168087 -33.538475 -26.629784 
 -72.220764 48.208168 24.012569 
 -70.203049 44.238338 25.964762 
 -41.942989 -54.825226 96.768440 
 -2.892633 6.558383 -3.665868 
 -50.187366 9.123094 41.064209 
 -45.295235 14.868837 30.426386 
 -30.582415 20.193695 10.388860 
 9.602331 -19.185148 9.582725 
 -37.696056 15.564743 22.131374 
 -23.267870 12.245981 11.021874 
 -387.414490 -171.007690 -153.300171 