0.022431	-0.005341	0.016022
0.016938	0.005646	-0.002899
0.022736	-0.001678	0.005646
0.024262	-0.001678	0.041352
0.035248	0.001373	0.023651
0.022736	-0.001068	-0.002899
0.023346	0.001373	0.023651
0.031891	-0.003204	0.004730
0.032502	-0.011139	0.027619
0.042573	-0.011749	0.037079
0.021515	-0.015412	0.053864
0.021820	-0.012970	0.029450
0.025788	-0.021210	0.005646
0.015106	-0.016022	0.006867
0.017243	-0.013581	0.007477
0.034638	-0.015106	-0.003510
0.040742	0.000153	0.017243
0.022736	-0.009918	0.012665
0.022736	-0.015717	0.030365
0.029755	-0.000153	0.011749
0.027314	0.002899	0.006867
0.013581	-0.013275	0.015106
0.008087	0.007172	0.022736
0.006256	0.013581	0.003815
0.020294	0.005951	0.021820
0.021515	-0.001984	0.016938
0.016327	0.008698	-0.001678
0.012360	0.002594	0.022736
0.021820	-0.010529	0.018463
0.004425	-0.003510	-0.013275
0.018158	-0.006561	-0.005646
0.013275	0.006256	-0.022431
0.022126	0.000153	-0.009613
0.003815	-0.005951	0.008087
-0.005951	-0.005646	0.019684
-0.001678	0.005035	0.016938
0.008698	-0.002289	0.030060
0.005951	0.001678	-0.008698
0.004425	-0.008698	0.007172
0.001678	-0.004120	-0.001373
0.002594	-0.005035	0.012970
0.009613	-0.011749	0.008392
-0.003815	-0.010834	0.020294
0.022431	-0.008698	-0.019989
0.028229	-0.014801	-0.012970
0.033417	-0.017853	-0.010834
0.033112	-0.000458	-0.023957
0.034028	-0.009003	-0.030671
0.023346	-0.002594	-0.019074
0.007477	-0.006561	-0.016632
0.036469	-0.009918	-0.045014
0.013886	-0.022431	-0.009308
0.020905	-0.022736	0.015412
0.021210	0.000763	0.021515
0.024872	-0.008698	0.027008
0.010529	-0.004120	0.008087
0.019989	0.009308	0.006867
0.027008	-0.008087	-0.001678
0.017243	-0.002594	0.006867
0.017853	-0.005951	0.007477
0.024567	-0.008087	0.021820
0.030976	-0.009308	0.020600
0.022126	0.003815	0.012360
0.014496	0.005035	0.009918
0.027924	0.005646	0.030976
0.024567	-0.013275	0.007477
0.019379	0.000763	0.027924
0.023957	-0.009308	0.018158
0.025788	-0.011749	0.013886
0.028229	-0.019684	0.045319
0.019379	-0.016632	0.034333
0.036469	-0.021210	0.023346
0.027008	-0.008087	0.023651
0.032807	-0.027314	0.017853
0.028229	-0.012970	0.026093
0.022431	-0.011444	0.040742
0.022431	-0.000763	0.046235
0.027314	0.001678	0.055390
0.028534	0.005341	0.012055
0.023957	-0.014191	0.018158
0.012665	0.005951	0.006867
0.029450	0.008392	-0.019074
0.024872	-0.010529	0.025177
0.028840	-0.009003	0.017243
0.025788	-0.025177	0.037690
0.019074	-0.015106	0.005646
0.014191	-0.007782	0.015412
0.015412	-0.013886	0.006561
0.007782	-0.017548	0.007477
0.020294	0.003510	0.008698
0.024567	0.006561	-0.002289
0.031891	0.005035	0.025177
0.010834	-0.002899	0.025177
0.012360	-0.007782	0.004425
0.009003	0.002899	0.005035
0.030365	0.002289	0.023651
0.027008	-0.001068	-0.000458
0.023651	0.003510	0.004120
0.023041	-0.006867	-0.005646
0.026093	0.007477	-0.010224
0.007477	-0.011749	0.014496
0.010224	-0.012970	0.003204
0.022126	-0.011139	0.037079
0.015717	-0.005035	0.019684
0.017853	-0.011139	0.003510
0.027314	-0.005035	0.023041
0.017853	-0.003510	0.015717
0.021515	-0.007477	0.023651
0.014801	-0.014191	0.023041
0.009308	-0.013275	0.046540
0.011139	-0.011139	0.046540
0.009308	-0.005035	0.018769
0.007782	0.009308	0.009308
0.009003	0.000763	0.013886
0.020905	0.001373	-0.002594
0.027008	-0.005035	-0.006867
0.012360	0.003815	-0.033722
0.011444	0.004120	-0.013581
0.023346	-0.007782	0.051728
0.017243	0.003510	0.047761
0.012665	0.003815	0.035554
0.014191	0.001068	0.049897
0.008698	0.001984	0.003510
0.016632	-0.012970	0.005646
0.017853	-0.011749	0.036774
0.023041	-0.006256	0.036164
0.032807	-0.008087	0.034333
0.025788	-0.008087	0.001984
0.032502	0.002289	0.013275
0.020600	0.012360	0.007477
0.026398	0.016632	0.005951
0.018463	0.017548	0.007172
0.020294	-0.006561	0.010224
0.023346	0.002899	0.012970
0.012665	-0.002899	0.008087
0.016022	0.014191	0.004120
0.021515	-0.006561	0.042267
0.015412	0.001984	0.048371
0.015717	-0.000153	0.030976
-0.004730	-0.003510	0.007172
0.001984	0.004730	0.037690
0.006561	0.005341	0.026398
0.018769	-0.004730	-0.005646
0.008087	0.000763	0.013886
0.003204	0.017243	0.010834
0.007782	0.009308	0.024872
0.013581	0.014191	0.025483
0.010834	0.004730	0.006867
0.016938	0.003815	-0.010834
0.027008	0.015106	-0.005341
0.018769	0.013275	0.020600
0.018158	0.007172	0.030671
0.022736	0.007172	0.059052
0.019989	-0.004425	0.036164
0.018769	-0.000763	0.031281
0.014496	-0.011749	0.019379
0.024872	-0.030976	0.022431
0.016938	-0.018158	0.018158
0.017548	-0.014191	0.024872
0.014496	-0.002899	0.009918
0.014801	-0.016022	0.017853
0.006256	0.001373	0.012055
0.020294	0.000153	0.001068
0.018769	0.010224	0.015106
0.024262	0.007782	0.013275
0.011444	0.020600	0.027008
0.027008	-0.001068	-0.003204
0.016632	0.005951	0.009308
0.020905	-0.002899	0.006867
0.028534	-0.008698	0.008087
0.015717	-0.001678	-0.007477
0.014801	-0.011749	0.019684
0.012970	-0.017243	0.020294
0.008698	-0.012665	0.011444
0.016938	-0.007477	0.019684
0.007477	-0.016632	0.006256
0.020905	-0.007782	0.033722
0.027619	-0.003510	0.029450
0.019379	-0.004730	0.009918
0.012970	-0.001984	0.025788
0.009003	-0.009918	0.007782
0.008392	0.004120	-0.010224
0.013886	-0.007477	0.008698
0.010529	-0.005035	0.028840
0.008392	0.008392	0.023957
0.018158	0.001678	0.015717
0.014191	0.003204	0.008087
0.010834	-0.003204	0.039216
0.010529	-0.003510	-0.003204
0.005951	-0.004730	-0.032502
0.006561	0.003204	-0.002289
0.007172	0.000153	0.013275
0.008698	0.007477	0.055390
0.013886	0.010834	0.029145
0.015412	0.008087	0.059663
0.020905	0.008087	0.032502
0.018158	0.009918	0.042267
0.017853	-0.008087	0.021820
0.014191	-0.000763	-0.001373
0.013886	-0.006867	-0.002289
0.009003	0.004120	0.011139
0.014801	0.006256	0.027008
0.005646	0.006867	0.016022
0.005341	0.001373	0.013886
0.016327	-0.011444	0.010224
0.004730	0.005341	0.010224
0.008087	0.001984	0.038605
0.010529	0.001678	0.017548
0.018158	0.004730	0.029755
0.000153	-0.002289	0.027924
0.028229	-0.004425	0.009918
0.028534	0.006561	0.044404
0.009613	0.004730	0.042573
0.003815	-0.005341	0.003204
0.012970	-0.004120	-0.018769
0.006256	-0.007477	-0.007782
0.010224	-0.011139	0.005646
0.005951	-0.017548	0.001373
0.004425	0.002899	0.041047
0.001373	0.002594	0.002594
0.007477	-0.004120	0.010224
0.001068	-0.005951	0.011749
0.012360	-0.009613	0.034333
0.009308	-0.001373	0.029755
0.003204	-0.007477	0.016632
0.008087	-0.003815	0.020905
-0.004120	0.000458	0.023957
-0.016938	0.001068	0.013275
0.001373	0.001984	-0.015717
0.000153	0.007477	0.022431
-0.005646	-0.009003	0.012970
-0.009003	0.002594	0.026398
0.005951	-0.007477	0.012665
0.011139	-0.002594	0.014191
-0.001068	-0.005035	-0.003510
-0.005035	-0.011139	0.012970
0.003510	-0.000153	0.028534
-0.001373	-0.006561	0.010529
-0.003204	-0.015412	0.031586
-0.011444	-0.007477	0.011444
-0.014191	-0.005951	-0.005646
-0.009613	0.005341	0.009918
-0.008087	-0.000153	0.008392
0.005341	-0.007782	0.034333
0.003510	-0.005341	0.004425
-0.005646	-0.005646	-0.001373
-0.002899	0.004425	-0.014496
0.010224	-0.009308	0.026398
0.004425	-0.005341	0.005341
0.013886	0.004425	0.016327
0.016327	-0.005341	0.045014
0.002289	-0.015106	0.036469
0.006867	-0.001678	0.041047
0.022431	0.001984	0.026093
-0.001678	0.019379	-0.002594
0.006256	0.014801	0.009308
0.025177	0.006256	0.014496
0.016327	-0.010529	0.009613
0.009003	0.005341	0.009003
0.007477	-0.014801	0.007782
-0.000458	0.010834	0.008087
0.016632	0.018463	0.013886
0.015106	0.009003	0.023957
0.006561	-0.003204	-0.017853
0.010224	0.005951	0.005646
0.001068	0.003510	-0.010834
-0.000458	-0.015412	-0.009613
0.003815	0.001068	0.010834
0.012665	-0.008698	-0.033417
0.006256	0.004425	0.016327
0.010224	0.003815	-0.015412
0.005646	-0.015717	-0.011444
0.011749	0.001068	0.006256
0.006867	-0.011749	0.014801
0.013275	-0.000763	0.035554
0.006256	-0.009003	0.039826
0.008392	-0.016327	-0.000458
0.021515	-0.008392	0.013581
0.003204	-0.009918	0.017853
0.019074	-0.011444	0.010834
0.025177	-0.010224	0.009003
0.011749	-0.010529	0.013275
0.012665	-0.016327	0.035859
0.028840	-0.009918	0.024872
0.007172	-0.016632	0.017853
0.012360	0.003510	0.006256
0.010529	-0.003204	-0.003815
0.010834	-0.005341	0.005951
0.009308	-0.010834	0.024262
0.002899	-0.007477	0.005646
0.004120	-0.001678	0.021515
0.001068	0.004730	0.023041
0.009003	0.001678	0.036469
0.004425	0.000153	0.048981
0.017243	-0.006867	0.054780
0.015717	-0.025177	0.028229
0.008087	-0.015412	0.035859
0.015106	-0.000763	0.014191
0.011749	-0.004730	0.021210
0.020905	-0.006867	0.037385
0.007782	-0.002899	-0.003815
-0.002289	-0.011139	0.000153
0.006561	0.000153	-0.010224
0.008392	0.002289	0.011139
0.021210	-0.008698	0.004425
0.021515	-0.021210	-0.014801
0.007477	0.001984	0.001984
0.004120	-0.015106	0.033112
0.010529	-0.014191	0.024567
0.009918	-0.011139	0.021210
0.016632	-0.011749	0.028840
0.003815	-0.001984	-0.001373
0.007782	-0.015717	0.013581
0.026093	-0.009003	0.009003
0.003815	-0.006256	0.003510
0.018158	0.005646	0.016938
0.005035	-0.016327	-0.000763
0.005951	-0.013275	0.018463
0.004425	0.002289	-0.012055
0.016632	0.002594	0.028534
0.009918	-0.004730	0.039826
0.014191	-0.004730	0.040436
-0.014496	-0.020905	0.010529
-0.008392	-0.009003	0.043488
0.007477	-0.010529	0.042267
0.004425	-0.019074	0.032807
0.004730	-0.020905	0.030976
0.003815	-0.005035	-0.001373
0.014801	-0.006867	0.015412
0.017243	-0.000153	0.013886
0.021515	0.015412	0.022736
0.019684	0.003510	0.031586
0.012665	0.008392	-0.010529
0.010834	-0.017853	0.009918
0.016938	-0.012970	-0.015412
0.019684	-0.009918	0.005646
0.022431	0.007172	0.022736
0.037079	-0.008392	0.039826
0.030671	-0.002899	0.034028
0.015412	-0.010224	0.071565
0.032807	-0.018769	0.009613
0.023041	-0.009613	0.007782
0.031891	-0.011139	0.009308
0.028840	0.001984	0.029450
0.021820	-0.009918	0.016022
0.027924	-0.006561	0.007172
0.020905	-0.017853	0.004120
0.020294	-0.010224	-0.005035
0.007477	-0.008698	0.003815
0.028840	0.014191	0.007172
0.030365	-0.002289	0.009613
0.025177	-0.009308	0.031281
0.012665	-0.013275	0.018463
0.014191	-0.009918	0.029450
0.016938	-0.018158	0.024262
0.027008	-0.005341	0.026093
0.006256	-0.002594	0.029450
0.004425	-0.013275	0.012055
0.013275	0.002289	0.029145
0.016022	-0.001678	0.028840
0.033722	-0.000153	0.037079
0.011139	0.010834	-0.001984
0.020905	-0.002899	0.016327
0.016938	0.004120	0.022736
0.013886	0.005646	0.022736
0.012055	-0.011139	0.044404
0.000763	-0.006867	0.045014
0.002289	-0.003815	0.021820
-0.002594	-0.014801	0.020600
0.016327	-0.010529	0.019074
0.011139	-0.002289	0.016632
0.014191	-0.001984	0.008087
0.015106	-0.001068	0.008087
0.020600	0.003815	0.025177
0.015412	-0.001373	0.044709
0.013581	-0.018769	0.055390
0.020600	-0.016022	0.063630
0.019379	-0.006256	0.023346
0.010834	-0.007477	0.014191
0.003510	0.001068	0.002594
0.009308	0.001373	-0.016938
0.021210	-0.005951	-0.002899
0.016022	-0.009613	0.001984
0.013581	-0.028229	-0.022736
0.011444	-0.016327	0.004730
0.010834	-0.016022	0.009003
0.017853	-0.005951	0.031586
0.014496	-0.000763	0.023957
0.027619	0.005951	0.010834
0.022431	-0.004425	0.042878
0.016022	-0.012360	0.012665
0.023041	-0.002289	0.030060
0.003204	-0.012360	0.027314
0.012665	0.005646	0.009308
0.015412	-0.004730	0.028840
0.029755	-0.005646	0.033112
0.021820	0.005646	0.038300
0.024567	0.006867	0.041657
0.044404	-0.010224	0.008087
0.025788	-0.005035	-0.006256
0.023651	0.016327	-0.012360
0.006256	0.003815	0.005035
0.018769	-0.012055	0.009613
0.012970	-0.004120	-0.015717
0.023346	-0.006256	0.004120
0.028229	-0.008698	0.019989
0.029755	-0.004730	0.013275
0.018463	0.001068	0.023041
0.019989	0.000763	0.003815
0.019379	-0.010834	0.014801
0.008698	-0.006867	0.030976
0.008392	-0.005035	0.012360
0.005646	-0.001678	-0.001373
0.020600	-0.004730	0.020600
0.006561	0.008698	0.007782
0.015106	-0.009308	-0.012360
0.015717	0.000458	0.007172
0.009003	-0.012665	0.007172
0.008698	-0.017548	0.019379
0.014191	-0.011139	-0.004425
0.008698	-0.011139	-0.006867
0.005035	-0.000763	0.038605
0.006256	-0.007477	0.031891
0.010529	-0.001984	0.037385
0.020294	-0.002289	0.019684
0.017243	-0.008392	0.046845
0.000458	-0.014496	0.052949
-0.006256	-0.001373	0.023651
-0.008392	0.010529	0.008392
0.017243	0.004730	0.007477
0.025788	0.001678	0.026093
0.020600	-0.006867	-0.006867
0.014496	-0.001984	0.009308
0.039216	0.000458	0.016022
0.022126	-0.005951	0.039216
0.004425	-0.016327	0.020600
0.009308	-0.011444	0.031281
0.023041	-0.006561	0.004425
0.016632	0.001678	0.019379
0.013581	-0.000153	0.006867
0.012055	-0.008392	-0.001068
0.020600	-0.013886	0.037385
0.017853	-0.001984	0.062409
0.018463	-0.009003	0.038605
0.031586	-0.004425	0.035554
0.007782	0.001984	0.024567
0.019684	0.006867	-0.004425
0.012665	0.000458	-0.030976
0.023651	0.015717	-0.005341
0.021210	0.004730	0.049592
0.010834	0.000763	0.013886
0.015412	-0.015412	0.005341
0.019989	-0.005341	-0.020600
0.018769	-0.014801	0.015106
0.020294	-0.001984	0.021820
0.018769	-0.013275	0.026093
0.018769	-0.000763	0.007477
0.019684	-0.005646	-0.001068
0.020600	0.004120	0.005951
0.012055	-0.001373	0.004425
0.023346	0.000763	0.005646
0.029450	0.006867	0.017853
0.031586	-0.009613	0.029145
0.015717	0.001373	0.014191
0.004425	-0.003204	0.000458
-0.005341	-0.004730	-0.002899
0.005951	-0.005341	0.001373
0.006561	0.003204	0.019074
0.003510	0.003815	0.017243
0.027314	0.005341	0.017853
0.016022	0.005035	-0.012055
0.004425	0.003510	0.037079
0.018769	0.005341	0.018769
0.015412	0.004425	0.038911
0.019989	-0.007477	0.039216
0.016327	-0.011749	0.005646
0.007477	-0.004425	0.009613
0.019074	-0.015106	0.043488
0.027314	0.005951	0.049592
0.016022	-0.003204	0.019989
0.020905	0.004425	0.018463
0.019074	-0.000153	0.000153
0.013275	-0.004425	-0.024872
0.017243	-0.011749	0.012055
0.011749	-0.001678	0.018769
0.011444	-0.007782	0.030976
0.016327	0.005646	0.053864
0.023651	-0.014801	0.024872
0.026398	0.000763	0.006256
0.021210	-0.004120	0.018158
0.016022	0.003510	0.025177
0.016632	0.005341	0.013581
0.021820	-0.001373	0.012360
0.016632	-0.014191	-0.002594
0.021515	-0.002594	0.024567
0.028229	-0.001373	0.029755
0.019074	-0.003510	0.041047
0.024872	-0.001984	0.023957
0.025483	-0.021820	0.028534
0.008087	-0.013886	0.028840
0.021210	-0.023957	0.007782
0.019989	-0.016327	-0.006867
0.009003	-0.015106	0.018463
0.012665	-0.015717	0.009613
0.029145	-0.009003	0.001068
0.025788	-0.022736	0.017243
0.031586	-0.018158	0.035554
0.024872	-0.013886	0.027924
0.012970	-0.008087	0.027924
0.029755	-0.019379	0.058137
0.024872	-0.014496	0.045014
0.011749	-0.020294	0.016022
0.024567	0.005951	0.024872
0.030671	0.013275	0.020294
0.027924	-0.000153	-0.000763
0.029755	0.003510	-0.001678
0.019684	-0.008698	-0.009918
0.023346	0.004425	-0.023346
0.004425	0.000153	-0.024567
0.008392	-0.004425	0.003204
0.013581	-0.008087	0.020905
0.016632	-0.004730	0.046540
0.030365	-0.008087	0.039826
0.019379	-0.014801	0.026093
0.030060	-0.013581	0.024567
0.037690	-0.006867	0.022126
0.017853	-0.010529	0.007477
0.016632	0.001678	0.019379
0.036164	0.015412	0.035554
0.024567	-0.008392	0.004120
0.018158	0.007172	0.030365
0.008392	0.001068	0.016632
0.015106	0.001984	-0.001373
0.018463	-0.021515	0.015717
0.036774	-0.005341	0.019684
0.024567	0.000153	0.002289
0.037079	-0.012055	0.020294
0.036164	-0.001373	0.014801
0.019379	-0.005646	0.009918
0.030365	-0.003815	0.034333
0.017853	0.001068	0.019074
0.018463	0.004120	0.038911
0.003510	-0.005646	0.041657
0.013275	-0.001984	0.032197
0.030365	0.003204	0.020600
0.023651	0.004425	-0.019989
0.017853	0.001984	-0.004120
0.035859	-0.002594	-0.000458
0.019074	-0.000458	-0.037995
0.019074	-0.006561	-0.006561
0.030060	-0.007782	0.013886
0.020600	0.001373	0.036469
0.013581	-0.004730	0.048066
0.019989	-0.001678	0.038300
0.000153	-0.007782	0.027619
0.005341	-0.008087	0.003204
0.019074	-0.004730	0.030976
0.011749	-0.006256	0.022736
0.006867	-0.004425	0.031891
0.009308	-0.023346	0.034943
0.004730	-0.023346	0.023651
-0.002594	-0.022736	0.021515
0.019074	0.002594	0.011444
0.026093	0.001373	0.023041
0.019379	-0.010834	0.008392
0.012360	-0.001984	-0.017548
0.015106	-0.001984	0.000153
0.008392	-0.004425	-0.009918
0.016938	-0.000458	-0.001068
0.014801	-0.009613	0.026093
0.013886	0.004730	0.037079
0.020600	0.003204	0.019989
0.023957	0.005646	0.017853
0.018463	-0.006867	0.034333
0.019074	-0.016632	0.048371
0.020600	-0.012665	0.019684
0.017853	0.000763	0.003204
0.016938	0.001373	0.031586
0.021210	-0.008087	0.006256
0.017243	0.001373	0.000458
0.021515	-0.008392	-0.018158
0.032502	0.002289	-0.020294
0.023957	-0.001068	0.020600
0.039216	0.003204	0.029450
0.029755	-0.013886	0.005341
0.023957	-0.005035	-0.008392
0.015717	0.005951	0.003815
0.004425	-0.009613	0.016327
0.014801	-0.010529	0.034638
0.014191	-0.002289	0.045014
0.023346	0.002899	0.017548
0.023651	0.005951	0.009308
0.028840	-0.008087	0.021515
0.017243	-0.007782	0.033112
0.027924	-0.000458	0.034943
0.030365	0.005035	0.008698
0.014191	0.010529	-0.009003
0.010224	0.008392	0.011749
0.009613	0.010529	0.002899
-0.001678	0.014801	0.004425
0.017243	0.001373	-0.026398
0.013581	-0.000458	-0.027924
0.015412	-0.005035	-0.020294
0.014801	-0.004730	0.001984
0.006256	-0.009308	0.035859
0.016022	-0.015412	0.012360
0.018158	-0.010529	0.028534
0.021515	-0.010529	0.005951
0.016632	-0.012665	0.027619
0.027008	-0.011139	0.014191
0.018158	-0.002289	0.011749
0.016632	-0.008698	0.001068
0.018158	0.012055	0.002594
0.019074	0.005646	0.022126
0.019989	0.000763	0.008698
0.019074	0.009308	0.000763
0.010529	0.003204	0.012360
0.030671	0.000763	0.008087
0.010224	0.001068	0.012055
0.014496	0.006561	-0.006561
0.009003	-0.005341	-0.002899
0.009613	0.011444	0.013581
0.019379	0.006256	0.025788
0.019074	0.004425	0.028840
0.005646	-0.004730	0.007782
0.013581	-0.008087	0.024567
0.003815	-0.009003	-0.014496
0.013581	-0.013581	0.028840
0.011444	-0.026703	0.028840
0.018158	-0.012055	0.005951
0.006561	-0.007477	0.028229
0.012055	-0.007477	0.003510
0.009613	-0.013886	0.019989
0.004120	-0.003204	0.011749
0.021820	-0.011139	0.005035
0.027314	-0.011444	0.025177
0.020600	0.001984	0.027619
0.015717	-0.005035	0.016327
0.016022	0.012055	0.007172
0.010834	0.015412	0.014801
0.007172	0.004120	0.020294
0.035248	-0.024262	0.040742
0.025788	-0.022736	0.017243
0.015412	-0.015717	0.042878
0.037690	-0.016022	0.052338
0.008698	0.002289	0.025177
0.012360	-0.007477	0.018463
0.012970	0.000458	0.049897
0.011444	0.002289	0.017548
0.008087	-0.007782	0.003815
0.014191	-0.017853	0.007782
0.021210	-0.015106	-0.006561
0.011444	-0.007782	0.002594
0.015106	0.003815	0.003510
0.003204	0.003510	0.002899
0.005646	0.006867	-0.027314
0.014801	-0.000153	-0.004730
0.014191	-0.000763	0.007477
0.017548	0.004730	0.038300
0.021210	-0.006256	0.004425
0.008698	-0.010529	0.032197
0.016022	-0.019379	0.019684
0.017853	-0.008698	0.009308
0.015106	-0.006867	0.017243
0.029450	-0.006561	0.030060
0.007477	-0.001373	0.014496
0.012970	0.004730	0.005646
0.014496	0.009003	0.023957
0.012665	-0.004120	0.010529
0.023957	0.003815	0.013886
0.025483	-0.013275	0.024567
0.022736	-0.021820	-0.016022
0.022431	-0.013886	0.016938
0.013581	-0.014191	0.001678
0.006867	-0.016632	0.009003
0.008698	-0.019684	0.012970
-0.001068	-0.011444	0.012970
0.014801	0.001984	0.029450
0.017548	0.001373	-0.012970
0.011749	0.001068	0.034028
0.002899	-0.007477	0.024567
0.010529	-0.009003	0.025788
0.016632	-0.006561	0.015717
0.013581	-0.003510	-0.019074
0.021820	-0.001678	-0.000153
0.016632	-0.016632	-0.019989
0.017548	-0.016938	0.012970
0.023651	-0.005646	0.034028
0.007172	-0.014191	0.014191
-0.000763	-0.008087	0.027314
0.005646	0.001984	0.004730
0.019074	-0.007477	0.036774
0.021515	-0.001984	0.027619
0.028840	0.001068	0.027314
0.029145	-0.004120	0.052338
0.022126	0.009308	0.042878
0.013275	0.012055	0.037995
0.018463	0.001068	0.023041
0.008392	0.009613	-0.006867
0.017243	0.005035	0.025177
0.016327	-0.009308	0.016022
0.015106	-0.004730	0.047150
0.012055	0.002289	0.050507
0.009918	0.000153	0.036774
0.016022	0.007172	-0.000763
-0.001068	0.010224	-0.015412
0.011444	-0.010529	-0.000458
0.010529	-0.012055	0.015717
0.010224	-0.000763	0.015412
0.014496	-0.002899	0.025788
0.012665	-0.000763	0.022126
0.023346	0.009918	0.019379
0.023651	0.017243	0.043793
0.030976	0.011139	0.022736
0.025788	0.010529	0.020600
0.021820	-0.010224	0.006256
0.024872	0.005035	-0.011444
0.032197	-0.014496	-0.002289
0.032807	-0.003815	-0.011139
0.033112	0.001984	-0.003510
0.027008	0.012360	0.017853
0.036164	-0.006256	0.036774
0.019074	-0.021210	0.035248
0.020600	-0.005035	0.021515
0.009613	0.004730	0.021515
0.010834	-0.001984	0.020294
0.021210	0.002594	0.051423
0.019074	-0.000763	0.044709
0.014191	-0.000763	0.031891
0.013581	-0.012665	0.044099
0.012360	-0.005646	-0.005035
0.005035	-0.004120	-0.000458
0.015717	0.016632	-0.009308
0.015412	-0.008698	0.010834
0.025788	0.011444	0.001373
0.024872	-0.005951	-0.004425
0.019989	-0.007782	-0.003204
0.027619	0.004120	0.000153
0.016632	-0.011444	0.005035
0.003815	-0.013581	0.018463
0.014191	-0.017243	0.016938
0.008392	-0.007477	0.005646
0.012055	-0.026703	-0.006561
0.000458	-0.022736	0.000153
0.007477	-0.006256	-0.007477
0.011139	-0.012970	0.028229
0.010224	-0.004730	0.027314
0.003815	-0.000153	0.027314
0.010529	-0.009308	0.009613
0.016327	-0.009613	0.035554
0.009613	-0.000458	0.041657
0.019074	-0.002289	0.034333
0.028840	-0.003204	0.044709
0.019379	-0.001984	0.012360
0.022431	-0.013886	0.015412
0.014801	-0.004425	0.009308
0.016632	-0.007782	0.015717
0.021820	-0.000458	0.037079
0.032197	-0.001373	0.049287
0.020905	0.003510	0.020294
0.018463	0.006561	0.029755
0.019074	-0.002899	0.042878
0.011749	0.003204	0.021820
0.001678	0.006867	0.028840
0.009613	0.012055	0.008392
0.017548	0.010834	0.005646
0.028229	0.000458	0.017243
0.025177	-0.005951	0.011139
0.033112	0.004730	0.010224
0.021210	0.002899	-0.013581
0.019684	0.002289	0.023041
0.024872	-0.003510	0.029755
0.032807	0.021210	0.020294
0.029755	0.012970	0.039826
0.004120	-0.000458	0.007782
0.021515	0.008698	0.021820
0.022736	-0.002289	0.035859
0.000153	-0.005341	0.019684
0.008698	0.008392	0.020294
0.007782	-0.006256	0.029145
-0.006256	-0.013886	0.000458
0.009003	-0.003204	-0.017853
0.003510	0.009613	-0.002594
0.009308	0.003510	0.000458
0.014496	-0.019684	-0.016022
0.009003	-0.008087	-0.000458
0.014801	-0.009918	0.037995
0.011444	-0.001678	0.030976
0.012970	0.002899	0.028534
0.020294	-0.009613	0.005646
0.015106	-0.010224	0.008392
0.019989	-0.009918	0.022126
0.016938	-0.003815	0.056001
0.021820	-0.005646	0.032807
0.015717	-0.009918	0.032502
0.019989	0.002289	0.015717
0.016938	0.012360	-0.002899
0.009308	0.002899	-0.010224
0.020294	0.000458	0.027619
0.005951	-0.006561	0.000153
-0.006256	-0.009918	0.011749
0.016632	-0.016327	0.032502
0.021210	-0.001068	0.024567
0.019074	-0.005646	0.033417
0.027619	-0.008698	0.027314
0.018158	-0.006561	0.034638
0.008392	-0.005035	0.024872
-0.003204	-0.008087	0.023957
0.019684	0.001068	0.029755
0.015717	-0.012970	0.005646
0.011139	-0.008087	-0.006867
0.013581	-0.004120	0.009308
0.002594	-0.006561	0.004425
0.016327	-0.002289	0.002289
0.014191	-0.013275	-0.001373
0.016632	-0.010834	-0.003510
0.021820	0.005341	0.016632
0.016022	0.000763	0.035554
0.008392	-0.013886	0.037690
0.018463	0.003204	0.056916
0.012360	-0.011139	0.020294
0.022126	-0.022126	0.017853
0.025177	-0.007782	0.013581
0.023957	-0.009613	0.002899
0.016632	0.001984	-0.015717
0.019379	-0.020600	0.016022
0.016632	-0.011749	0.016632
0.012970	-0.002289	0.008087
0.012360	0.005035	-0.008087
0.005951	-0.001068	0.008392
0.012055	0.000763	-0.009003
0.010224	0.003204	0.021515
0.011749	0.008087	0.010224
0.015717	0.000153	0.011749
0.016632	0.002594	0.009003
0.027924	-0.000153	0.005646
0.017243	0.014191	0.009308
0.007172	-0.001678	0.033112
0.016632	-0.010224	0.016632
0.021515	-0.005341	0.018158
0.014496	0.001984	0.022736
0.013886	-0.001678	0.005951
0.016632	-0.023957	0.004120
0.018769	-0.000153	0.029450
0.013275	-0.001984	0.025177
0.023651	0.006561	0.027314
0.015412	-0.004120	0.005646
0.019989	0.019074	0.022431
0.026093	0.011444	0.005341
0.017243	-0.010224	0.013886
0.027008	-0.019989	0.016327
0.024262	-0.000153	0.038911
0.019684	-0.011749	0.000153
0.020294	-0.001984	0.000153
0.014496	0.010834	0.001373
0.017548	-0.016938	0.021515
0.016938	-0.004120	0.028229
0.019074	0.001984	0.030671
0.027924	0.001068	0.042267
0.035859	0.003815	0.029450
0.012055	0.006561	0.031891
0.027008	-0.005341	0.035859
0.026398	0.005341	0.016327
0.019379	-0.000458	0.023957
0.005646	-0.006561	0.022736
0.024872	0.003204	-0.005035
0.006867	-0.016938	-0.027619
0.011444	-0.022126	0.000763
0.005646	-0.013581	0.023957
0.009918	-0.011749	0.020905
0.019074	-0.012665	0.009918
0.009613	-0.015412	0.016327
0.015106	-0.004425	0.003204
0.021515	-0.004730	0.025177
0.007477	-0.017853	-0.003204
0.007172	-0.005646	0.013275
0.021820	-0.022736	0.011444
0.026398	-0.020600	0.012055
0.006561	-0.000153	0.008698
0.016632	-0.009613	0.026398
0.014191	-0.003204	0.006867
0.013886	0.005646	0.018463
0.011444	-0.005646	0.015717
0.010834	-0.009308	0.008392
0.012055	-0.003510	0.020294
0.017243	-0.004425	-0.009003
0.034333	0.003815	0.022736
0.018769	-0.002289	-0.000458
0.029145	0.001068	0.026398
0.022126	0.003204	0.024872
0.022126	-0.016938	0.006867
0.015717	-0.007477	0.017853
0.013886	-0.008392	0.046845
0.016022	0.002289	0.021515
0.006256	-0.008392	0.011444
0.005646	0.008087	0.013581
0.010529	-0.000763	-0.017548
0.008087	-0.006256	-0.012665
0.012055	-0.008087	0.008698
0.005646	-0.012055	-0.000763
0.020294	-0.007477	0.018463
0.014801	-0.006867	0.016938
0.009308	-0.002594	0.006256
0.018463	0.004120	0.005951
0.019684	-0.012055	0.000458
0.022431	-0.005646	0.013886
0.019379	0.001678	0.038300
0.014191	0.001984	0.030060
0.031281	-0.008392	0.020600
0.024262	-0.009308	0.049897
0.026093	-0.004425	0.068818
0.025788	-0.010529	0.028840
0.016938	-0.014191	0.034028
0.023041	-0.000153	0.019989
0.029145	-0.016022	0.003204
0.038300	0.003204	0.014191
0.017853	0.007477	0.011139
0.015717	-0.018769	0.002594
0.009003	-0.013275	0.018158
0.012055	-0.011139	0.002899
0.001984	-0.005646	-0.011749
0.011444	-0.002289	-0.012970
0.013275	0.002289	0.034028
0.020600	-0.018769	0.031586
0.028534	-0.013581	0.034638
0.011139	-0.004120	0.030060
0.010529	-0.017243	0.025788
0.016938	-0.004730	0.031281
0.017243	-0.006561	0.056001
0.013581	-0.007782	0.022736
0.011749	-0.006256	0.011444
0.016327	-0.005341	0.002594
0.009613	-0.003815	-0.005035
0.008392	-0.000763	-0.007782
0.036164	-0.009613	0.008698
0.032502	-0.004120	0.012360
0.037995	0.000458	0.010529
0.022431	-0.005646	0.029755
0.016632	-0.003510	0.012055
0.012665	-0.016938	0.010529
0.027314	-0.006256	0.026093
0.019379	-0.009613	0.019379
0.017853	-0.009918	0.035859
0.013886	-0.000153	0.018158
0.014191	-0.012970	0.009308
0.023041	-0.001678	0.014191
0.017853	0.001984	-0.018463
0.010224	0.005035	-0.015717
0.019684	0.006867	-0.005035
0.022431	0.003204	0.008698
0.015412	-0.003510	0.010529
0.017853	-0.007782	0.009003
0.016022	-0.006561	0.019074
0.007172	-0.007782	0.007477
0.019989	-0.004120	0.029145
0.018463	-0.010224	0.007477
0.005646	-0.025483	0.018769
0.005341	0.005341	0.013275
0.010529	-0.008087	0.009613
0.017243	-0.012360	-0.009918
0.014496	0.000153	0.001373
0.012360	0.002289	0.011139
0.011749	-0.010224	0.023041
0.014801	-0.014191	-0.027924
0.022431	0.009918	0.003510
0.016022	0.000153	-0.005951
0.021210	-0.001984	0.000153
0.030060	-0.017243	-0.015412
0.026093	-0.008392	0.006561
0.021515	-0.013886	0.019074
0.021515	-0.012970	0.017548
0.019684	-0.009308	-0.000763
0.028229	-0.009308	0.017243
0.015412	-0.009003	0.027314
0.016327	0.008698	0.008698
0.033722	0.003815	0.022431
0.018769	-0.006867	0.014801
0.026398	-0.010529	-0.001373
0.012360	-0.003510	0.000153
0.014191	0.013886	-0.013275
0.017853	0.005951	-0.017548
0.029755	0.003510	0.018463
0.023041	-0.000458	0.005341
0.033722	-0.003204	0.010224
0.028229	-0.002899	0.011139
0.020294	0.004120	0.025788
0.023651	-0.000458	0.013275
0.022431	-0.005951	0.023041
0.019684	-0.015412	0.026398
0.021515	-0.001068	0.015717
0.009918	-0.013886	0.033417
0.024567	-0.007477	0.021820
0.029145	0.006867	0.030365
0.014496	-0.009308	0.030365
0.004425	-0.022736	0.032197
0.021820	-0.006256	0.018769
0.019074	-0.004425	0.018463
0.015412	0.010529	0.013275
0.031586	0.012360	-0.000153
0.020905	0.013275	0.024262
0.008698	-0.000458	0.051423
0.005341	-0.002899	0.030060
0.015717	0.005341	0.013581
0.004120	0.001984	0.013581
0.014496	0.004425	0.001068
0.014496	0.000153	0.019074
0.018769	-0.001984	0.033722
0.023651	-0.002899	0.059968
0.008087	-0.017243	0.023957
0.011139	-0.003510	0.052949
0.019074	-0.001984	0.043793
0.007477	-0.014191	0.033417
0.022126	-0.005341	0.004425
0.013581	-0.006256	0.028840
0.015106	0.004425	0.036774
0.026398	0.016022	0.001373
0.024872	0.000458	0.003510
0.020294	-0.010529	0.012055
0.014801	-0.001373	-0.007782
0.025483	0.004425	0.007782
0.027314	-0.005341	0.012665
0.023957	-0.002289	0.010529
0.011139	-0.006256	0.005035
0.027008	-0.010834	0.017243
0.027314	-0.030060	0.030365
0.030976	-0.005646	0.031281
0.029145	-0.008392	0.013275
0.017243	-0.001984	0.023041
0.015717	-0.002289	-0.002594
0.005341	-0.004120	0.009918
0.011444	-0.001678	0.001678
0.017243	0.006256	0.000763
0.009613	0.006867	-0.003204
0.013886	-0.001984	0.008392
0.021820	0.003204	-0.006256
0.029755	-0.005341	0.008392
0.029145	0.007172	0.028840
0.009918	-0.000153	-0.001984
0.026398	-0.000458	0.024872
0.018158	-0.006561	0.007477
0.014801	-0.001984	0.015106
0.003510	-0.013275	0.022431
0.010834	-0.005035	0.037995
0.015106	-0.013886	0.051423
0.014801	-0.003204	0.009003
0.019379	0.002594	0.009308
0.015412	-0.005341	0.004425
0.035248	0.019074	0.025177
0.024872	0.006867	0.000458
0.033722	-0.012665	-0.004120
0.024567	-0.003204	-0.011444
0.029755	-0.007477	-0.006256
0.023041	-0.012360	0.017243
0.018463	0.007477	0.008698
0.017853	-0.012055	0.033722
0.007477	-0.008392	0.009918
0.008698	-0.028840	0.039521
0.015717	-0.010834	0.034943
0.017853	0.003510	0.031586
0.006867	0.005035	0.025788
0.006256	-0.009308	0.041657
-0.003510	-0.014801	0.023346
0.010834	-0.003204	0.041962
0.015106	-0.019379	-0.002899
0.012055	0.000763	0.004425
0.023651	-0.005035	0.030060
0.021210	0.001373	0.028840
0.021820	-0.002289	0.022736
0.013886	0.013581	0.000153
0.005035	0.007782	0.027924
0.014801	0.002594	0.009003
-0.001068	0.002594	0.022736
0.015106	-0.002899	0.009003
0.001068	0.001068	0.014801
0.018463	-0.009613	0.032197
0.013886	-0.016938	-0.001678
0.005341	-0.003815	0.022126
0.016938	-0.005035	0.012970
0.024262	-0.016327	-0.001373
0.010834	0.000458	0.023041
0.011444	0.005951	0.027619
0.006561	-0.000458	0.013581
0.008392	-0.009308	-0.008392
0.012665	-0.010834	-0.017548
0.022431	0.000153	0.011444
0.014191	0.007172	0.027008
0.009613	-0.011749	0.040742
0.014191	-0.029755	0.028840
0.020905	-0.015717	-0.004425
0.027619	-0.007782	0.023041
0.018158	-0.016022	0.032502
0.022736	-0.001373	-0.010224
0.015412	-0.006256	0.031586
0.003510	-0.009918	0.017548
0.022126	0.013886	-0.003815
0.013886	0.003510	0.009308
0.004120	0.009613	-0.015717
0.007172	0.011139	0.013581
0.012970	0.005035	0.017548
0.014191	0.000458	0.016938
0.017853	0.001984	0.017548
0.016938	-0.014801	0.025788
0.011749	0.005646	0.019989
0.013275	0.002594	-0.009918
0.010529	-0.004120	0.047456
-0.005951	-0.000458	0.016632
-0.010834	0.020294	0.027924
0.020294	-0.007782	0.018769
0.015106	-0.009003	0.002594
0.012970	-0.010529	0.016632
0.016022	-0.010834	0.004730
0.020600	0.000153	0.020600
0.019989	-0.001373	-0.001984
0.034333	-0.002289	0.002289
0.020294	0.003510	0.014801
0.026093	-0.001678	0.012665
0.020905	-0.004730	0.024567
0.028534	-0.002594	0.007477
0.017548	-0.002289	-0.019989
0.019989	-0.008087	0.012665
0.024262	-0.012055	0.015412
0.024262	-0.008698	0.035859
0.012360	0.004730	0.015717
0.033722	0.000153	0.005951
0.009003	-0.006256	0.004120
0.016327	-0.005035	0.028229
0.008087	-0.000763	0.039216
0.006561	-0.003510	0.029145
0.009308	-0.004730	0.041962
0.002594	-0.002594	0.020294
0.006561	-0.000763	0.007172
0.006561	0.005341	-0.005646
0.001373	0.005646	0.016632
-0.005341	0.005951	0.004425
-0.004425	-0.007782	0.029145
0.003815	0.000153	0.009613
0.030671	0.005341	0.005035
0.012970	-0.009003	0.012665
0.023346	-0.031281	0.022431
0.012360	-0.020600	0.018769
0.011444	-0.019379	0.020294
0.013275	-0.000763	0.008698
0.014496	-0.008087	0.006256
0.018463	-0.009003	0.015106
0.026093	-0.012055	0.021515
0.019379	-0.007477	0.000458
0.006561	-0.010224	0.018463
0.024567	-0.006867	0.011749
0.024567	0.001984	0.016327
0.015412	0.001068	0.021515
0.020294	-0.000153	-0.014496
0.026093	-0.003510	0.001373
0.023041	0.016022	0.002289
0.020294	0.011444	0.013581
0.023957	0.003204	0.017853
0.018463	-0.005951	0.011444
0.017853	-0.000458	0.008392
0.020294	-0.000458	0.003510
0.019989	-0.005035	0.032197
0.018463	0.002899	0.059358
0.022736	0.001373	0.041657
0.019379	0.006561	0.056306
0.030365	-0.006867	0.039521
0.008392	-0.026398	-0.015717
0.016327	0.005341	-0.002899
0.016938	0.005951	-0.027619
0.019074	0.002289	-0.038300
0.026398	0.002594	-0.007477
0.022431	0.008698	-0.026703
0.028534	0.001678	0.006561
0.013275	-0.000153	-0.010529
0.015717	0.000458	-0.018158
0.010834	-0.012360	0.009308
0.024567	-0.009918	0.004120
0.010224	-0.017548	0.027924
0.025177	-0.016938	0.021820
0.019074	0.004120	0.039216
0.021515	0.008087	0.052338
0.024872	0.003204	0.053559
0.009613	-0.001984	0.043488
0.014496	0.006867	0.011444
0.008087	0.002289	0.010529
0.024567	-0.006867	0.015412
0.035554	-0.008698	-0.013275
0.023957	-0.004425	-0.000458
0.018158	-0.009003	0.045930
0.009308	-0.018769	0.040131
0.008392	-0.009613	0.032807
0.011749	0.004425	0.040742
0.023346	0.000153	0.022431
0.018158	-0.009918	0.016022
0.013275	-0.009003	0.040742
0.008087	-0.014191	0.017853
0.019379	-0.000458	0.038911
0.003204	-0.007782	0.024872
0.001068	-0.009003	0.035859
0.011444	-0.006256	0.035859
0.013581	0.009613	0.042267
0.011749	0.009003	0.011444
-0.004120	-0.000153	0.012055
0.016022	-0.013581	0.025788
0.006561	0.002594	0.039826
0.014496	0.008392	0.032502
0.016938	0.008392	0.035554
0.020294	0.003510	0.020600
0.023041	0.014496	0.031586
0.014496	0.010834	0.040436
0.003510	-0.000458	0.029755
0.009003	0.008392	0.023651
0.017243	0.007477	0.037079
-0.000458	0.003815	0.034028
0.018463	0.000458	0.020600
0.029145	0.002899	0.013581
0.032807	-0.006561	-0.004425
0.026398	0.003510	-0.013886
0.024567	0.000458	0.003510
0.017853	-0.005646	0.007477
-0.005646	-0.006867	-0.006867
0.012970	-0.007477	-0.030976
0.001984	-0.018158	-0.003815
0.008392	-0.019989	0.002594
0.001373	-0.021210	0.031891
0.020294	-0.011139	0.046845
0.021210	-0.017548	0.027008
0.018463	-0.009918	0.002899
0.013581	-0.005341	0.014496
0.013581	-0.009308	0.017548
0.025788	-0.022431	0.055695
0.017243	0.005951	0.001984
0.008698	-0.002899	-0.012970
0.018463	0.001373	-0.001068
0.019074	-0.012665	0.030671
0.017853	0.004120	0.015106
0.020905	-0.011444	0.017243
0.017243	0.003510	0.027619
0.030365	0.012055	0.029450
0.019989	-0.002289	0.037079
0.022431	0.010834	0.033112
0.024872	0.000153	0.022126
0.013581	-0.010529	0.010529
0.004120	0.000458	0.030060
-0.001373	-0.005646	0.022736
0.019989	0.002594	0.031586
0.013581	0.003204	0.031586
0.017853	-0.000153	0.038300
0.012665	-0.007782	0.043488
0.015106	0.000763	0.033112
-0.001068	0.002899	0.005646
0.005646	-0.007782	0.005646
0.009918	-0.000763	0.013275
0.014191	-0.003510	0.004425
0.023651	-0.005951	0.012665
0.006256	-0.001984	0.006256
0.020600	-0.002899	0.006561
0.024567	0.001678	0.017243
0.033722	-0.010224	0.028534
0.028840	-0.015106	0.032197
0.025483	0.001678	0.033112
0.024262	-0.004120	0.023957
0.019684	-0.009308	0.026398
0.023651	-0.002594	0.043488
0.023651	0.016938	0.038605
0.028534	0.007172	0.031891
0.027008	-0.001984	0.006561
0.006561	0.011749	0.018769
0.024872	0.006561	0.012055
0.003204	-0.004730	0.019074
0.010834	0.006867	0.025483
0.008698	0.008087	-0.003204
0.004120	-0.004120	-0.012360
0.010224	0.006561	-0.008392
0.009918	-0.004120	0.005035
0.004730	-0.004730	0.005951
0.001373	-0.021515	0.005341
0.009613	-0.016938	0.007477
0.034333	-0.008087	0.015412
0.015106	-0.021515	0.023957
0.018158	-0.004120	0.017243
0.019074	-0.001068	0.031891
0.020905	-0.001373	0.019379
0.012970	-0.002289	0.001068
0.019684	0.005646	0.017853
0.017243	0.008392	-0.017548
0.010529	-0.005951	-0.000153
0.017853	-0.002899	0.012970
0.018769	0.009613	0.022736
0.019074	0.000153	0.021820
0.010529	-0.007782	0.043793
0.016022	0.000763	0.038911
0.009308	0.002289	0.022736
0.016022	0.004425	0.028840
0.026093	-0.016632	0.035859
0.021515	-0.013581	0.036469
0.009003	-0.000763	0.023957
0.017548	-0.015412	0.028534
0.010834	-0.005341	0.006256
0.010224	0.010224	-0.005646
0.016938	0.005646	-0.009918
0.022126	-0.001373	-0.002594
0.025177	-0.001068	0.000763
0.018158	-0.005646	0.015412
0.015717	-0.009918	0.011139
0.019989	-0.008698	0.001984
0.007172	-0.008392	-0.016632
0.007172	-0.002289	0.026398
-0.006867	0.010224	0.012360
0.017243	0.002899	0.034028
0.014191	0.001373	0.034943
0.005341	-0.009918	0.020294
0.010529	-0.017243	0.035248
0.014191	-0.002289	0.012360
0.000458	-0.014801	0.035554
0.022126	-0.002594	0.041657
0.017548	0.004120	0.028229
0.024567	-0.000458	-0.013886
0.022431	-0.000458	0.001068
0.014496	0.002899	0.013275
0.028840	-0.006867	0.010529
0.035859	-0.001678	0.011749
0.013275	-0.001068	0.005341
0.005646	0.002594	0.011139
0.017243	-0.003510	0.023041
0.030060	-0.008698	0.022431
0.017853	-0.018769	0.012970
0.011749	-0.022736	0.034638
0.016938	0.000763	0.025788
0.014191	-0.015106	0.033722
0.016632	-0.014801	0.014191
0.010834	-0.000153	0.036774
0.023957	-0.012665	0.033417
0.017853	0.001678	0.044404
0.019379	-0.007782	0.040742
0.032502	0.001678	0.008392
0.029755	-0.002594	0.011444
0.010224	-0.010529	0.016022
0.012360	-0.015717	0.001068
0.023957	-0.016632	0.006561
0.031586	-0.008698	0.031586
0.023651	-0.017243	0.011749
0.030976	0.000458	0.030671
0.031891	0.002899	0.030671
0.023041	-0.001678	0.027314
0.020600	0.000763	0.054170
0.021515	-0.004730	-0.001373
0.023346	-0.006561	0.016632
0.012970	0.009003	0.010529
0.020294	0.002899	0.005341
0.019074	0.005341	0.019684
0.014496	-0.004120	-0.004425
0.027008	-0.007782	0.002899
0.010529	0.000458	0.005035
0.012970	-0.001678	0.031586
0.023346	-0.010834	0.033417
0.020294	0.008698	0.011444
0.015717	0.013275	0.019379
0.023041	-0.005646	-0.013886
0.018158	0.000458	-0.001373
0.022431	-0.029450	0.007172
0.022126	-0.015412	0.008698
0.016632	-0.027008	0.002594
0.016938	0.000458	0.008087
0.039521	-0.003204	0.021515
0.030060	0.005646	0.029755
0.014801	0.014191	0.015106
0.023957	-0.005646	0.020294
0.012665	-0.000763	-0.004730
0.005646	-0.003510	-0.004730
-0.007477	-0.008698	0.023651
0.010529	-0.021515	0.011444
0.015412	-0.021210	0.023651
0.009613	-0.016938	0.020294
0.012665	-0.016938	0.037995
0.021515	-0.015717	0.027619
0.019074	-0.007782	0.032197
0.008087	0.003815	0.023346
0.004730	-0.000763	0.020294
0.005646	0.006561	0.045930
0.019379	0.000153	0.033722
0.011749	0.005951	0.014801
0.023041	0.003815	0.021820
0.017243	0.003815	0.018158
0.005341	-0.001678	-0.023651
0.005646	-0.001373	0.000458
0.015106	-0.010224	0.023346
0.020905	-0.000763	0.011444
0.023957	0.005646	0.012665
0.019684	-0.001984	0.010529
0.026398	-0.007477	0.028534
0.022736	-0.002594	0.054780
0.012970	-0.017548	0.002594
0.019379	-0.017548	0.027619
0.022431	-0.019989	0.023651
0.024567	-0.005646	0.037385
0.016632	0.003815	0.033722
0.010529	0.005646	0.043183
0.020294	0.002899	0.024262
0.012970	-0.001373	0.002899
0.013275	-0.003510	-0.010834
0.004120	0.001068	-0.041657
0.009918	-0.010529	-0.023346
0.018158	0.009308	0.006561
0.025788	0.004120	0.015717
0.007477	0.002594	0.019989
0.021820	0.004425	0.029755
0.016327	-0.005646	0.022126
0.022736	-0.017548	0.026093
0.020600	0.008087	0.014801
0.028229	0.000763	0.022126
0.011749	0.001678	0.014496
0.017853	-0.012360	0.009003
0.021820	-0.002594	0.013275
0.027008	-0.012055	0.000153
0.034943	0.004120	0.021515
0.017853	-0.003815	0.021515
0.025788	-0.001373	0.034028
0.023957	0.006256	0.016632
0.029145	0.004425	0.007172
0.032807	0.001984	0.004120
0.022126	0.004425	-0.001373
0.021820	0.005341	-0.008087
0.016022	0.000153	-0.014191
0.024872	0.002899	0.022736
0.012665	-0.013275	0.014496
0.018769	-0.002289	0.013886
0.019684	0.003510	0.002899
0.023041	0.002594	0.037385
0.028534	-0.016022	0.034943
0.027008	0.000763	0.024872
0.014191	-0.006256	-0.005341
0.034333	-0.002594	0.037385
0.013275	0.000458	0.034638
0.019989	-0.007477	-0.000763
0.029145	-0.009613	0.028229
0.015717	-0.015717	0.011139
0.016022	-0.003815	0.022126
0.009918	-0.004730	0.028229
0.016632	0.004730	0.025483
0.015412	-0.006867	0.028840
0.020600	-0.006867	0.007782
0.019684	-0.012055	-0.005341
0.019989	-0.016938	0.007782
0.018158	-0.017853	0.018463
0.012665	-0.017243	0.045014
0.020600	-0.009003	0.033722
0.030060	-0.003204	0.026398
0.030671	-0.004120	0.030365
0.009003	0.003510	0.035859
0.015717	0.003204	0.037079
0.012055	-0.004425	0.004730
-0.004730	-0.004120	0.004425
0.024262	-0.000763	0.029450
0.017548	0.007782	0.013275
0.016632	0.002899	0.008087
0.013275	-0.008698	0.021820
0.005646	0.004425	0.034028
-0.005035	-0.001068	0.005951
0.002594	0.004730	0.014191
0.015106	-0.010224	0.058442
0.004425	-0.014801	0.013581
0.027008	-0.001068	0.021210
0.020294	0.004120	0.009003
0.023041	0.011139	0.025177
0.032807	0.012970	0.004120
0.009613	-0.005035	0.018463
0.030976	0.006561	0.027314
0.040742	0.003815	-0.005035
0.024262	-0.005646	-0.020905
0.016022	0.008087	0.015412
0.019379	0.012665	0.030365
0.012055	-0.014801	0.010834
0.029450	-0.012665	0.041962
0.025788	-0.011749	0.005646
0.009003	-0.018463	0.025788
0.024262	-0.016938	0.020294
0.025177	-0.029755	0.014801
0.018769	-0.016022	-0.005341
0.025788	-0.009918	0.014191
0.018769	-0.005341	0.025483
0.018769	-0.004425	0.010224
0.023041	-0.002594	0.021820
0.037079	0.009613	0.024567
0.031891	-0.005035	0.001373
0.023651	-0.010529	0.008392
0.009003	-0.007477	-0.020600
0.013581	-0.001678	-0.005035
0.025177	0.002594	0.001984
0.017243	-0.011139	-0.015412
0.027314	-0.015106	-0.032502
0.025177	-0.014496	0.025483
0.016632	-0.004425	0.009003
0.014191	-0.001068	0.008087
0.010834	-0.008698	0.035554
-0.011444	0.002899	0.027008
0.005646	-0.010834	0.050507
0.000763	-0.006256	0.015717
0.014496	-0.009918	-0.002289
0.011444	-0.001068	0.013275
0.017853	0.009003	0.025788
0.011444	0.009003	0.005341
0.026093	0.002899	0.003204
0.019684	-0.003815	0.002899
0.017548	0.009613	0.007172
0.024872	-0.010529	0.009308
0.028534	0.004730	0.024567
0.021210	-0.012055	0.009613
0.012665	0.000153	0.028534
0.008698	-0.001678	0.009613
0.001678	-0.012360	0.034333
0.020905	0.006867	0.028229
0.011749	0.007477	0.030060
0.015412	-0.008698	0.013886
0.020600	-0.007477	0.018463
0.010834	-0.005035	0.047761
-0.001068	-0.011749	0.022431
0.008392	-0.019379	-0.000458
0.008392	-0.017853	0.015412
0.007782	-0.004120	0.034333
0.014496	-0.012055	0.016022
0.020294	0.007172	0.005951
0.028840	0.005646	0.031586
0.028229	-0.003815	0.052338
0.025788	-0.012970	0.027008
0.034333	-0.016022	0.027008
0.018463	-0.003510	0.015717
0.011444	-0.006561	-0.004425
0.019379	-0.010529	0.011749
0.024567	-0.009308	0.023957
0.009613	-0.015106	0.036774
0.017548	-0.011139	0.022736
0.019074	-0.006256	0.011444
0.011444	0.004120	-0.010529
0.023651	-0.001373	-0.017853
0.009308	-0.005035	-0.008698
0.008698	0.000458	-0.019074
0.006867	-0.000153	0.015106
0.017853	0.005341	0.033417
0.013275	-0.009918	0.036164
0.015717	-0.002594	0.017243
0.024872	-0.015412	0.008087
0.027619	-0.007477	-0.009308
0.027008	-0.009003	0.004730
0.019074	-0.009308	0.036469
0.023957	-0.018769	0.027314
0.017243	0.005341	0.016327
0.016327	-0.003815	0.028840
0.022126	0.005035	0.027008
0.020294	-0.003815	0.012970
0.020905	0.007477	0.005646
0.020600	0.011139	0.020905
0.028840	-0.007477	-0.009003
0.029145	-0.005951	0.001678
0.020600	-0.018158	-0.011139
0.034333	-0.024872	0.020905
0.008392	-0.023651	0.011139
0.029145	-0.016022	0.011139
0.017853	0.001678	0.024872
0.011139	0.004730	0.034028
0.030060	-0.009003	0.023041
0.021820	0.004120	0.040131
0.028840	0.011749	0.053559
0.018463	0.008087	0.066682
0.012665	-0.005951	0.031586
0.017243	0.001373	0.033112
0.015106	0.002289	0.020294
0.020600	-0.002899	0.005951
0.018769	-0.003204	-0.016327
-0.000763	0.008087	-0.004120
0.007172	0.008698	0.007477
0.003510	0.012970	0.006867
0.008698	0.004425	0.037079
0.027619	0.008087	0.035859
0.024262	0.005951	0.052949
0.022736	0.014191	-0.012970
0.031586	-0.014801	0.026398
0.029450	-0.011749	0.040742
0.010224	-0.008698	0.062104
0.007782	-0.005341	0.024262
0.022431	-0.010834	0.015717
0.021515	-0.001678	0.031586
0.011749	0.004730	0.004425
0.017853	0.016632	0.003510
0.029145	0.010834	0.014191
0.030976	0.010529	0.002899
0.027619	-0.002899	-0.013275
0.029145	0.002899	0.005951
0.018769	0.008392	0.027924
0.015717	0.007782	0.023346
0.008392	0.007172	0.019074
0.008392	-0.002594	0.036774
-0.002899	-0.009003	0.017243
0.004425	-0.013275	0.040131
0.004120	-0.001373	0.072786
0.017548	-0.015412	0.029755
0.008698	-0.023957	0.022431
0.008392	-0.016632	0.001984
0.003510	-0.005341	0.002289
0.017548	-0.005341	0.003815
0.021210	-0.002289	0.012665
0.014496	-0.007477	0.020905
0.019684	0.001373	0.011139
0.021515	0.002289	0.029145
0.015412	0.011139	0.024567
0.021210	0.016938	0.037690
0.013581	0.011139	0.014496
0.020294	0.007172	0.040131
0.013275	0.002289	0.025177
0.021515	0.005646	0.027314
0.023346	-0.015412	0.014191
0.013581	-0.011444	0.029450
0.017548	0.001984	0.004730
0.029450	-0.003510	0.016022
0.022431	-0.011139	0.029450
0.005341	-0.001068	0.024872
0.007477	-0.004425	0.001984
0.017853	-0.008087	-0.012055
0.031281	-0.008392	-0.000153
0.030060	-0.023957	0.025788
0.023346	-0.013275	0.009308
0.019074	-0.005341	0.009308
0.005951	-0.007477	0.008392
0.007477	0.002899	-0.013581
0.009918	-0.016327	-0.013886
0.001678	-0.006561	-0.028840
0.014191	-0.009003	0.024262
0.026093	-0.009308	0.005646
0.036469	0.002289	0.007477
0.011139	0.005646	0.007477
0.024567	0.000763	0.021820
0.019379	0.009613	0.007782
0.017243	0.006867	-0.007782
0.018158	0.002899	-0.016632
0.023041	0.011749	0.012055
0.018463	0.016022	0.001678
0.008087	0.008087	0.020600
0.010224	-0.003204	0.013581
0.024262	-0.007782	0.010529
0.011749	0.009003	0.017853
0.011444	0.011444	0.025177
0.000153	0.002289	0.021515
0.001373	0.001984	0.018158
0.013581	-0.019074	0.041352
0.011749	-0.015106	0.020600
0.001678	0.011444	0.023346
0.011749	-0.004730	0.022431
0.008698	0.003815	0.037690
0.017853	-0.001373	0.059052
0.021210	-0.000153	0.007782
0.024262	0.000458	0.003815
0.021210	-0.001984	0.009918
0.010529	-0.003510	0.002289
0.005951	-0.009308	0.005646
0.016022	-0.005951	-0.007477
-0.001984	0.007782	0.004425
0.017853	-0.007477	0.004425
0.006561	-0.021820	0.016632
0.012055	-0.015412	0.019684
0.019074	0.000458	0.013886
0.017243	-0.001373	0.026398
0.016022	-0.014191	0.041352
0.017853	-0.014191	0.056306
0.016632	0.005646	0.028840
0.005646	-0.006867	0.025788
0.017853	-0.011749	0.007782
0.025483	-0.014801	0.012055
0.025177	-0.005341	0.002899
0.020905	-0.004120	-0.035248
0.021820	0.002594	-0.016938
0.022126	0.002594	-0.022736
0.021820	-0.002899	-0.006561
0.021515	-0.002289	0.000153
0.016022	-0.004425	0.016632
0.024262	-0.003815	0.012665
0.005341	0.013275	0.016632
0.016632	0.005035	0.014801
0.018463	0.002594	0.033112
0.016327	0.009613	0.045930
0.017548	0.002899	0.005341
0.018769	-0.013581	0.022126
0.019684	-0.017243	0.023041
0.025177	0.007477	0.008087
0.022736	-0.004120	0.008698
0.037385	0.009308	-0.003204
0.022736	-0.002594	-0.004425
0.027314	-0.016632	0.007782
0.028229	-0.014191	-0.007477
0.025788	-0.006256	0.003204
0.026093	-0.009613	0.005341
0.021515	-0.004120	0.016938
0.017548	-0.005646	0.031281
0.014191	-0.004730	0.030060
0.004425	-0.014496	0.031891
0.011139	-0.002899	0.026398
0.024567	-0.008392	0.054170
0.023651	-0.005951	0.038300
0.029145	0.003815	0.013581
0.023651	-0.003815	0.045930
0.029755	0.009918	0.040131
0.026398	0.004120	0.062104
0.030060	-0.000763	0.023346
0.030060	-0.019379	0.044404
0.020600	-0.002289	0.030060
0.023346	0.004730	0.029450
0.006256	-0.001678	0.022431
0.022126	-0.012055	0.025483
0.015106	-0.012055	0.025483
0.022126	-0.013275	0.027008
0.009003	-0.012360	0.002594
0.009308	-0.004425	0.015412
0.021515	0.003815	0.018158
0.020905	-0.008698	0.043793
0.020294	-0.008698	0.027314
0.010529	-0.004730	0.032197
0.009918	0.000458	0.019989
0.011139	0.004120	0.010834
0.011139	0.006561	-0.008087
0.009003	0.004120	0.012665
0.029450	-0.003815	0.034638
0.028534	0.004120	0.045930
0.027924	-0.012360	0.029755
0.027008	0.000153	0.032197
0.023346	-0.006256	0.035554
0.028534	-0.013275	0.027619
0.029450	-0.005035	0.014496
0.028840	0.003510	0.034028
0.013886	-0.001984	0.035554
0.023346	-0.011139	0.008087
0.016632	-0.008392	0.019989
0.006561	-0.006561	-0.005646
0.006256	0.000458	-0.009003
0.021820	0.004120	-0.022736
0.011749	0.004730	0.000763
0.013581	0.006561	-0.008087
0.029755	-0.012970	0.008392
0.017853	-0.010529	0.018158
0.017853	-0.008087	-0.010834
0.016632	-0.014801	-0.019379
0.011139	0.009918	0.001373
0.009918	0.007172	0.014191
0.015717	0.009308	0.002289
0.025177	0.014191	0.014801
0.030060	-0.011139	0.028229
0.017853	-0.002289	0.006256
-0.001678	-0.017853	0.037690
0.004730	-0.009003	0.027314
0.001373	-0.008087	0.019684
0.012665	-0.004425	0.002289
0.008698	-0.008392	-0.000763
0.007477	-0.002899	-0.020600
0.010529	-0.012360	-0.009918
0.015106	-0.011749	-0.004730
0.017243	-0.003204	-0.024262
0.034638	-0.007782	-0.011139
0.024567	0.005951	0.017853
0.028840	0.001678	0.001678
0.015717	0.005646	0.035554
0.014801	-0.011749	0.022126
0.019989	-0.008698	0.018463
0.018463	0.000458	0.027924
0.013886	0.003204	0.032807
0.013581	-0.015717	0.050507
0.006256	-0.001373	0.070344
0.013886	-0.006256	0.046845
0.004425	-0.008698	0.001373
0.010834	-0.005951	0.004120
0.025177	0.001068	-0.009613
0.010834	0.007477	-0.006256
0.010834	0.007477	0.034028
0.015717	-0.000153	0.012970
0.008392	0.008087	0.015717
0.017243	-0.004120	0.010834
0.030365	0.005341	0.047761
0.025483	0.006867	0.015412
0.026093	-0.005951	0.034638
0.005951	0.004730	0.041352
0.007172	-0.010834	0.058747
0.013581	0.015106	0.043488
0.035554	0.015412	0.054170
0.013275	0.003204	0.030060
0.026093	0.003204	0.019684
0.019379	0.016327	0.014191
0.022736	0.012665	0.027314
0.036469	-0.010834	0.013886
0.020294	-0.020600	-0.005035
0.008087	-0.010224	-0.005035
0.011749	0.000763	-0.015106
0.017853	-0.001678	0.018158
0.015412	0.005646	0.021210
0.022126	0.009613	0.013886
0.020905	0.002289	0.023346
0.007782	0.005035	0.062104
0.011444	-0.011749	0.025177
0.016327	-0.008698	0.009003
0.023651	-0.015717	0.033417
0.013886	0.005646	0.016632
0.027008	-0.001373	0.042267
0.018769	0.004730	0.019379
0.015717	0.000458	0.015717
0.009613	0.004730	0.014191
0.024872	0.012360	-0.001984
0.020294	0.003815	-0.002289
0.033722	0.008087	-0.001984
0.009918	-0.008087	-0.004425
0.013275	-0.004120	0.025788
0.004425	0.005646	0.005646
0.008698	-0.014191	0.035859
0.007782	-0.019074	0.007172
0.016632	-0.002899	0.023957
0.010529	-0.009613	0.022126
0.011444	-0.007782	0.011139
0.004120	-0.004730	0.041657
0.014801	-0.019684	0.019989
0.010529	-0.009613	0.036469
0.011749	-0.004730	0.016632
0.020294	-0.000153	0.031891
0.027619	0.002899	0.016632
0.021820	-0.001984	0.007172
0.020294	0.003510	-0.001984
0.022736	-0.002899	0.027619
0.005951	0.017853	0.005646
0.021820	0.002594	0.015106
0.016327	-0.010224	0.033722
0.023957	-0.001678	0.003510
0.020294	0.006256	0.007172
0.029450	-0.004730	0.002899
0.047150	-0.008698	-0.005341
0.027619	-0.008392	0.007172
0.028840	-0.011749	0.014801
0.018463	-0.013886	0.023957
0.027619	0.000458	0.013886
0.011139	-0.008087	0.013886
0.018463	-0.012055	0.055085
0.013886	-0.001068	0.009918
0.004120	-0.009613	0.030060
0.012360	0.007172	0.011749
0.010529	-0.008698	0.010834
0.001678	-0.016632	0.007477
-0.007477	-0.010224	0.005341
0.002594	-0.001068	0.016938
0.018463	-0.004730	0.027314
0.006867	-0.001678	0.035248
0.016632	-0.002899	0.027619
0.016327	-0.009918	0.056306
0.013275	-0.006867	0.029755
0.028229	-0.004730	0.017243
0.013275	0.005341	0.063935
0.020600	-0.012665	0.050507
0.019074	0.005035	0.039521
0.010529	0.007477	0.013886
0.019684	0.002289	0.024262
0.020600	0.000153	0.006561
0.012665	-0.007477	0.013581
0.012970	-0.005951	-0.001678
0.024567	-0.003815	0.042573
0.022736	0.009613	0.034028
0.031281	0.008087	0.032502
0.019684	-0.011444	0.029755
0.030976	0.012055	0.022126
0.033112	-0.002899	0.016938
0.022431	-0.017853	0.015717
0.010529	-0.012665	0.023957
0.021210	-0.005646	0.045014
0.025788	-0.005951	0.031281
0.030976	-0.003204	0.023651
0.028229	-0.012360	0.019989
0.031281	-0.012360	-0.003815
0.037690	0.006867	0.009613
0.026093	-0.003815	0.014496
0.030060	-0.003815	-0.021820
0.011749	-0.010834	-0.001373
0.016327	-0.001984	0.017853
0.012055	-0.003204	0.027008
0.023957	0.002594	0.021515
0.017548	-0.004425	0.054170
0.025788	0.004730	0.040131
0.014496	-0.009003	0.017853
0.018463	0.002594	0.059968
0.014496	0.008392	0.051423
0.010529	-0.012665	0.043183
0.013886	-0.012970	0.008392
0.008087	-0.007477	0.032502
0.004425	0.006867	0.023346
0.009613	0.004425	0.028840
0.007172	0.004730	0.028229
0.010224	-0.004120	0.032502
0.016327	-0.004120	0.038300
0.002289	-0.005646	0.025788
0.016632	-0.014191	0.043793
0.028229	0.007172	0.037995
0.032197	0.001373	0.017853
0.024262	-0.009613	0.028229
0.029450	-0.015412	0.036774
0.015717	-0.019989	0.051118
0.028534	-0.022126	0.023041
0.021820	-0.020905	0.012970
0.011444	-0.022431	-0.034943
0.012055	-0.013581	-0.002289
0.010834	-0.006256	0.009613
0.012055	-0.021820	-0.014191
0.011749	0.006256	0.013581
0.010529	0.003510	0.027619
0.015717	-0.005646	0.024872
0.016327	-0.003204	0.019989
0.013275	-0.003510	0.014801
0.019379	-0.004730	0.034028
0.016327	-0.005035	0.017548
0.013581	-0.005341	0.029755
0.008087	-0.003510	0.043488
0.024262	-0.002899	0.054780
0.018769	-0.012055	0.037385
0.027314	0.000153	0.047456
0.019684	0.005646	0.072786
0.026398	0.000763	0.048676
0.019074	0.009308	0.044099
0.017548	0.009613	0.027314
0.016327	-0.009003	0.033417
0.004425	0.002899	0.030365
0.023651	0.005341	-0.001984
0.017853	-0.005035	0.005951
0.009918	0.002594	0.025788
0.014496	0.009003	0.036164
0.020294	0.014496	0.011749
0.010529	-0.006256	0.045319
0.009918	0.004425	0.014191
0.012360	-0.005341	0.014191
-0.001068	-0.008087	0.030671
0.013581	-0.003204	0.029145
0.007782	0.003815	0.045319
0.018158	-0.000153	0.047761
0.018769	-0.002289	0.073091
0.010224	0.007477	0.029450
0.002899	0.003204	0.027008
0.016938	0.007782	0.008392
0.033722	0.001373	0.019684
0.010529	-0.001984	0.017853
0.013275	0.001984	0.016022
0.024567	-0.003815	0.016327
0.022126	-0.014191	0.017243
0.019989	-0.013275	0.000458
0.015106	-0.019379	0.033722
0.015412	-0.005951	0.041047
0.013886	0.000458	0.028840
0.010529	0.009003	0.040436
0.012055	0.012970	0.035248
0.011749	0.008392	0.028840
0.019684	0.002594	0.052949
0.020905	0.000153	0.047456
0.021515	0.008087	0.018158
0.023651	0.011139	0.011444
0.014801	0.004730	0.000153
0.019989	-0.001678	0.005646
0.010529	-0.014496	0.005951
0.012970	-0.008698	0.005646
0.000458	0.004120	0.027008
0.006256	-0.014496	0.012970
0.011139	-0.003510	0.023346
0.015106	0.009918	0.020905
0.023346	-0.024567	0.038911
0.029450	0.000763	0.029145
0.017243	-0.003204	0.032197
0.014191	0.006561	0.046845
0.034943	0.005035	0.041352
0.010224	0.006256	0.035859
0.019074	0.000153	0.050507
0.018158	-0.008087	0.026093
0.023346	-0.004120	0.012360
0.022736	0.000153	0.003815
0.017853	-0.010834	0.001068
0.020294	-0.012970	0.013886
0.015106	0.001678	-0.001984
0.013886	-0.004120	-0.016327
-0.005035	0.001068	0.012360
0.009613	0.006867	0.004730
0.033112	0.013275	0.006867
0.016938	0.009308	0.021820
0.027314	-0.007782	0.014191
0.037079	-0.017853	0.006561
0.032197	0.005035	0.045930
0.004120	-0.008698	0.012055
0.031586	0.006561	0.040436
0.028840	-0.006561	0.043183
0.018463	-0.005646	0.027924
0.013581	0.002594	0.004425
0.017243	0.004730	0.000153
0.016632	-0.010224	-0.006867
0.012665	-0.011749	0.006561
0.023957	-0.009613	0.023957
0.017853	0.001984	0.022431
0.022431	-0.002899	-0.020905
0.017243	-0.002594	-0.013275
0.023346	0.000153	-0.009003
0.030060	0.012970	0.014191
0.014191	-0.005035	0.047456
0.011139	-0.005951	0.028840
0.033417	-0.019989	0.043488
0.023346	-0.011444	0.045624
0.021820	-0.010834	0.043183
0.036164	0.005646	0.019989
0.021515	0.002899	0.036469
0.016632	0.014801	0.024872
0.020905	-0.002899	0.016632
