0.470130	0.036164	-0.412146
0.356298	0.014801	-0.624552
0.262608	0.058442	-0.378271
0.173495	0.009003	-0.336156
0.065766	-0.019684	-0.306859
0.034333	0.022736	-0.155489
0.085298	0.007172	-0.023651
0.088960	-0.001678	0.017243
0.150912	-0.027924	-0.080720
0.088960	-0.048676	-0.055390
-0.018463	-0.027924	-0.006561
0.043488	-0.000458	0.157931
0.073701	-0.012970	0.195163
-0.042573	-0.016938	0.056611
-0.056611	0.022126	-0.024567
-0.121309	0.067292	0.079500
-0.447242	-0.004425	0.131075
-0.622721	-0.081331	0.070344
-0.626993	-0.082246	0.208286
-0.479286	-0.035859	0.355688
-0.163729	-0.011749	0.623026
0.126497	0.032807	0.681315
0.521401	0.089876	0.624552
0.835737	0.121614	0.342870
0.618753	0.045624	-0.270848
0.521706	0.049287	-0.521401
0.304417	0.038300	-0.805219
0.151522	0.016632	-0.610208
0.106661	0.029755	-0.259251
0.080110	0.021515	-0.092012
0.041047	-0.004120	-0.048981
-0.026398	-0.042267	-0.102693
-0.212253	-0.050507	-0.024872
-0.440528	-0.080110	0.006867
-0.500343	-0.038911	0.155184
-0.319066	0.006867	0.212253
-0.119173	0.063630	0.316320
0.061799	0.074922	0.474708
0.291600	0.044404	0.614481
0.423743	0.033112	0.632792
0.365148	-0.041352	0.555276
0.293431	-0.054475	0.346227
0.148165	0.006256	-0.044709
0.129854	0.004425	-0.739300
0.037690	-0.046540	-0.948348
0.018463	-0.002899	-0.623331
-0.033112	-0.016632	-0.516213
-0.040742	-0.066377	-0.329747
-0.028840	-0.036774	-0.107881
0.005035	0.026093	-0.008087
-0.006867	0.030060	-0.033417
-0.162203	0.002594	-0.116732
-0.187839	-0.039826	-0.054170
-0.106050	0.006256	0.003510
-0.034943	-0.028840	-0.004730
-0.026093	-0.054170	-0.008698
0.078584	-0.059358	-0.056611
0.169223	-0.018463	0.089265
0.149996	0.018463	0.148470
0.075532	0.024262	0.189059
0.057527	0.043183	0.207370
0.019379	0.043183	0.166171
0.035859	0.038300	0.151827
0.006867	0.025788	0.182650
0.031281	-0.010224	0.075227
0.012970	-0.025177	0.085603
0.015412	-0.028840	0.099641
0.054780	0.027008	0.162814
0.056611	0.004730	-0.048371
-0.073091	-0.043488	-0.187228
-0.086519	-0.016938	-0.040742
0.006561	0.032807	0.096590
0.056001	-0.012055	0.074617
0.009003	-0.033417	0.120699
-0.018463	-0.031891	0.081331
-0.133516	-0.031586	0.079194
-0.140536	-0.000153	0.084688
-0.121004	-0.017243	-0.016327
-0.081941	-0.036164	0.079194
-0.018769	-0.032502	0.117342
0.143587	-0.020905	0.162509
0.141451	-0.030060	0.165866
0.031586	-0.041352	0.177768
-0.018769	-0.011139	0.151522
-0.111849	-0.017243	-0.043488
-0.096895	-0.003510	-0.200351
0.096590	0.057832	-0.123140
0.134432	0.079805	0.228122
0.135042	0.082246	0.341344
-0.188754	0.049592	0.336156
-0.532998	-0.015412	0.177768
-0.666056	-0.025483	0.101778
-0.650797	-0.032197	0.306249
-0.384375	-0.016938	0.199130
0.086213	0.002899	0.408484
0.501869	0.005341	0.429847
0.823835	0.020294	-0.075837
0.744488	0.034638	-0.521401
0.564736	-0.031586	-1.082017
0.304417	-0.061494	-0.825666
0.200351	-0.031281	-0.326390
0.078584	-0.000153	-0.055085
-0.053864	0.014496	0.031281
-0.054475	0.027619	0.039826
-0.088350	0.044099	0.084077
0.004425	0.027619	-0.022736
0.094453	0.016938	0.004425
0.152743	-0.081331	-0.065156
0.182345	-0.095369	-0.227817
0.102388	-0.038605	-0.124666
0.048371	-0.006561	-0.059663
0.013886	0.030060	0.143587
0.020600	0.006561	0.139925
-0.028229	-0.006256	0.099336
-0.039216	0.000153	0.146334
-0.017548	0.003510	0.095369
0.045624	0.033112	0.211643
0.049897	0.010529	0.164340
0.019074	0.025177	0.273594
0.020905	0.027924	0.073396
-0.017853	0.000153	-0.168307
-0.045014	-0.011139	-0.206760
-0.085908	-0.012055	-0.023041
-0.079500	-0.006256	0.091402
-0.066682	-0.038300	0.037690
-0.095674	-0.063630	-0.046845
-0.001068	-0.034943	-0.077058
0.030671	-0.012970	0.029755
0.022431	-0.034333	0.114900
0.080110	-0.031586	0.162814
0.118563	0.024872	0.276951
0.129244	0.063020	0.137484
0.023957	0.028229	0.162509
-0.029755	-0.004425	0.200351
-0.045014	0.025788	0.135348
0.006256	0.028840	-0.009613
-0.029755	0.008087	-0.022736
-0.101778	-0.013886	0.014801
-0.153353	0.011139	0.083162
-0.030671	0.051728	0.195773
-0.012665	0.053864	0.161288
0.036774	0.046540	0.283055
0.115816	0.029755	0.254978
0.161593	-0.013886	0.082551
0.127413	-0.021515	0.164645
0.029755	-0.035554	0.032807
-0.098421	-0.044099	-0.405432
-0.078584	-0.022126	-0.373083
-0.054780	0.009003	-0.357214
0.096284	0.051118	-0.189364
-0.044709	0.023346	-0.117952
-0.217136	-0.004120	-0.037385
-0.406653	-0.013275	0.145724
-0.407568	-0.081636	0.114595
-0.323033	-0.048981	0.348363
-0.186923	-0.036469	0.371557
0.031891	-0.011139	0.274510
0.313268	-0.005646	0.086519
0.566873	-0.011444	-0.126497
0.538491	-0.022126	-0.581521
0.367895	0.021210	-0.324559
0.236362	0.031891	0.008087
0.145724	-0.016022	-0.017853
-0.191196	-0.045014	-0.101472
-0.346838	-0.027008	-0.076448
-0.312963	0.030060	0.197604
-0.282750	0.034943	0.215305
-0.162814	0.019379	0.159152
-0.037690	0.004425	0.287022
0.346532	0.001984	0.347143
0.510109	0.000153	-0.037385
0.405432	-0.027314	-0.333410
0.269017	-0.020294	-0.321813
0.109407	-0.015412	-0.342260
0.054780	0.018463	-0.177768
0.027619	0.014801	-0.038300
0.010529	-0.012360	-0.027619
-0.025483	0.006867	-0.007782
-0.030976	-0.020294	-0.021820
-0.040436	-0.006561	0.080415
-0.017548	0.038605	0.156405
-0.014801	0.025177	0.096284
-0.083162	-0.012055	0.096590
-0.153048	-0.048676	0.030671
-0.051118	-0.064240	-0.065461
-0.045014	-0.046845	-0.013275
0.031891	0.064851	0.284276
0.056916	0.011139	0.291600
-0.113680	-0.029450	0.150607
-0.059663	-0.048676	-0.023957
0.079805	0.003510	-0.083772
0.041962	-0.003510	0.018769
0.020294	0.000458	-0.023346
0.044099	0.022736	0.063325
0.157626	0.043488	0.111238
0.156405	0.034333	-0.013886
0.019379	0.016632	-0.008698
-0.116732	-0.027619	0.030976
-0.205234	-0.034638	0.026093
-0.192416	0.012665	0.065156
-0.129244	0.006256	0.074006
-0.188144	-0.012665	0.188754
-0.029755	-0.010834	0.196689
0.070954	-0.044099	0.062409
0.030365	-0.036164	0.173495
0.032807	-0.052033	0.123445
0.029450	0.009308	-0.024872
0.226902	0.035554	-0.217746
0.232700	-0.005951	-0.264439
0.194247	0.032807	-0.144808
0.180514	0.024262	-0.273899
0.139925	0.013275	-0.232700
0.233005	0.061189	-0.052644
0.201877	0.066072	0.060273
0.087129	0.041962	0.259251
-0.088350	0.002899	0.283055
-0.132906	-0.023957	0.168917
-0.107881	-0.034638	-0.093538
-0.090181	-0.026093	-0.230564
-0.064546	-0.043183	-0.088045
0.022431	-0.020294	0.117952
0.119173	-0.013275	0.146639
0.181430	-0.037079	0.063630
0.142977	-0.018463	0.178073
0.056306	0.033112	0.294652
-0.022431	-0.026398	0.311131
-0.031281	-0.012665	0.255894
-0.026703	-0.014191	0.117952
-0.039826	0.020294	-0.171054
-0.028840	0.003510	-0.519875
0.012970	-0.009918	-0.478676
0.199130	0.023651	-0.363317
0.131075	0.038911	-0.061189
0.029450	0.026398	0.000458
0.034943	0.027314	0.093843
-0.015717	0.001068	0.124361
-0.013275	0.000153	0.223239
-0.059663	-0.081025	0.195773
-0.124971	-0.069123	0.019989
-0.052338	-0.045930	0.148775
0.019379	-0.001373	0.296788
-0.014801	0.018769	0.253452
-0.133516	-0.033417	-0.011444
-0.162814	-0.011749	-0.086213
-0.218051	-0.030671	0.092317
-0.194247	0.003815	0.200351
-0.136568	-0.013581	-0.011749
-0.038911	-0.022736	-0.285191
0.157015	0.008392	-0.161288
0.220188	0.019074	-0.291295
0.407874	0.065766	-0.127108
0.280919	0.055085	0.037690
0.143893	0.061799	0.148470
0.044099	0.046235	0.154879
-0.026703	0.005035	-0.010834
-0.067903	-0.029450	-0.189670
-0.090181	-0.036469	-0.051728
-0.120699	-0.058442	-0.017548
-0.067903	-0.033112	-0.044099
-0.055390	-0.045930	-0.048676
-0.156710	-0.048371	-0.045014
-0.213169	-0.058137	-0.059052
-0.198215	-0.037079	0.005035
-0.028534	0.013275	0.046845
0.059968	0.043488	0.118868
0.196689	0.045930	0.188449
0.258030	0.047150	0.224155
0.233616	0.058747	0.238499
0.156710	0.049897	0.283360
0.089570	0.025483	0.421302
0.160372	0.051423	0.353552
0.098726	-0.002289	-0.115816
0.100557	-0.029145	-0.148470
0.147860	-0.009613	-0.029755
0.153048	-0.022126	-0.289464
0.049287	0.006561	-0.451209
0.075837	0.038605	-0.303197
0.070344	0.032502	-0.141451
0.007477	0.019074	-0.051728
-0.019989	0.025177	0.077058
-0.003204	-0.015106	0.139315
-0.029450	-0.047456	-0.018463
-0.030060	-0.027619	0.040436
-0.192111	-0.024262	0.049592
-0.310826	-0.030671	-0.024872
-0.243381	-0.029145	0.062715
-0.234836	-0.061799	0.092927
-0.269627	-0.059663	0.157626
-0.155795	-0.014801	0.189670
-0.003204	0.051118	0.321813
0.222629	0.106050	0.444190
0.246128	0.076143	0.174105
0.159762	0.037690	-0.054780
0.158846	0.012360	-0.439612
0.275731	0.012970	-0.240330
0.340429	0.030365	0.148470
0.287938	0.016327	0.292821
0.103304	-0.023651	0.261082
-0.030671	-0.045624	0.253147
-0.113985	-0.091096	0.104219
-0.169528	-0.105745	-0.016327
-0.095979	-0.066072	-0.064851
-0.106966	-0.037079	-0.187228
-0.114290	-0.015106	-0.008087
0.053254	0.055085	0.074922
0.130465	0.061799	0.058442
-0.117342	0.015412	0.158236
-0.520485	-0.002594	0.382544
-0.562905	-0.021515	0.283665
-0.508583	-0.059052	-0.174411
-0.373999	-0.058442	-0.212253
-0.091096	-0.035554	-0.083772
0.348669	-0.030060	-0.207370
0.740520	-0.024567	-0.440528
0.566567	0.005646	-0.617838
0.292515	0.051118	-0.363012
0.153964	0.036164	-0.174716
0.071260	0.002289	-0.132906
0.119783	0.009003	-0.225681
0.113985	0.045014	-0.151827
0.269627	0.072175	0.001678
0.290684	0.052949	0.128023
0.204318	0.036774	0.147250
0.137179	0.022431	0.154879
0.056306	-0.005341	0.182956
0.022431	-0.017548	0.219272
-0.010834	-0.030976	0.147250
-0.030976	-0.024872	0.025483
-0.022126	-0.032197	-0.012360
-0.021820	0.006561	0.111543
-0.055085	0.011749	0.008087
-0.125887	-0.004730	0.008087
-0.281834	-0.027924	-0.072175
-0.236362	-0.028229	0.060273
-0.139315	-0.003204	0.188449
-0.051423	-0.002594	0.202182
-0.029755	-0.054170	0.111543
0.212558	0.056306	0.232700
0.260472	0.036774	0.244602
0.154269	0.037690	0.099031
0.078279	-0.025788	-0.020600
0.015106	-0.056916	0.053559
0.013275	-0.023041	0.277562
-0.020600	-0.017853	0.204318
-0.033112	-0.040742	-0.001678
-0.063325	-0.031586	-0.345006
-0.003815	-0.039521	-0.337377
0.052949	-0.027619	-0.316930
0.058747	0.013275	-0.191501
0.041047	0.017243	-0.083467
0.076753	0.066987	0.069123
0.087434	0.068208	0.102693
0.077363	0.022736	0.151522
0.049592	0.013886	0.153964
0.051728	0.011749	0.305333
0.031891	0.010529	0.451209
0.017243	0.025177	0.479896
-0.006867	-0.018463	-0.063020
0.010529	-0.010529	-0.349279
-0.034333	-0.002289	-0.229648
-0.090791	-0.030060	-0.080110
-0.118257	-0.045014	-0.262913
-0.156710	-0.081941	-0.382238
-0.121920	-0.042267	-0.194858
-0.075227	-0.004120	-0.047150
-0.057832	0.001373	-0.059358
0.125887	0.064851	-0.008087
0.071870	0.051118	0.061189
-0.159762	0.009003	0.102388
-0.290379	0.003815	0.177768
-0.316930	-0.016632	0.202182
-0.161593	-0.010834	0.315709
0.038605	0.039216	0.530861
0.152132	0.005951	0.461585
0.457008	0.004120	0.275731
0.363928	-0.030671	-0.394446
0.371252	0.011139	-0.620279
0.221714	0.013886	-0.539101
0.088960	0.000153	-0.378271
-0.048371	-0.025483	-0.155184
-0.156405	-0.040742	-0.066987
-0.354772	-0.065461	-0.034028
-0.371557	-0.048066	0.046540
-0.329747	-0.048676	0.136568
-0.136568	-0.035248	0.100862
0.155489	-0.003510	0.153964
0.427405	0.040742	0.251926
0.383154	0.034943	0.215000
0.373388	0.042573	0.125582
0.135348	0.009918	-0.090791
0.070954	0.033417	-0.125277
0.010224	0.058747	-0.077974
0.030976	0.056916	-0.108797
-0.052338	0.049592	-0.026703
-0.024262	0.036164	0.182956
0.046845	0.057221	0.303807
0.141146	0.034333	0.301061
0.091402	-0.004425	0.194858
0.083162	-0.027619	0.126802
0.207980	-0.015717	-0.000763
0.045014	-0.025788	-0.046235
-0.048066	-0.022431	-0.161593
-0.048371	-0.034943	-0.218357
-0.030060	-0.012970	-0.158236
-0.083467	0.013886	-0.011749
-0.088655	0.013275	0.077058
-0.044099	-0.002899	0.139315
0.109102	0.039521	0.225071
0.093233	0.055390	0.345922
0.044404	0.020600	0.182345
0.027924	0.014191	0.181430
0.011444	0.004730	0.107881
0.017243	-0.043183	-0.192416
0.020600	-0.000763	-0.234226
0.005341	-0.008087	-0.429847
-0.030976	-0.025483	-0.418860
-0.021210	0.033417	0.009308
-0.068818	0.053864	0.149386
-0.138399	-0.015717	0.071565
-0.041962	0.007477	0.045624
0.020905	0.014191	0.032807
-0.015412	0.007477	0.069429
-0.010529	-0.036164	0.153353
0.067292	-0.016022	0.209201
0.121920	0.032502	0.166476
0.071565	0.021515	0.060273
0.006867	-0.002899	0.035248
-0.031281	0.001984	0.092012
-0.141451	-0.004120	-0.142367
-0.205539	0.018769	-0.146029
-0.395972	0.020600	-0.145418
-0.355688	0.048066	-0.195163
-0.189059	0.043488	-0.160372
0.038300	0.071565	0.019379
0.132601	0.041352	0.043183
0.253147	-0.012055	-0.170443
0.489662	0.001984	-0.097505
0.410315	0.001678	0.030671
0.254673	0.015717	0.074617
0.202792	0.044404	0.012360
0.145724	0.056611	0.138399
0.068208	0.001678	0.089265
0.013275	-0.023041	0.074617
0.030976	0.000153	0.155795
0.065461	0.002594	0.122835
0.037385	0.008698	0.294041
-0.028229	-0.027314	0.347753
-0.111543	-0.063325	0.238193
-0.248264	-0.049592	0.185397
-0.224155	-0.037690	0.176242
-0.167697	-0.032197	-0.114290
-0.024262	0.017243	-0.309911
0.055695	0.028840	-0.047150
0.114900	0.020600	0.215305
0.118257	-0.021515	0.095674
-0.011749	-0.058442	0.087739
-0.003815	-0.018158	0.269017
0.000763	-0.032197	-0.026703
0.088655	-0.005035	-0.422217
0.218967	0.014191	-0.370336
0.113680	0.027008	-0.180514
0.106661	0.059968	-0.061189
0.095674	0.061189	-0.131685
0.007782	0.034333	-0.165866
-0.029755	0.017853	-0.037385
-0.051728	0.004425	-0.016327
-0.014496	0.018463	-0.007477
0.054780	0.041047	0.039521
0.025483	0.015412	0.098726
-0.025177	-0.047150	0.086519
-0.034943	-0.046540	0.202487
-0.268101	-0.062104	0.176547
-0.337682	0.005341	0.212558
-0.205539	0.081636	0.403296
-0.118563	0.085603	0.430762
-0.080110	0.012360	-0.276341
0.016327	0.002899	-0.461891
0.224765	0.016022	-0.164034
0.453956	0.030365	-0.108797
0.349279	-0.022736	-0.064240
0.208896	-0.029755	-0.014496
0.136873	0.004425	0.141756
0.077974	-0.003204	0.252232
-0.009003	-0.030976	0.446326
-0.139620	-0.003815	0.533913
-0.156100	0.001373	0.437476
-0.182650	-0.023346	0.096284
-0.127413	0.005035	-0.390478
-0.061494	0.025483	-0.613565
0.002594	0.079194	-0.182956
0.024262	0.054170	-0.008698
0.147555	0.009003	-0.087129
0.011749	-0.029145	-0.050507
-0.140536	-0.005646	0.063630
-0.161288	-0.009308	-0.041352
-0.052033	-0.011444	-0.219883
0.146029	0.036774	-0.058747
0.155489	0.066682	0.158846
0.236667	0.055390	0.295872
0.219577	0.064240	0.299229
0.133516	0.009308	0.270237
0.133516	-0.009918	0.185702
0.095979	-0.028840	-0.099031
0.038605	-0.035248	-0.339208
-0.108492	-0.051118	-0.358740
-0.311437	-0.073396	-0.205234
-0.390478	-0.081941	-0.102388
-0.434730	-0.077668	0.076448
-0.339513	-0.032502	0.159762
-0.149996	0.045319	0.175021
0.243076	0.124971	0.359350
0.482948	0.108797	0.418250
0.396277	0.058137	0.273899
0.246738	0.029145	0.142672
0.142061	0.027008	0.074922
0.159457	0.018769	0.015717
0.199130	0.004120	-0.229038
0.105135	-0.018769	-0.512245
0.104524	-0.033417	-0.325475
0.114290	-0.017243	0.000153
0.034333	-0.035554	0.155795
-0.029450	-0.084077	0.096590
-0.012970	-0.027924	-0.010834
-0.049287	-0.050813	0.001984
0.018463	0.013581	-0.005646
-0.031891	0.012970	-0.115511
0.000458	0.004120	-0.220493
0.079194	0.056611	-0.152132
0.068818	0.014801	-0.081941
0.058747	0.009613	0.102388
0.044404	0.005646	0.185092
0.008392	0.036164	0.305638
-0.069429	0.021820	0.243076
-0.107576	-0.006867	0.228733
-0.115206	0.001678	0.202487
-0.112459	-0.045014	-0.088960
-0.099336	-0.033417	0.049897
-0.049287	-0.015412	0.228733
0.031281	0.006867	0.350805
0.069429	0.003204	0.303197
0.092317	0.025483	-0.053864
0.093538	0.062104	-0.155795
0.098116	0.009613	-0.201877
0.053864	-0.013581	-0.406043
0.070039	0.015106	-0.409400
0.012055	-0.007782	-0.248875
0.046845	0.005646	-0.126497
0.054170	-0.013886	-0.084993
0.034943	-0.005646	-0.242161
0.036469	0.014801	-0.055085
-0.078279	-0.006256	0.012665
-0.172580	-0.073701	-0.084077
-0.196384	-0.035248	0.102083
-0.138094	-0.011749	0.155184
-0.114900	-0.001984	0.125887
-0.059052	0.031586	0.178988
-0.010529	0.032197	0.211032
0.051728	0.088045	0.254368
0.030671	0.058442	0.312657
0.026398	0.067292	0.464637
0.010529	0.062104	0.493629
-0.000153	0.009308	0.188754
0.186313	-0.041352	-0.350500
0.253758	-0.028840	-0.311131
0.249180	-0.024262	-0.157931
0.123140	-0.039521	-0.279088
0.066987	0.005341	-0.128328
0.012360	-0.019074	-0.221714
-0.041962	-0.026093	-0.111238
0.006867	0.031891	-0.029755
0.119478	0.017548	-0.004730
0.074311	-0.001678	0.093538
0.051118	0.008392	0.212863
0.068208	0.010529	0.205539
0.066377	0.007172	0.257725
-0.009918	0.042573	0.345006
-0.025483	0.055085	0.409705
-0.040742	-0.007477	0.188144
-0.219577	-0.045624	-0.002289
-0.503395	-0.036164	-0.134127
-0.480201	-0.059358	-0.283970
-0.400855	-0.085908	-0.254673
-0.313878	-0.129244	-0.394141
-0.179599	-0.095674	-0.209812
0.094148	-0.037385	-0.083162
0.589151	-0.010834	-0.090486
0.696269	0.020905	0.012360
0.384375	0.022736	-0.009613
0.110323	0.004120	-0.055390
-0.005035	0.021515	0.069734
0.043183	0.019074	0.158846
0.157321	0.043183	0.284276
0.229038	0.067292	0.282444
0.243687	0.055085	0.337987
0.138399	0.053864	0.290990
0.057527	0.063630	0.228733
0.005646	0.016327	-0.051423
-0.021210	0.013275	-0.109407
0.046235	0.021515	-0.070039
-0.024262	-0.015106	-0.262608
-0.022126	-0.027924	-0.321813
0.025177	-0.030976	-0.253452
0.040436	0.012970	0.009918
0.009003	0.015717	0.099031
-0.021210	0.052338	0.058442
-0.062409	-0.010529	0.053559
-0.050202	-0.017548	0.142672
0.019684	-0.002899	0.117037
-0.014191	-0.034028	-0.158236
0.007782	-0.040131	-0.124361
-0.020294	-0.031586	0.103914
-0.060578	0.030060	0.337682
-0.056916	0.054475	0.372778
-0.059968	0.035554	0.433204
-0.026093	0.008698	0.151522
0.016022	0.013275	-0.253147
-0.079500	0.011139	-0.303502
-0.024872	0.023957	-0.097810
-0.047456	0.035859	0.038911
-0.102693	-0.002594	-0.111849
-0.122225	-0.022431	-0.241245
-0.057527	-0.014191	0.047761
0.060578	-0.032197	0.240330
0.136873	0.022736	0.204623
0.231785	0.036164	0.176242
0.287633	-0.003815	0.014191
0.183871	0.002899	-0.109407
0.081331	0.011749	-0.182650
0.108186	0.033722	0.005951
0.048066	0.026093	-0.104524
-0.060273	0.007782	-0.275731
-0.217746	-0.020294	-0.179294
-0.259861	-0.033112	0.038911
-0.279393	-0.084688	-0.029145
-0.351110	-0.103304	-0.158846
-0.305638	-0.062104	-0.000458
-0.151522	-0.037079	0.075532
0.121309	0.005341	0.224155
0.098421	0.019684	0.352026
-0.159152	-0.008698	0.336156
-0.029450	0.021515	0.310216
0.014801	0.045319	0.383154
0.114290	0.075837	0.457008
0.410010	0.063020	0.011139
0.411536	0.063325	-0.724346
0.469215	0.083162	-0.364538
0.308385	0.060273	-0.075227
0.189059	0.033112	-0.188144
0.123445	0.005646	-0.330053
0.140536	-0.023957	-0.283055
0.111543	-0.041352	-0.110628
0.037385	-0.029755	0.087129
-0.047761	-0.018158	0.016632
-0.062715	-0.022126	0.056916
-0.034333	-0.006561	0.037995
-0.024872	-0.017853	0.038300
-0.005951	0.016938	0.119173
-0.001373	0.048371	0.155184
0.060273	0.026093	0.225376
0.041047	-0.005341	0.224155
0.005341	-0.016327	0.171969
-0.032807	-0.027314	0.074006
-0.079805	-0.024262	0.011749
-0.101472	-0.038605	0.019989
-0.079500	-0.053559	0.076143
-0.037995	-0.025177	0.063020
-0.001984	-0.035248	0.101167
0.046540	0.005035	0.148470
0.067597	0.032197	0.125277
0.032197	0.010834	0.051118
0.041657	0.039521	0.025483
0.042267	0.037079	-0.077668
0.082551	0.024262	-0.054170
0.057832	0.029755	0.030365
0.043793	0.016938	0.039521
0.040436	0.009003	-0.065156
0.023346	-0.009613	-0.259861
0.007477	-0.012360	-0.254368
-0.005646	-0.011749	-0.167697
-0.011139	-0.042573	-0.155489
-0.100862	-0.043793	-0.117342
-0.219883	-0.060578	-0.135653
-0.254978	-0.049897	-0.043183
-0.259556	-0.025483	0.075837
-0.198520	-0.025483	0.121920
-0.101167	-0.037995	0.155489
0.085298	-0.041352	0.337987
0.294041	-0.019379	0.346838
0.301061	0.025788	0.211948
0.151522	-0.021820	0.011749
0.091096	0.019379	0.114900
0.079194	0.026398	0.105745
0.046235	0.022736	-0.077668
-0.164034	0.007477	-0.473487
-0.318151	-0.015106	-0.352941
-0.347143	-0.048066	-0.247959
-0.229953	-0.017243	-0.139010
-0.006256	0.018769	-0.073396
0.136873	-0.021820	-0.129854
0.356909	-0.018463	-0.036164
0.445716	0.036469	0.026398
0.342565	0.037690	0.156100
0.216220	0.008087	0.156710
0.158541	0.029755	0.309911
0.130770	0.005646	0.391089
0.080720	0.011444	0.428321
0.019684	-0.021820	0.278477
0.006561	-0.006256	0.208896
0.000763	0.006256	-0.066987
0.013886	0.017243	-0.094759
0.030671	-0.014801	-0.396582
0.034333	-0.007477	-0.231174
0.004120	0.015106	-0.065156
0.048371	0.043793	0.043488
0.020905	0.016022	-0.086519
-0.014191	-0.001984	0.028229
-0.002899	0.005341	0.191196
-0.004120	0.022126	0.314794
0.043488	-0.027314	0.294652
-0.025483	-0.018463	0.403296
-0.119173	0.017853	0.363928
-0.169528	-0.010529	0.018158
-0.213169	-0.054170	-0.349889
-0.243687	-0.034028	-0.567178
-0.174105	0.004730	-0.404211
0.038911	-0.008087	-0.400855
0.200351	0.012055	-0.126497
0.134432	-0.012360	-0.091707
0.103609	0.004425	0.045014
0.124666	-0.035554	0.090791
0.186618	-0.018463	0.153964
0.095674	0.012055	0.138094
0.012665	0.036164	0.169528
0.002899	0.002289	0.074617
0.030060	0.016632	0.154574
0.037079	0.037079	0.265965
0.043793	0.017853	0.122530
0.098421	-0.005035	-0.114290
0.075227	-0.001373	-0.236362
-0.009918	-0.008087	-0.112459
-0.073396	-0.031891	-0.032502
-0.088655	-0.029145	0.036774
-0.059052	-0.013886	0.110628
-0.044709	-0.020905	0.033722
0.006867	-0.009613	0.009308
0.056306	-0.002594	0.012970
0.084993	-0.008392	0.106661
-0.053864	-0.050813	0.109407
-0.117342	-0.059663	0.037995
-0.028534	0.010529	0.109102
-0.031891	0.043488	0.125887
0.153353	0.063325	0.207065
0.105745	0.047456	0.156710
0.117342	0.030976	0.144808
0.093538	0.018158	-0.107881
0.037995	-0.001068	-0.305943
0.071870	0.013581	-0.058442
0.081025	0.009003	0.049592
-0.030976	-0.033722	-0.146639
-0.037079	-0.038911	-0.239109
-0.047150	-0.058747	-0.259251
-0.048371	-0.028229	0.006867
-0.065156	-0.052338	0.050813
-0.003510	-0.001984	0.171664
0.159457	0.030060	0.364538
0.142977	0.059968	0.714275
-0.082551	-0.008698	0.528420
-0.232395	0.021515	0.522927
-0.262913	0.033112	0.523842
-0.242161	-0.008087	0.142672
-0.124056	-0.043488	-0.282444
0.027619	-0.056001	-0.633402
0.196078	-0.060883	-0.853742
0.109712	-0.064851	-0.488136
0.152132	-0.017243	-0.312963
0.101778	-0.007782	-0.200351
0.171664	0.018463	-0.056611
0.233616	0.049287	-0.065461
0.330358	0.039826	-0.173190
0.146639	0.023346	-0.119173
-0.001984	-0.028840	-0.045319
0.035248	0.026398	0.125887
0.090181	0.018158	0.139010
0.124666	0.020294	0.105745
0.081636	0.006256	0.080415
0.066072	0.013886	0.139925
0.090791	0.048371	0.221714
0.096284	0.010834	0.102998
0.022431	0.025177	0.110933
0.052949	0.040131	0.201572
0.016938	0.012970	0.179294
-0.026398	-0.009308	0.187839
-0.048371	0.009003	0.352026
-0.035248	0.004120	0.444190
-0.021515	-0.003204	0.267491
0.001984	-0.012360	-0.082856
0.041352	-0.021210	-0.267185
-0.029450	-0.053559	-0.401770
-0.042267	-0.063020	-0.558328
-0.102388	-0.059663	-0.484169
-0.099336	-0.036774	-0.193942
-0.099947	0.030671	-0.003510
0.045014	0.031891	0.077058
0.113680	-0.012055	0.017243
0.166171	-0.006867	-0.033722
0.016022	-0.012055	-0.043488
-0.045319	-0.030365	-0.033112
-0.099031	-0.030060	0.006256
-0.091707	0.016022	0.178683
-0.011139	0.005951	0.135042
0.041657	-0.023041	0.064546
0.115511	0.036774	0.101472
0.214389	0.058137	0.142977
0.217136	-0.011749	0.000153
0.205844	0.002594	0.095369
0.036469	-0.033112	0.057527
-0.110628	-0.070649	-0.081331
-0.168002	-0.081025	-0.057832
-0.245518	-0.075532	0.024567
-0.247959	-0.047761	0.157626
-0.127108	0.018158	0.231174
-0.029450	0.048676	0.349889
0.084993	-0.003510	0.151217
0.228733	0.043793	0.075532
0.267491	0.118868	0.211032
0.296788	0.103609	0.039826
0.202792	0.044099	-0.091402
0.168307	0.018769	-0.080415
0.082246	-0.004730	-0.024262
-0.015412	0.009918	0.242161
-0.102083	0.015412	0.442664
-0.200961	-0.024262	0.338598
-0.308080	-0.081025	-0.079194
-0.429236	-0.136263	0.035859
-0.330358	-0.110933	0.308385
-0.124971	-0.078889	0.194247
-0.040131	-0.052338	-0.255589
0.080720	0.013275	-0.130770
0.328832	0.027314	-0.296788
0.537881	0.033112	-0.420691
0.434730	0.045014	-0.514076
0.235142	0.078279	-0.407263
0.148775	0.077668	-0.208286
0.105135	0.051423	-0.102083
0.048371	0.014191	-0.065156
0.012665	-0.040742	-0.092317
-0.007782	-0.034943	0.007477
-0.044099	0.019074	0.204013
-0.068208	-0.005035	0.097200
-0.149996	-0.012055	0.205539
-0.189364	-0.016938	0.210117
-0.196384	0.008087	0.284581
-0.087434	0.029450	0.329137
-0.050813	0.073396	0.368505
0.090486	0.074922	0.051118
0.167391	0.030060	-0.187839
0.294347	0.005035	-0.312963
0.211948	0.019684	-0.229343
0.233921	0.012360	-0.043183
0.056001	0.001373	0.029145
-0.047761	-0.002289	0.072175
-0.068208	-0.009308	0.134127
-0.030976	-0.013581	0.172274
-0.088045	-0.015106	0.126497
-0.070344	-0.026703	0.131075
-0.044404	-0.063325	0.050202
-0.042573	-0.028229	0.151217
-0.109712	0.015412	0.124361
-0.056916	0.015412	-0.164034
0.099947	-0.009918	-0.259556
0.219272	-0.016632	-0.196994
0.229953	0.006256	-0.082856
0.145418	0.023957	0.010529
-0.066072	0.025177	0.039826
-0.255894	0.018769	0.151827
-0.301061	-0.019989	0.102998
-0.259251	-0.031586	-0.010834
-0.191806	-0.055390	-0.017548
0.094759	-0.014191	-0.005035
0.464637	0.052949	0.081636
0.508583	0.022736	0.096284
0.224460	-0.045014	0.012055
0.069734	-0.050813	-0.005646
-0.044709	-0.034638	0.051118
-0.096284	0.012055	-0.072175
-0.059663	0.052949	0.039826
-0.044709	0.042573	0.135958
-0.028229	-0.000763	0.146029
0.001678	-0.024567	0.168917
0.031891	-0.009003	0.271153
0.005035	-0.013581	0.261387
-0.027619	-0.043793	-0.165560
-0.063935	-0.018769	-0.276036
-0.054475	-0.021515	-0.233310
-0.040436	-0.026093	-0.066987
0.074311	0.040131	0.288548
0.079500	-0.015412	0.022431
-0.003510	-0.043488	-0.026398
-0.026398	-0.001068	0.095369
0.030671	0.036164	0.109712
0.116121	0.020600	-0.319066
0.204013	0.029145	-0.243381
0.196689	0.019989	-0.148470
0.300145	0.012055	0.052338
0.202792	0.004120	0.019379
0.029755	-0.025788	0.013275
0.008698	0.016022	0.059358
0.015717	0.021210	0.083772
0.037995	0.033112	0.139010
0.009308	0.030365	0.198520
-0.122530	0.009918	0.217441
-0.167086	-0.041657	0.116732
-0.148165	-0.043183	0.048371
-0.091402	-0.008392	0.130770
-0.055085	-0.048676	-0.115511
0.089876	-0.015717	-0.482948
0.322423	0.048371	-0.372778
0.318761	-0.006256	-0.263523
0.160372	0.008698	-0.073396
0.025177	0.005035	-0.020294
-0.066377	-0.039521	-0.072480
-0.008087	0.020600	0.091707
0.052949	0.039521	0.155184
-0.018158	0.019989	0.149386
-0.141146	-0.020905	0.124971
-0.150301	-0.049897	0.064546
-0.071260	-0.016327	0.157015
-0.001984	-0.027619	0.116426
0.049592	-0.032807	0.130770
0.100862	-0.031891	0.062715
0.109102	-0.026703	0.042573
0.035859	0.016938	0.150912
-0.108186	0.022431	0.058747
-0.149996	0.049897	0.144198
-0.059052	0.016327	0.081636
-0.157626	-0.020905	-0.117342
-0.251621	-0.030671	-0.102693
-0.250706	-0.047150	-0.177462
-0.120089	0.001373	-0.083467
0.084382	0.081025	0.215915
0.209506	0.117647	0.429847
0.449378	0.074006	0.486915
0.410315	0.031281	0.457313
0.288548	0.010529	0.383764
0.105745	-0.032197	0.284276
0.056916	-0.019379	-0.138399
0.018158	-0.028534	-0.491798
0.020600	-0.047761	-0.583047
0.074006	-0.051118	-0.475013
0.035248	-0.030671	-0.308385
0.039826	0.005035	-0.247654
0.004425	0.045624	-0.173800
-0.004425	0.037079	0.022431
0.042573	0.053559	0.018769
-0.086824	-0.015106	-0.052644
-0.213779	-0.047456	-0.050507
-0.313573	-0.023651	-0.053559
-0.268406	-0.001068	0.056306
-0.147250	0.004425	0.077668
-0.005035	0.025483	0.092012
0.218662	0.010529	0.136263
0.201877	-0.020905	0.195163
0.143587	-0.036469	0.175021
0.108186	-0.045319	0.221714
-0.080415	-0.068818	0.180514
-0.198520	-0.043183	0.303502
-0.225071	0.016022	0.373388
0.027924	0.109712	0.386206
0.092317	0.088045	0.132906
0.103304	0.063935	-0.197604
0.224765	0.025177	-0.134127
0.219272	-0.009918	-0.327916
0.099336	-0.008087	-0.219883
0.012665	-0.018463	-0.127413
0.080720	0.019074	-0.102388
0.008087	0.010224	-0.016327
-0.088045	-0.023651	0.095674
-0.108797	-0.011444	0.170748
-0.040742	-0.013886	0.205234
0.027924	0.012360	0.099336
0.103609	0.011139	-0.159762
0.203098	-0.002594	-0.013275
0.285801	-0.010224	-0.029755
0.229953	0.008392	-0.237583
0.160678	-0.001984	-0.215305
0.082551	-0.025483	-0.064851
0.011139	-0.035248	-0.024872
-0.141756	-0.014801	0.038605
-0.398108	-0.011444	0.113069
-0.464637	0.001068	0.153048
-0.383764	0.000458	0.108492
-0.195163	-0.025483	0.016632
0.225071	0.035859	0.147860
0.573892	0.048676	0.171054
0.465858	0.012970	0.070039
0.201572	-0.041352	-0.173190
0.068513	-0.012665	-0.036164
-0.086824	-0.034333	0.110018
-0.133516	-0.009613	0.173190
-0.077974	0.013886	0.063325
-0.014191	0.015717	0.011749
0.069734	0.052338	0.076448
0.083162	0.019989	-0.026398
0.108186	0.013886	-0.058442
0.208591	-0.000153	-0.136873
0.143282	-0.008698	-0.053254
0.035554	-0.019684	0.242161
-0.055390	-0.047150	0.113375
-0.101778	-0.065766	-0.175326
-0.095674	-0.084382	-0.281529
-0.082246	-0.056306	-0.155795
-0.138705	-0.010529	0.010529
-0.092317	0.030060	0.077668
0.009003	0.069123	0.201572
0.003204	0.054780	0.153353
0.031281	0.058747	0.138705
0.102083	0.015412	0.032197
0.161593	-0.004425	-0.114290
0.128634	-0.029145	0.016938
0.060273	-0.081331	-0.012665
0.015717	-0.062104	0.106661
-0.006561	-0.030976	0.107881
-0.153964	-0.015717	0.124056
-0.059358	0.064851	0.138094
0.013581	0.077363	-0.106661
-0.115816	0.030060	-0.102083
-0.292821	-0.052949	-0.083162
-0.283055	-0.024872	0.077058
-0.213474	-0.030365	0.154269
0.030671	0.023041	0.201877
0.092927	-0.003815	0.138705
0.162203	0.046235	0.175021
0.290684	0.010834	-0.222324
0.423133	-0.028229	-0.253758
0.366979	0.018463	0.037690
0.193332	0.011749	0.081941
0.080415	0.012970	0.011749
0.053254	0.022431	0.040131
0.031586	0.013275	0.130159
0.024262	0.005646	0.067903
0.057221	0.010529	0.055695
0.045930	0.002899	-0.174716
0.066377	-0.001373	-0.309606
0.005341	-0.006867	-0.103914
0.006561	-0.006256	0.050813
0.002899	-0.024567	0.159762
-0.011749	-0.030671	0.290379
-0.070344	-0.052033	0.294347
-0.191196	-0.070344	0.081636
-0.292515	-0.128939	-0.339818
-0.238804	-0.066987	-0.393530
-0.183261	-0.027008	-0.257115
-0.019989	0.027314	-0.027619
0.205539	0.045014	0.021820
0.314488	0.047761	0.028534
0.309300	0.054170	0.089876
0.173800	-0.002289	0.105745
0.037690	0.006256	0.044709
-0.214694	-0.037995	0.123445
-0.255589	0.023041	0.350195
-0.266880	0.009308	0.241855
-0.261082	-0.030671	0.124056
-0.131685	-0.026703	0.146639
-0.110018	-0.063020	-0.081941
0.099031	0.005951	-0.169528
0.311131	0.001068	-0.266575
0.218967	0.012970	-0.193332
0.276646	0.019684	-0.083162
0.245518	-0.003510	0.057832
0.189670	0.042573	0.291905
0.206455	0.045014	0.279393
0.171054	0.042878	0.147555
0.033112	0.021820	0.003510
-0.039216	0.011139	-0.086824
-0.050507	0.011444	-0.179599
-0.097200	0.023651	0.060578
-0.190890	0.004730	0.121004
-0.075227	-0.009308	0.157321
-0.111849	-0.064851	0.176242
-0.110628	-0.129244	0.046845
-0.081941	-0.117647	0.205539
0.014496	-0.050202	0.313878
0.226902	0.068513	0.373388
0.269627	0.133516	0.200656
0.084688	0.081941	-0.080415
0.013581	0.029145	-0.291600
0.046235	0.000458	-0.312963
0.099947	0.001068	-0.575723
0.155795	0.022126	-0.428321
0.200656	0.031891	-0.196078
0.080110	-0.011139	-0.065461
0.009308	-0.044709	-0.200046
-0.003815	-0.019684	-0.135042
-0.021820	-0.030671	-0.029450
-0.019684	-0.035859	0.121309
-0.024567	-0.052949	0.112154
-0.029145	-0.018158	0.223239
-0.040742	0.033417	0.312047
-0.039521	0.058137	0.430457
0.037690	0.050813	0.415808
-0.005646	-0.008392	0.270848
-0.114900	-0.005951	-0.027008
-0.077668	-0.032502	-0.225376
-0.078584	-0.015106	-0.339818
-0.019989	0.004120	-0.424964
-0.014191	-0.013275	-0.242161
0.069734	0.033722	0.018158
0.112154	0.025788	0.068818
-0.035554	-0.009003	0.048676
-0.157931	-0.044709	0.036469
-0.182956	-0.077058	-0.048371
-0.167391	-0.029145	-0.033722
-0.088045	0.035248	0.003510
0.160372	0.024872	0.006561
0.392615	0.074922	0.064546
0.284276	0.045930	0.077974
0.216831	0.023041	0.159152
0.157626	0.014191	0.344091
0.121309	0.039826	0.573281
0.043488	0.017243	0.532998
-0.034333	0.010834	0.495155
-0.059968	-0.022431	0.340124
-0.023957	-0.066987	-0.259251
-0.080415	-0.164340	-0.652323
-0.262303	-0.104219	-0.303197
-0.207065	-0.056611	-0.111543
-0.152743	-0.082551	-0.131685
-0.089876	-0.050507	-0.056001
-0.075227	0.029450	0.101167
0.165866	0.058747	-0.033417
0.179904	0.089876	-0.182040
0.089570	0.053559	-0.164034
-0.041352	0.049592	-0.016632
-0.129549	0.018463	-0.139925
-0.108186	0.005035	-0.127413
0.025483	0.025788	0.044709
0.143893	0.014496	0.083772
0.073091	-0.016327	0.078279
0.058137	-0.047150	0.059663
0.072786	-0.017548	0.044404
0.000153	-0.012360	-0.022126
-0.048676	0.008392	-0.034943
-0.139925	-0.017853	0.151217
-0.031891	0.050202	0.277867
0.019989	0.032197	0.275731
0.079500	0.030365	0.301061
0.161593	0.053864	0.388342
0.302281	0.037690	0.227817
0.506447	0.037385	0.254978
0.213779	-0.034638	0.146029
0.043793	-0.006867	0.233310
-0.036469	-0.064240	-0.037385
-0.013886	-0.048371	-0.213169
0.022736	-0.026703	-0.453040
0.042878	0.023957	-0.197299
0.009918	0.015412	-0.096284
-0.048676	-0.020905	-0.162509
-0.128328	-0.012970	-0.224765
-0.156405	-0.016938	-0.313878
-0.095369	0.002899	-0.152743
-0.048066	-0.012055	-0.023957
0.028840	-0.023957	0.026398
0.059052	-0.008698	0.077974
0.123751	-0.006867	0.191806
-0.025483	-0.022126	0.158236
-0.060578	-0.024262	0.051423
-0.001984	0.028534	-0.069429
0.139010	0.071870	0.006256
0.199741	0.049287	0.067597
0.127718	0.030976	0.098116
0.064240	0.004120	0.047761
0.012055	-0.012970	0.139010
0.061494	-0.022736	0.181125
0.063325	-0.044709	0.312047
0.018158	-0.044709	0.394751
0.044709	-0.023957	0.352941
0.018769	-0.019989	0.383764
-0.041657	0.010224	0.181125
-0.027924	0.001068	-0.219883
0.061189	0.025483	-0.531472
-0.019989	0.005951	-0.658427
-0.045930	0.005341	-0.471656
-0.109712	-0.041352	-0.283055
-0.292515	-0.104829	-0.182040
-0.409400	-0.123140	-0.068208
-0.413062	-0.090181	0.117647
-0.349279	-0.078889	0.148165
-0.105135	-0.000458	0.157015
0.310521	0.092927	0.249485
0.444495	0.161288	0.267796
0.470130	0.184482	0.209812
0.255283	0.058747	-0.077058
0.079500	0.048371	-0.173800
-0.021820	0.069123	-0.089265
0.002594	-0.005951	-0.158236
0.003815	-0.032502	-0.153048
0.057527	0.010224	0.075837
0.015106	-0.015717	0.144808
-0.031891	-0.027008	0.003815
0.007477	-0.056306	0.013581
0.012360	-0.034333	0.077363
0.112764	0.001068	0.113069
0.162814	-0.005341	-0.027619
0.301366	0.058137	-0.137179
0.235142	0.020905	-0.158846
0.113985	0.020905	0.022431
0.059052	0.005035	0.180819
0.009613	-0.011749	0.303502
-0.005341	-0.026398	0.434119
0.000763	-0.007782	0.537575
-0.104219	-0.048981	0.121920
-0.135348	-0.011749	-0.342870
-0.186923	-0.000763	-0.181125
-0.199435	0.028840	-0.093233
-0.133516	-0.017243	-0.264134
-0.017853	-0.005646	-0.401770
0.121920	0.003815	0.024872
0.115816	-0.009918	-0.032807
0.220188	0.006867	-0.084688
0.290990	-0.013886	-0.098116
0.223545	-0.033417	-0.039216
0.100557	0.003204	-0.033112
0.022126	0.011139	-0.052033
-0.041962	-0.016022	-0.034638
-0.153353	-0.054780	-0.114595
-0.137484	-0.041962	-0.028840
-0.059663	-0.000153	0.088045
-0.043183	0.057832	0.116426
-0.003510	0.012970	0.033722
-0.027619	0.010529	0.134737
0.012360	0.004120	0.126192
-0.009613	0.001373	0.149996
-0.017853	0.001373	0.171969
0.121309	-0.037079	0.078889
0.090181	-0.005035	0.146944
-0.076448	-0.039826	0.114290
-0.100252	-0.037995	0.012665
-0.033112	-0.011139	0.038605
-0.009613	0.023957	0.337987
0.041962	0.051423	0.621805
0.066377	0.042573	0.785382
0.207370	0.032502	0.586099
0.233310	0.006561	0.450599
0.124361	-0.023041	-0.052338
0.030976	-0.035248	-0.564431
-0.090181	-0.010529	-0.887312
-0.124971	-0.027924	-0.920577
-0.139620	0.029450	-0.625162
-0.237278	0.041047	-0.359350
-0.175021	0.032502	-0.264134
-0.098421	0.020905	-0.120394
-0.008087	0.008392	-0.052033
0.122530	-0.022126	-0.066072
0.363928	0.032197	0.077974
0.243076	-0.010224	-0.009308
0.142977	-0.012970	0.032197
0.080110	-0.002289	0.045930
0.035248	0.028229	0.148775
-0.004120	0.010529	0.224155
-0.022736	-0.013275	0.351415
-0.027314	-0.011444	0.327916
0.032807	0.009918	0.388952
0.022431	0.018158	0.529641
0.046235	0.017243	0.393530
-0.006867	-0.028229	-0.127413
-0.068818	-0.023346	-0.506752
-0.096590	-0.020905	-0.400244
-0.070954	-0.047761	-0.419776
0.023346	-0.049287	-0.255589
-0.011444	-0.023041	-0.060578
0.051423	0.016632	0.052644
0.162814	0.021515	0.041657
0.156710	0.020600	-0.042573
0.225071	0.008392	-0.182040
0.097505	0.005341	-0.020600
0.030976	-0.011444	0.047150
0.059968	0.004425	-0.169528
0.055390	0.012665	-0.134127
0.083467	0.026398	0.120699
0.115206	0.020600	0.261387
0.079194	-0.001678	0.324865
0.040436	-0.042573	0.292515
-0.037079	-0.058442	0.172274
-0.153964	-0.052033	-0.026398
-0.210117	-0.043793	-0.203098
-0.092012	0.013886	-0.049897
-0.081331	0.035859	0.139010
-0.013581	0.041352	0.138399
0.084688	0.005035	0.070649
0.156405	0.005341	-0.017548
0.113985	0.020294	-0.171969
0.074311	0.013581	-0.073091
0.061494	0.016632	-0.076753
0.037385	0.005951	-0.252232
0.047456	-0.024262	-0.194553
0.006256	-0.031281	-0.044099
-0.013581	-0.059358	-0.022736
-0.042573	-0.067597	-0.052338
-0.098726	-0.078279	-0.048676
-0.160372	-0.048676	0.116732
-0.122225	0.045930	0.404211
-0.034333	0.078584	0.572671
0.029145	-0.011749	0.336767
0.050507	0.008392	0.081636
0.041352	0.019989	-0.157015
-0.028534	0.015106	-0.290684
-0.056306	0.017548	-0.357519
-0.081331	0.004730	-0.137179
-0.033112	-0.019074	-0.030976
0.070344	0.010529	0.014801
0.154574	0.032807	0.024262
0.264134	0.011444	-0.063935
0.236973	0.001373	-0.075227
0.172580	0.006867	-0.061189
0.144808	0.059663	0.145418
0.047761	0.031586	0.180819
-0.065766	0.023346	0.304417
-0.075227	0.009613	0.371862
-0.064851	-0.003510	0.342870
-0.075837	-0.014801	0.370336
-0.181430	-0.059968	0.139315
-0.088350	-0.082856	-0.340124
-0.010224	-0.093843	-0.634623
-0.011139	-0.050813	-0.630655
0.005035	0.023346	-0.246128
-0.014801	0.004120	-0.098421
-0.100252	0.003510	0.003510
0.033722	0.008392	0.040436
-0.011749	-0.020600	-0.049897
-0.021210	-0.031586	-0.009918
-0.095674	0.009308	0.041047
-0.026398	0.052033	0.150301
0.098726	0.056611	0.304417
0.285191	0.071565	0.347753
0.206455	0.036164	0.199435
0.137179	-0.030671	0.058137
0.037995	-0.037995	0.020905
-0.152132	-0.009003	-0.088960
-0.190585	-0.012360	-0.241550
-0.158236	-0.016327	-0.229038
-0.111543	-0.018769	-0.080110
0.066377	-0.023651	0.002899
0.354467	0.016938	0.101472
0.471046	-0.007477	0.186618
0.271763	-0.044709	0.146334
0.120394	-0.044404	0.088655
0.036469	-0.005341	0.299840
0.075227	0.039521	0.244602
0.049592	0.037690	0.086519
-0.099031	-0.011139	0.003815
-0.091096	0.012665	-0.015717
-0.078584	-0.005341	0.081025
-0.041962	-0.019989	0.057527
-0.056916	-0.000763	-0.087434
-0.052033	0.009308	-0.264744
0.086213	0.022736	-0.238804
0.218051	0.028229	-0.166781
0.180819	0.007477	-0.126497
0.081636	0.016327	-0.110933
0.050507	0.049287	0.010834
-0.017243	-0.049592	-0.062715
-0.035554	-0.039521	-0.045930
-0.020905	-0.027619	-0.005951
0.028534	-0.001068	0.035248
0.027924	-0.004425	-0.009308
0.037079	0.016022	-0.049287
0.057221	0.033722	-0.021515
0.069734	0.061799	0.281224
0.041962	0.009003	0.304723
-0.040742	-0.010834	0.416419
-0.081941	-0.013275	0.535744
-0.157015	0.004120	0.447242
-0.206149	-0.065461	0.086824
-0.181735	-0.081636	-0.340734
-0.168917	-0.046845	-0.484474
0.024872	-0.033112	-0.110628
0.100862	-0.006256	-0.124361
0.191501	0.019074	-0.079500
0.138705	0.025177	0.143587
0.066682	0.016632	0.161593
-0.034943	0.021210	0.238499
-0.041352	0.000763	0.089265
0.005035	-0.012970	0.027924
0.062409	-0.033417	-0.028229
0.062715	-0.035248	-0.052338
0.049897	0.023957	-0.147555
0.113375	0.015412	-0.550698
0.149386	-0.051423	-0.617838
0.129854	-0.018463	-0.158846
0.113985	-0.023651	-0.078889
0.083162	-0.011749	-0.059358
0.088350	0.030060	-0.023651
0.049897	0.016632	0.039521
-0.110628	0.048066	0.175631
-0.312047	0.018158	0.167086
-0.320592	-0.030060	0.178683
-0.227512	-0.048066	0.095369
-0.088350	-0.048676	0.127413
0.078584	-0.051118	0.179904
0.356603	0.015717	0.334325
0.397498	0.008698	0.104524
0.146029	-0.042878	-0.332799
0.073701	-0.011749	-0.038300
-0.038605	-0.026398	0.030365
-0.061494	0.020600	0.067597
-0.035859	0.024872	0.107271
-0.038300	0.028229	0.068208
-0.039826	0.100557	0.224155
-0.025177	0.052338	0.182956
-0.057527	0.025177	-0.029145
-0.012970	0.027008	-0.516823
0.110628	0.023651	-0.277867
0.207980	0.056611	0.046540
0.217746	0.030671	0.068818
0.138399	-0.003815	0.066377
0.069123	-0.024872	0.010224
-0.014191	-0.013886	0.028229
-0.022736	-0.012055	-0.010529
-0.046235	0.003510	-0.083467
-0.077974	0.015106	0.038605
-0.010529	0.010834	-0.081331
0.000458	0.000153	-0.108492
0.039216	0.009308	0.044099
0.055085	-0.020905	-0.021820
0.054780	-0.024262	0.052033
0.045624	-0.005951	0.083467
-0.009918	-0.022431	0.042573
-0.087129	-0.008392	0.110018
-0.065156	0.006256	0.218662
0.037079	0.066072	0.390478
0.088350	-0.013886	0.065766
0.023041	-0.040436	0.055695
-0.028534	-0.017853	0.185702
-0.195773	-0.027924	0.029755
-0.376135	0.006256	-0.147860
-0.452430	0.013275	-0.056916
-0.358740	-0.012665	-0.062104
-0.097810	-0.008087	-0.086824
0.137484	0.014801	-0.090181
0.376135	0.053559	-0.005951
0.476234	0.030365	0.026093
0.549783	0.010834	-0.166171
0.382849	0.006561	-0.168612
0.126192	-0.005951	-0.001068
0.058442	-0.038605	0.004425
0.051728	-0.004120	0.063630
0.031586	-0.006256	0.025483
0.063020	0.011139	0.065156
0.021210	-0.004425	0.119173
0.018463	-0.009613	0.100252
0.039521	-0.004120	0.105745
0.001068	-0.031891	0.070344
-0.041962	-0.000763	0.033722
-0.160678	-0.020294	-0.008392
-0.316625	-0.039826	0.003204
-0.432898	-0.016632	0.274815
-0.377661	-0.017853	0.299229
-0.218051	0.041962	0.247349
-0.005035	0.038605	0.215610
0.319371	-0.043488	-0.139315
0.494545	-0.047456	-0.049592
0.455177	-0.053864	-0.082551
0.280919	0.008087	-0.006256
0.091096	0.014496	-0.062409
0.009308	0.009003	-0.143893
0.044404	0.016938	-0.115816
0.080110	-0.003204	-0.094148
0.037385	-0.039826	-0.450294
-0.048066	-0.021210	-0.208286
-0.056306	0.016327	0.246128
-0.129244	0.005646	0.276646
-0.061494	0.029755	0.246738
-0.016022	0.030365	0.150912
0.084382	0.066072	0.351720
0.136263	0.048371	0.295872
0.045930	0.027924	-0.182345
-0.132296	0.011139	-0.475624
-0.151217	0.023651	-0.438392
-0.122225	0.001373	-0.247959
-0.132296	-0.011139	-0.248569
-0.005951	-0.016327	-0.181430
0.081941	0.016938	-0.005646
0.131075	0.008698	0.052949
-0.053254	-0.063020	-0.040436
-0.094453	-0.046235	0.058137
-0.038300	-0.049592	0.125582
0.077363	-0.011139	0.223545
0.127413	0.011749	0.255589
0.071870	0.031891	0.140230
0.110018	0.037690	-0.135653
0.035248	0.005341	-0.112459
-0.014801	0.031891	0.139315
0.026093	0.026398	0.101167
0.094759	0.024872	0.031891
0.148165	0.011444	0.075837
0.111543	-0.030060	0.044404
0.041352	-0.052949	-0.317540
0.098116	-0.010224	-0.310521
0.113680	0.026398	-0.173190
0.152438	0.030671	-0.127108
0.144198	0.021515	0.000153
0.058442	-0.003510	0.028840
-0.012970	-0.009613	0.027314
-0.038300	-0.019379	0.027008
-0.011749	-0.029450	0.041047
-0.016327	0.008087	0.113680
-0.035859	0.004120	0.229648
-0.056611	-0.040131	0.298619
0.000153	-0.029755	0.356603
0.064851	0.012360	0.343175
0.055085	0.037079	0.238499
0.055085	0.021210	-0.014496
0.025788	-0.001373	-0.320287
-0.075532	-0.024567	-0.396582
-0.134432	-0.009613	-0.217441
-0.233616	-0.031281	-0.209506
-0.204318	-0.041657	-0.104829
-0.234531	-0.019379	0.105135
-0.265660	-0.069429	0.126802
-0.163119	-0.081331	0.202792
-0.253758	-0.066682	0.189975
-0.130465	-0.013886	0.173495
0.061494	0.035859	0.222324
0.321508	0.077363	0.108492
0.529335	0.048371	-0.077363
0.440833	0.052644	-0.053254
0.343786	0.016938	-0.015412
0.210727	-0.017548	-0.163729
0.149996	0.001984	-0.264744
0.105440	-0.013581	-0.342565
0.093843	0.015717	-0.150607
0.058442	0.014191	-0.008087
0.009003	-0.016632	0.045624
-0.003510	-0.034638	0.027924
-0.042573	-0.015106	0.201572
-0.095064	-0.042267	0.248264
-0.093538	0.004425	0.266880
-0.021515	-0.005646	0.259251
-0.078889	0.007782	0.274510
-0.171359	-0.007477	0.196078
-0.100252	0.003204	-0.022431
-0.072480	0.066377	0.051728
0.034638	0.038911	0.052644
0.047761	0.003815	0.081025
0.197910	0.051118	0.149691
0.181430	-0.004120	-0.422827
0.124361	-0.016327	-0.416114
0.019989	-0.060273	-0.231174
0.001984	-0.063325	-0.104524
0.041962	-0.013275	-0.024872
0.046235	0.014801	-0.048371
-0.082856	0.004730	-0.019074
-0.042878	0.037385	0.043793
-0.066682	0.047761	0.077058
-0.121614	0.022736	0.168917
-0.116426	-0.037385	0.120089
-0.052644	-0.045014	0.083772
0.020905	-0.054475	0.052644
0.081025	-0.033417	0.091707
0.078889	-0.019379	0.176852
-0.036774	-0.039826	-0.008392
-0.089265	-0.015106	0.138094
-0.114595	-0.026398	0.320592
0.023041	0.025788	0.476844
0.089265	0.036774	0.439002
0.029755	-0.021210	0.299840
-0.077363	-0.024872	-0.147250
-0.155489	-0.028534	-0.354467
0.074922	0.000153	-0.385595
0.075837	0.019074	-0.220493
0.082856	0.088960	-0.047761
0.114900	0.050202	-0.211643
0.259251	-0.001984	-0.381933
0.193027	0.016938	-0.191196
0.204318	0.035859	-0.012360
0.178073	-0.005646	-0.095674
0.023346	-0.059663	-0.162509
-0.069734	-0.048371	-0.102693
-0.101167	0.009918	0.048371
-0.110628	-0.016632	0.065766
-0.080720	-0.036469	0.047761
-0.056916	-0.042573	0.107881
0.037995	-0.033417	0.172274
0.066682	-0.022126	0.210422
0.123140	0.007172	0.169223
0.211643	-0.001984	0.126497
0.113680	-0.019074	0.221408
0.134127	0.019074	0.306554
0.009308	-0.019684	0.142672
-0.042573	-0.015717	0.078279
-0.057221	-0.002594	0.142367
-0.021515	0.018769	-0.013275
-0.000153	0.044099	-0.029755
-0.005951	0.021515	0.074922
-0.139315	-0.003204	0.108797
-0.170748	-0.000153	0.079500
-0.192111	-0.036164	-0.164645
-0.175021	-0.051118	-0.261692
-0.096590	-0.037385	-0.003204
0.050507	-0.023651	0.047456
0.298619	0.019379	-0.016632
0.345922	0.013275	0.018463
0.157321	-0.024262	0.008698
0.081941	-0.015412	0.026398
0.093843	0.019074	0.097505
0.109712	0.041352	0.195163
0.041047	0.005341	0.461585
0.043183	0.007782	0.421302
0.069429	0.016022	0.284276
0.008698	-0.024872	0.127413
-0.056306	-0.062409	-0.260472
-0.059663	-0.033722	-0.290684
-0.046845	-0.022431	-0.105135
-0.048676	-0.043488	-0.212558
-0.046845	-0.078279	-0.697490
-0.041657	-0.061494	-0.657206
-0.005035	-0.060883	-0.368200
0.020905	-0.070039	-0.263523
-0.051423	-0.062104	-0.201877
-0.077363	0.001068	-0.052033
-0.177768	-0.030365	-0.006256
-0.221408	0.005646	0.146639
-0.097505	-0.001068	0.172274
0.074311	-0.013581	0.251011
0.185397	0.050507	0.291295
0.247959	0.056611	0.279698
0.228428	0.032197	0.202182
0.208286	0.008698	-0.047150
-0.024872	-0.030976	-0.321508
-0.167697	-0.062104	-0.306859
-0.212558	-0.023041	0.074006
-0.169528	0.037690	0.410315
-0.218662	-0.032807	0.303502
-0.219577	-0.031891	0.351415
-0.088960	-0.037995	0.291295
-0.034333	-0.039216	0.080110
-0.015717	0.000458	-0.254368
0.014496	0.025483	-0.402686
0.108492	-0.024872	-0.402991
0.321202	0.013886	-0.208896
0.256504	0.030671	-0.053559
0.079500	0.001678	0.005951
0.135348	-0.018769	-0.094148
0.298009	-0.050813	-0.091707
0.228733	-0.027008	-0.031586
0.081025	-0.006867	0.175937
0.001984	-0.015412	0.309911
-0.154269	-0.057527	0.431373
-0.065461	-0.077668	0.255283
-0.105440	-0.042573	0.239414
-0.038300	0.036469	0.308690
0.043488	0.084993	0.379492
0.070649	0.050202	0.061189
0.095369	-0.009613	-0.201572
0.131075	-0.043183	-0.281834
0.081025	-0.069429	-0.468605
0.004120	-0.056001	-0.317845
-0.087739	-0.068208	-0.207675
0.030671	0.020294	0.006256
0.229038	0.101167	0.227512
0.129854	0.038300	0.274815
0.125582	0.069429	0.404517
0.080720	0.067597	0.458228
-0.014801	-0.007477	0.343786
-0.048676	-0.009003	0.305638
-0.018769	-0.010529	0.213779
-0.045930	-0.021515	-0.217136
-0.000458	-0.034943	-0.456397
0.084993	-0.023651	-0.468605
0.158541	-0.018463	-0.348363
0.044404	0.005341	-0.111849
-0.103609	-0.024872	0.004120
-0.101778	-0.028840	0.118868
-0.154574	-0.013275	0.090181
-0.050813	-0.006256	0.075837
-0.016022	-0.034028	-0.065461
0.070344	-0.003815	-0.001373
-0.042573	-0.000153	-0.050813
-0.201572	-0.073701	-0.197604
-0.308385	-0.097505	-0.092622
-0.310216	-0.122835	-0.012970
-0.209201	-0.113069	-0.091402
0.003204	-0.061799	-0.011444
0.380102	0.041657	0.142977
0.579385	0.121920	0.179294
0.523537	0.083162	0.022126
0.370947	0.054170	0.089570
0.260777	0.033722	0.153658
0.109712	-0.017243	0.188144
-0.032197	-0.036164	0.385595
-0.119478	-0.028229	0.418555
-0.177768	0.030976	0.442664
-0.272374	0.032807	0.233616
-0.282444	-0.024567	-0.190890
-0.232395	-0.072480	-0.561074
-0.095979	-0.081636	-0.505837
-0.011749	-0.035554	-0.308385
-0.108797	-0.027619	-0.257115
-0.067597	0.008392	-0.168612
-0.129549	0.003815	-0.112764
-0.097200	-0.039521	0.042267
0.010529	-0.032197	0.088350
0.223850	0.021210	0.150301
0.300755	0.002289	0.206455
0.369116	-0.008698	0.240024
0.445716	-0.001373	0.204013
0.248569	0.012665	0.244602
0.071565	-0.023041	0.240940
-0.013275	-0.057832	0.179294
-0.032807	-0.028229	0.062104
-0.058137	-0.037690	-0.297704
-0.071870	-0.010529	-0.323339
-0.007477	-0.019074	-0.380713
0.077058	0.035859	-0.077363
0.049592	0.015412	0.078584
0.050507	0.047761	0.336767
0.081941	0.064851	0.444800
0.065156	0.070954	0.474708
0.033112	0.043183	0.092927
0.029755	0.025788	0.146029
0.052033	0.032197	0.171664
0.006867	0.000763	-0.124971
0.020294	0.004120	-0.319066
0.007477	-0.031281	-0.495155
-0.059968	-0.070344	-0.551919
-0.058442	-0.033112	-0.160372
0.005035	-0.015106	-0.055390
-0.030976	-0.003815	-0.083467
-0.054475	-0.044404	-0.037385
-0.021820	-0.019989	-0.059968
0.023651	-0.016022	-0.115511
0.050507	-0.016632	0.004425
0.011444	-0.025483	0.104524
-0.024872	-0.032502	0.047456
-0.244297	-0.038911	0.090486
-0.307469	-0.022736	0.034333
-0.156405	-0.019379	0.046845
-0.220798	-0.007782	0.074311
-0.152132	-0.004730	0.127108
0.079500	0.014191	0.201266
0.196078	0.014496	0.126192
0.131075	0.003204	-0.023957
0.088350	0.013275	0.015106
0.196384	-0.026703	-0.013275
0.141756	-0.027924	0.073701
0.035248	-0.011749	0.134432
0.155489	0.034028	0.195773
0.237583	0.053864	0.261692
0.226596	0.032807	0.236057
0.158236	0.020905	0.126192
0.053254	-0.021515	-0.331273
-0.002899	-0.033722	-0.389563
0.049592	-0.027314	-0.204013
-0.034638	-0.000153	-0.114900
-0.075837	0.001984	-0.008087
-0.091402	-0.036774	-0.084077
-0.166171	-0.046845	-0.140841
-0.169223	-0.030060	-0.019074
-0.121004	-0.041962	0.066987
-0.013886	-0.039826	0.187839
0.001373	-0.030365	0.061494
0.162203	0.074311	0.257420
0.293736	0.087739	0.308385
0.171969	0.040131	0.211337
0.082856	-0.027008	0.039216
0.115511	0.006561	-0.018158
0.109102	0.035248	-0.127413
0.100557	0.031586	-0.109712
0.068513	0.009918	0.106050
0.077058	-0.012665	0.113375
0.018463	0.004425	0.093233
-0.089876	-0.018769	0.030365
-0.116732	-0.001068	0.011444
-0.127718	-0.023041	-0.093843
-0.180819	-0.032502	-0.022431
-0.156100	-0.045319	-0.017853
-0.036469	-0.033112	0.072175
0.162203	-0.005646	0.223545
0.271153	0.021210	-0.030365
0.191501	0.019379	-0.236973
0.089265	0.014496	0.021515
0.096590	0.027619	0.224460
0.042878	0.017243	0.338903
0.052338	0.020905	0.264134
0.034638	-0.012665	0.194247
0.046845	-0.017243	0.114595
0.031891	-0.021210	0.328527
-0.012970	-0.082551	0.016632
-0.009613	-0.045014	-0.229343
-0.028840	-0.027008	-0.387732
-0.121309	-0.094148	-0.785382
-0.191806	-0.047456	-0.368811
-0.330663	-0.018769	-0.184787
-0.570230	-0.077058	-0.349889
-0.511025	-0.044709	-0.165255
-0.416419	-0.030976	0.019074
-0.152132	0.042573	0.064240
0.219883	0.007782	0.016327
0.596170	0.007477	-0.091707
0.760967	0.062104	-0.045014
0.551308	0.054170	0.099336
0.188754	0.042267	0.149691
-0.013886	0.035248	0.261387
-0.092317	-0.002289	0.146029
-0.056611	-0.010529	0.170138
0.142367	0.001984	0.337682
0.191501	0.003510	0.460670
0.161288	-0.058442	0.326085
0.108797	-0.062409	0.177157
0.015106	-0.035248	0.175937
-0.006256	-0.018769	-0.099031
0.001984	-0.006256	-0.416114
-0.031586	0.034638	-0.392615
-0.013581	0.037690	-0.257115
-0.010834	0.025177	-0.116732
-0.011444	0.014801	-0.023957
-0.022126	-0.038300	-0.002594
-0.073396	-0.032807	-0.037385
-0.032502	-0.007477	0.004425
-0.039826	0.018769	0.114595
-0.119478	0.003204	0.049592
-0.101778	-0.011444	0.156710
-0.078889	-0.022431	0.247349
-0.040131	-0.042878	0.271763
-0.102388	-0.042573	0.305028
-0.019379	-0.058137	0.224460
0.124971	-0.024872	0.298924
0.201877	0.004425	0.106050
0.215915	-0.050507	-0.350500
0.238804	-0.023957	-0.253147
0.179904	0.011139	-0.095369
0.101167	0.060578	-0.009613
0.110933	0.047761	-0.008392
0.034333	0.056611	-0.060883
-0.010529	0.017853	-0.273289
0.021515	0.002594	-0.275425
-0.070649	-0.008698	0.064851
-0.114900	-0.001373	0.132906
-0.081941	0.007477	0.272068
-0.067903	-0.004730	0.342260
-0.084993	-0.021820	0.255894
-0.006867	-0.001678	-0.039826
0.116121	0.016022	-0.395666
0.203403	0.028840	-0.060578
0.045014	0.014496	0.148470
-0.108186	-0.009918	0.135042
-0.164950	0.020905	0.186313
-0.154269	0.004120	0.110933
-0.136873	-0.055695	0.095979
-0.077058	-0.048371	-0.027619
0.079805	-0.081636	-0.047456
0.144808	-0.046540	-0.175021
0.220798	0.012970	-0.245212
0.217441	0.052338	-0.124971
0.176547	0.042573	-0.233310
0.111849	0.037995	-0.310521
0.092012	0.042878	-0.129549
0.096895	0.009918	-0.117037
0.042878	0.012360	-0.072786
0.028229	0.009003	-0.173495
0.042267	-0.002899	-0.057221
0.003815	-0.023041	0.018158
-0.020905	-0.036469	0.037385
-0.027008	-0.018158	0.179904
-0.002289	-0.015717	0.209201
0.018158	0.005951	0.306554
0.010834	0.010224	0.271458
0.016327	0.019989	0.195468
0.037385	0.040131	0.228428
0.064546	0.033417	0.024262
0.059968	0.013886	0.023346
0.010224	-0.005951	0.093233
-0.019684	-0.025788	0.041657
-0.009003	-0.021820	-0.053864
-0.007782	-0.020905	-0.192721
0.000153	-0.000458	0.004425
-0.017548	-0.011749	-0.028534
-0.013886	-0.040131	-0.092927
-0.006256	0.009918	-0.066987
0.027314	-0.012055	-0.176547
0.008392	0.007477	-0.126802
-0.122225	0.018158	0.023651
-0.315404	-0.009918	0.106966
-0.357519	-0.027314	0.038605
-0.266270	-0.048066	0.011139
-0.274510	-0.044099	0.131075
-0.095064	-0.110018	0.089265
0.023957	-0.090791	0.027314
0.295567	-0.019074	0.137484
0.231785	-0.002289	0.140230
0.137484	0.030365	0.132906
0.198215	0.046845	0.036469
0.270237	0.012360	0.044099
0.227512	-0.022431	0.003815
0.153964	-0.001678	-0.094148
0.122225	0.023041	-0.078584
0.091707	0.013581	-0.140536
0.068513	0.020600	0.091096
0.089570	0.040436	0.197910
0.089876	0.024567	0.260166
0.052644	0.020294	0.252537
0.041657	0.018769	0.291905
-0.049897	0.020600	0.265965
-0.093843	0.010834	-0.008392
-0.235447	-0.028840	-0.195163
-0.537575	-0.057832	-0.287938
-0.770123	-0.067292	0.000153
-0.713664	-0.064851	0.198215
-0.499123	-0.048371	-0.205539
-0.186618	-0.040131	-0.511025
0.086213	-0.012665	-0.323949
0.581216	0.047150	-0.077974
0.926986	0.074922	0.045319
0.688029	0.034943	-0.030976
0.386206	0.046845	-0.103914
0.301061	0.041047	-0.078279
0.242466	0.041047	0.024262
0.233921	0.009003	0.105135
0.133211	-0.019074	0.057527
-0.031891	-0.016327	0.099336
-0.214694	-0.036164	0.066072
-0.283665	-0.024567	0.059052
-0.151217	0.031891	0.232700
-0.020294	0.056001	0.369421
0.040131	0.028840	0.490883
0.194247	0.041047	0.533303
0.290990	0.056611	0.507668
0.186923	0.011749	0.139010
0.074006	-0.015106	-0.333715
0.003815	-0.050813	-0.521401
0.000458	-0.053254	-0.493935
-0.014801	-0.022431	-0.281529
-0.029450	-0.000458	-0.094759
-0.100862	0.027008	0.017548
-0.184482	0.006561	0.036469
-0.229343	-0.013886	0.083772
-0.258640	-0.056001	-0.148165
-0.242466	-0.086213	-0.251011
-0.029450	-0.066987	-0.059358
0.152743	-0.007477	0.080720
0.147860	0.025177	0.258946
0.188449	0.027314	0.247044
0.186618	0.056611	0.118563
0.150912	0.070344	0.046540
0.075532	0.006867	0.106661
0.015412	-0.012055	0.001984
-0.016327	-0.001678	-0.036774
-0.045624	-0.046540	-0.044709
0.018769	0.009308	0.101778
0.076143	0.019379	0.166781
0.108492	0.050813	0.133822
0.068818	0.040436	0.058442
0.020905	0.027924	0.083162
0.005646	0.016938	0.236057
-0.011444	-0.012970	0.162203
0.015106	0.003815	0.121004
0.032502	-0.009918	-0.093233
0.021515	-0.036469	-0.230259
0.073701	-0.020905	-0.196994
0.071565	-0.025483	-0.281529
0.041047	-0.010224	-0.236973
0.006561	-0.039521	-0.204013
-0.092012	-0.071565	-0.120089
-0.124971	-0.038605	0.023957
-0.208591	-0.079805	0.080720
-0.196078	-0.089570	0.072480
-0.123751	-0.043183	-0.000763
0.003204	0.062409	-0.037079
0.036774	0.072480	0.246433
-0.017853	0.025177	0.225681
-0.092622	-0.019989	0.033112
0.059968	0.018769	0.173495
0.149996	0.031281	0.196689
0.137789	0.003204	-0.109712
0.131380	0.028534	-0.107881
0.130770	0.057527	-0.058137
0.104219	0.030365	0.050813
0.071565	0.011139	0.045014
0.016632	-0.011749	-0.081331
-0.007782	-0.032502	-0.150301
-0.038911	0.027008	0.075837
-0.133822	-0.013581	-0.118868
-0.208286	-0.017853	-0.140230
-0.184176	-0.005646	-0.019684
-0.082246	0.012970	0.092927
-0.075837	-0.018158	0.086519
-0.082856	-0.055085	-0.085908
0.030976	-0.018463	-0.025788
0.154574	-0.039216	0.013886
0.132906	-0.077668	-0.131685
0.196078	-0.058442	-0.342870
0.196384	0.027924	-0.093538
0.054170	0.029755	0.074922
-0.120394	-0.017243	0.063325
-0.195163	0.017853	0.259251
-0.166781	0.027924	0.355993
-0.139010	0.045930	0.342565
-0.069734	0.046540	0.438392
0.031281	0.048066	0.449683
0.133822	0.010529	0.161288
