-0.047456	0.004425	0.031586
-0.085908	-0.033417	-0.050202
-0.059663	-0.025788	-0.083772
0.027924	0.005646	-0.012055
0.147555	0.036164	0.023957
0.098421	0.011139	0.077974
0.025177	0.008698	0.113375
-0.016327	-0.030060	-0.008392
0.028534	-0.024567	-0.008698
0.037995	-0.037690	-0.031281
0.013581	-0.016632	0.035554
-0.038300	-0.029450	-0.037385
-0.046235	-0.039216	-0.030671
-0.012970	-0.013275	0.033417
0.057832	0.029755	0.077974
-0.005341	0.011749	0.010834
-0.107576	-0.018158	0.009613
-0.069734	-0.003815	-0.010834
-0.068818	0.010529	0.027314
0.110323	0.051423	0.078889
0.104829	0.050813	0.104524
0.045930	0.011749	0.041657
0.084382	0.017853	0.061494
0.052949	0.017548	0.043183
0.027008	0.001678	-0.001068
0.037690	-0.007782	0.016327
0.031891	-0.003204	0.015717
0.021515	-0.005035	0.043488
0.026398	-0.000763	0.054170
0.026398	-0.017243	0.030976
0.020294	-0.013581	-0.015717
0.010224	-0.006256	0.024872
0.009918	-0.017853	0.041352
-0.010224	-0.025483	0.016327
-0.040436	-0.042878	-0.058137
-0.011444	-0.033417	-0.043793
-0.029450	-0.031891	0.001984
-0.009613	-0.004425	0.021210
0.058137	0.030365	0.125582
0.031281	0.038605	0.112154
0.026093	0.031281	0.074006
0.020294	0.028229	0.037079
0.030671	0.009308	0.010529
0.029145	0.002594	-0.005646
0.013275	-0.002289	-0.004730
-0.024872	0.001984	-0.005951
-0.009918	0.014801	0.018463
-0.023651	-0.018463	0.011444
0.005341	-0.033417	-0.006867
0.047456	-0.010834	0.019074
0.034333	-0.023346	0.052644
0.012055	-0.017243	0.019684
0.006867	-0.016327	0.002594
0.014191	0.003510	-0.003815
0.015717	-0.002594	0.013275
0.012055	0.002899	-0.004120
0.018158	0.017243	-0.004730
0.009918	-0.004730	-0.015717
0.010834	-0.012055	-0.017853
0.023346	0.014801	0.023041
0.014191	0.000153	0.038605
0.012360	-0.006867	0.019684
0.009003	-0.005951	0.055390
-0.003815	-0.003204	0.028534
0.020600	-0.001068	0.043488
0.016327	-0.014496	0.000153
0.055085	-0.006256	0.018463
0.027314	-0.012055	0.028229
-0.041352	-0.032502	-0.053254
-0.106050	-0.005951	-0.013275
-0.050507	-0.000153	0.001984
0.051728	0.008087	0.005341
0.024262	-0.013886	-0.001984
0.017548	-0.004730	0.029145
0.030671	-0.003204	-0.007477
0.006256	-0.029755	0.004120
-0.031281	-0.054780	-0.043183
-0.077058	-0.012970	-0.003204
-0.059663	0.012360	0.087129
-0.070649	0.044099	0.135042
0.023651	0.033722	0.139620
0.146639	0.032807	0.091402
0.054170	-0.016327	0.022126
-0.058137	-0.042573	0.009918
0.024872	0.000763	0.034638
0.082856	-0.000458	0.054170
0.086824	0.003815	0.040742
0.050202	-0.008087	0.032197
0.044404	0.023346	0.055695
0.019379	0.008087	-0.027619
-0.001373	0.007172	-0.059663
-0.004120	0.012970	-0.013275
0.022126	0.000458	-0.026093
-0.010834	-0.012360	-0.002594
0.054475	0.005646	0.021820
-0.009613	-0.030060	-0.004120
0.000153	-0.008087	0.013275
0.004120	0.004730	0.063325
-0.018158	-0.013886	0.001373
-0.022736	-0.034333	-0.029450
0.001678	-0.020905	0.010834
0.020600	-0.014191	0.003510
0.038911	-0.003204	0.042267
-0.012665	-0.019074	-0.018769
-0.042573	-0.036469	-0.066682
-0.017243	-0.023957	-0.025483
0.006867	-0.027924	-0.028534
0.076753	-0.009613	0.006256
-0.026093	-0.020905	0.041352
0.000458	0.005951	0.052338
-0.004120	0.010529	0.030976
0.000458	0.017243	0.052338
-0.015106	0.018769	0.056306
-0.037995	0.001678	-0.013581
0.022126	0.018769	0.032502
0.057527	0.043488	0.116426
0.058747	0.046540	0.070954
0.034028	0.016022	0.034638
0.047150	0.000458	0.035554
0.045319	0.018158	0.014191
0.025788	-0.017243	-0.012360
0.014496	-0.007782	0.005341
0.012665	-0.013581	0.020294
0.016327	-0.029755	-0.036469
0.021210	-0.025788	-0.015717
0.005646	-0.050202	-0.014191
0.053254	-0.014801	-0.019074
-0.019379	0.001373	-0.004425
-0.035859	-0.015106	-0.038300
-0.034333	0.004730	0.030060
0.020600	-0.002899	0.059358
-0.002899	-0.011749	0.021820
-0.010224	0.006256	0.016022
0.006867	0.017243	0.056001
-0.001068	0.000458	0.050202
0.015412	-0.005646	0.001068
-0.009308	-0.020294	0.010224
0.006561	-0.019684	-0.059052
-0.022126	-0.038911	-0.067597
-0.000763	-0.017243	-0.056306
-0.015717	-0.017853	-0.028534
-0.009613	-0.034943	-0.008087
0.044404	-0.004425	0.094759
0.035859	-0.027924	0.026398
-0.010224	-0.014191	-0.011139
-0.009613	0.008087	0.063325
0.048981	0.035554	0.088045
0.080720	0.034333	-0.010224
0.052338	0.023346	-0.002289
0.005035	0.024567	0.103914
0.002289	0.017853	0.068208
-0.022126	0.001068	0.016022
-0.003204	-0.007782	-0.013275
0.107881	0.002899	-0.006561
0.114900	0.013275	0.037995
-0.027619	0.002289	0.028840
-0.004425	-0.005646	-0.001373
0.041962	-0.021515	-0.009003
0.033417	-0.033417	-0.048981
0.025483	-0.036774	0.005951
0.020600	-0.025483	0.010834
0.042573	-0.003510	-0.004120
0.009613	0.006256	0.027008
-0.005646	0.007172	0.036469
-0.043793	-0.008087	0.022126
-0.049897	-0.016938	0.035248
-0.005341	-0.014191	-0.030976
-0.010834	-0.034333	-0.030365
-0.079805	-0.053254	-0.053864
-0.077058	-0.035248	-0.086213
0.087129	0.006256	0.011749
0.097810	0.021210	0.069123
0.133822	0.048066	0.117647
0.130159	0.040131	0.052644
0.042878	0.020905	-0.002899
0.018463	0.005951	-0.038300
0.036774	0.000153	-0.025788
0.030976	0.004120	0.035859
0.004730	-0.011444	0.010224
0.010834	-0.011139	0.012970
0.012055	0.005646	0.061189
0.007477	-0.015412	0.067903
-0.016632	-0.007477	0.037995
-0.005646	-0.015717	0.016632
-0.030365	-0.016632	0.019074
-0.024567	-0.013581	0.007477
0.023041	-0.001678	0.012970
0.096895	0.030060	0.021515
-0.009918	0.003204	-0.025177
-0.004120	-0.015412	0.001373
-0.027924	-0.020905	-0.013581
-0.014191	-0.010224	0.012665
-0.053559	-0.005035	-0.001984
0.041047	0.010834	0.055085
0.083162	0.035248	0.053254
0.040742	0.021210	0.045624
0.072786	0.016022	0.045624
-0.019074	-0.002289	0.022126
-0.055390	-0.015717	0.027924
-0.028840	-0.016022	-0.018769
-0.014191	-0.036469	-0.052033
-0.014191	-0.027619	-0.025177
-0.022736	-0.009003	0.010224
-0.092317	-0.003815	0.087129
0.011749	-0.001373	0.082856
0.067903	-0.005035	0.011444
0.016632	-0.033112	-0.076448
0.068818	-0.005341	-0.040742
0.065766	0.010529	0.017548
0.036774	0.000153	0.009003
0.046235	0.013581	0.046845
0.027008	-0.009308	0.023346
0.014496	-0.009613	-0.036774
0.019684	-0.027619	-0.013886
-0.008698	-0.034028	-0.039826
-0.002594	-0.024262	0.022126
0.001984	-0.022736	0.029755
0.028534	-0.008392	0.050507
0.088350	0.031891	0.024567
0.061799	0.010224	0.001984
0.043183	0.011139	-0.005035
-0.022736	0.012055	0.033722
-0.024262	0.005646	0.021210
0.012970	0.017853	-0.023041
-0.009918	0.010529	-0.004730
0.006256	0.005951	-0.005951
0.012970	0.004120	0.001678
-0.002899	-0.012055	-0.000153
0.067292	0.004425	0.049897
0.062409	0.008698	0.052033
-0.006867	-0.017548	-0.001373
-0.069429	-0.031586	-0.039826
-0.110628	-0.064240	-0.077668
-0.107576	-0.050813	-0.034028
-0.037385	-0.033722	0.001373
0.126802	0.003510	0.039216
0.056306	0.009003	0.043488
-0.085298	0.019074	0.119783
0.074922	0.037690	0.089265
0.150301	0.050813	0.058137
0.131380	0.027314	0.019379
0.074617	0.025177	-0.014496
0.073396	0.024567	0.096590
0.042573	0.021820	0.082246
0.016632	0.006867	0.017853
0.021210	-0.008392	0.025177
0.011139	-0.002899	0.021210
0.007172	-0.003815	0.014496
-0.001373	-0.005341	0.018769
0.006256	0.002289	-0.001373
0.003204	-0.011139	-0.038911
0.012360	0.005035	0.033112
0.012665	-0.011749	0.021210
0.016632	-0.019074	0.019074
0.024262	-0.014191	0.051423
0.012970	0.004425	0.040131
0.001373	-0.024567	0.045014
-0.016632	-0.028534	0.028534
-0.015717	-0.035859	-0.003204
-0.015412	-0.043488	-0.027008
-0.000153	-0.022126	-0.027619
0.030365	-0.000763	-0.002899
0.034028	0.025177	0.040742
0.011749	0.016022	0.028229
0.005341	0.014496	-0.029145
0.017853	0.012970	0.035859
0.017243	0.008087	0.066072
0.003204	-0.029145	0.014496
0.005646	-0.027619	-0.013581
-0.001678	-0.033112	-0.020294
0.008392	-0.012055	0.022126
0.052338	0.003204	0.064240
0.042878	0.008698	0.021515
0.007477	-0.001068	0.011749
0.011444	0.005951	-0.010834
0.009613	-0.018769	-0.014496
0.017548	-0.026093	0.002899
0.013886	0.005035	0.016022
0.018769	-0.003815	0.052949
0.025483	-0.012055	0.011139
0.026093	-0.001373	-0.023651
0.028534	-0.011749	0.018463
0.003815	-0.019379	0.005646
0.001678	-0.024262	0.028229
0.001678	-0.016022	0.046540
0.000458	-0.008087	0.027008
-0.008698	0.009918	-0.026093
-0.036469	-0.011749	-0.022736
-0.017243	0.012055	0.005951
-0.017548	0.008392	0.011749
0.085298	0.015106	0.024872
0.080110	0.004730	0.032197
0.011444	-0.026398	0.057832
-0.003204	-0.047456	0.001373
0.020905	-0.027008	0.035554
0.032502	-0.017548	0.053864
0.027619	-0.029145	-0.026398
0.066377	0.022126	0.046235
0.036469	0.028229	0.036774
0.007477	-0.002594	-0.004425
0.012970	0.007782	-0.029145
0.020905	0.005951	-0.001373
0.027314	-0.013886	-0.000763
-0.012665	-0.028840	-0.043488
-0.008698	-0.015412	0.021210
-0.042573	-0.007477	0.050813
0.007782	0.011749	-0.003815
-0.013886	-0.011749	-0.011444
-0.022736	0.000458	-0.002594
0.052338	0.033722	0.076448
0.040742	-0.020294	-0.027619
0.037079	-0.027924	-0.060273
-0.010834	-0.034943	-0.001373
-0.029145	-0.046540	0.034028
-0.063325	-0.058137	-0.015412
0.003815	-0.000763	0.075227
0.119783	0.053254	0.107881
0.124971	0.027924	0.096590
0.025177	0.002289	0.036164
-0.013275	0.016022	0.071260
-0.012665	0.001373	-0.001678
-0.016632	-0.025483	0.009613
0.037385	-0.011749	0.048981
-0.023346	-0.020294	-0.000458
0.083772	-0.009918	0.003815
-0.104219	-0.012665	0.003510
-0.102998	-0.000153	0.007477
0.028229	0.017853	0.020600
0.064851	0.000153	0.007172
0.127718	0.003815	0.000763
0.152743	-0.012665	-0.023957
0.089265	-0.023041	-0.011444
0.074617	0.004425	0.047456
0.047150	0.016632	0.055390
0.049287	0.023346	0.087739
0.024567	0.015412	0.069123
0.024567	0.000458	-0.011139
0.022126	0.028840	-0.002594
0.037690	0.027924	0.012970
0.022736	0.007477	-0.011444
-0.005341	-0.025788	0.004120
-0.059052	-0.034333	-0.016938
-0.074006	-0.047761	-0.035554
-0.110933	-0.048676	-0.020905
-0.098421	-0.030671	0.001068
-0.135958	-0.057221	-0.015412
-0.048066	-0.026703	0.071260
-0.067597	-0.034943	0.041962
-0.008087	-0.023957	0.037690
0.029755	0.011749	0.072786
-0.050507	-0.031891	0.007477
0.001373	-0.020294	-0.002899
0.105745	0.013275	0.019074
0.179599	0.017548	-0.006256
0.161593	0.030060	0.043793
0.114290	0.032807	-0.015412
0.100557	0.006867	-0.038911
0.072786	-0.005646	-0.071565
0.053254	-0.015106	-0.022736
0.054170	-0.015717	0.022126
0.004120	-0.015412	0.072480
0.011139	-0.017548	0.038605
0.035554	0.001984	0.050507
0.056001	0.018463	-0.002289
0.048371	0.051728	0.074617
0.030060	0.030060	0.107881
0.058137	0.016022	0.047761
0.094453	-0.003815	0.024567
0.024262	-0.027924	-0.032807
0.012665	-0.026703	-0.035554
0.007782	-0.026398	-0.018769
-0.017548	-0.040131	-0.043488
0.017243	-0.024872	-0.043793
0.012055	0.013886	0.017853
0.033112	0.044404	0.095674
0.082856	0.046540	0.101472
0.064240	0.023041	0.058747
0.055390	0.035248	0.051728
0.046845	0.037385	0.081941
0.023346	0.012665	0.023651
0.008698	-0.003204	0.012360
-0.005341	-0.033112	-0.018463
-0.007477	-0.049592	-0.059968
0.000458	-0.037690	-0.059968
0.006256	-0.008087	0.009918
0.029145	-0.005341	0.027619
0.027314	-0.006561	-0.009613
-0.015106	-0.031586	-0.040131
-0.049897	-0.037079	-0.008392
-0.075532	-0.008087	0.054170
-0.079194	-0.002899	0.069734
-0.013275	-0.000153	0.080110
0.165866	0.013886	0.038911
0.128634	-0.009003	-0.019379
0.032807	-0.013886	-0.013275
0.004730	0.005341	0.034028
0.048371	0.016022	0.024262
0.017853	0.001678	0.014801
-0.037995	-0.034943	-0.016632
-0.047150	-0.023041	0.045319
-0.042267	-0.038300	0.006561
-0.018769	-0.030365	-0.024872
0.052949	0.003815	0.006561
0.130465	0.045930	0.066377
0.080110	0.046540	0.106661
0.122530	0.046540	0.096284
0.017853	0.019989	0.041657
0.004120	-0.009308	0.002289
-0.003510	-0.026703	-0.033417
0.018769	-0.005035	0.004120
0.063630	0.006867	0.005341
0.055390	-0.016632	-0.034333
0.024567	-0.012970	0.001678
0.022431	-0.004120	0.001373
0.004425	-0.000153	-0.021820
0.008392	-0.023957	0.014191
0.008698	-0.003815	0.015717
0.026398	0.001984	-0.002594
0.012665	-0.009918	0.028534
0.028534	0.006256	0.025483
0.026093	-0.002289	0.038300
0.023957	0.003510	0.057832
0.003815	-0.009308	-0.012665
-0.011139	-0.023957	-0.029450
-0.004730	-0.024872	-0.050507
-0.003510	-0.021515	-0.039216
0.001068	-0.025177	-0.068513
-0.009918	-0.030671	-0.038605
-0.013275	-0.024567	0.025177
-0.009613	-0.004120	0.033417
-0.015412	-0.006256	0.005341
0.017853	0.023651	0.028534
0.092927	0.043183	0.115816
0.074006	0.035248	0.144198
0.047761	0.022126	0.077363
0.099031	0.037079	0.091096
0.055695	0.019379	0.035859
-0.058747	-0.004730	0.057221
-0.041657	-0.025483	0.008087
-0.028534	-0.038605	-0.029755
0.041047	-0.011444	-0.007782
0.008392	-0.018158	0.009918
-0.020294	-0.015106	-0.036774
-0.012055	-0.011749	-0.021210
-0.030060	-0.012970	0.035248
0.023346	-0.017853	-0.040742
0.047761	-0.016022	-0.037079
0.006561	-0.023957	0.015412
-0.003815	-0.027314	0.019989
0.030671	-0.006867	0.023957
0.044404	-0.000458	-0.021515
0.074922	0.027619	0.057221
0.068818	0.032502	0.068513
0.039521	0.008087	0.027619
0.020294	-0.007477	0.037690
-0.013275	-0.003204	0.054475
-0.028840	0.007782	0.035248
-0.042573	-0.002289	0.028229
-0.016938	0.013275	0.118257
0.028534	-0.008698	0.087129
0.088045	0.008392	0.059052
0.092622	0.003815	0.048371
0.034638	-0.000763	0.035859
0.033417	-0.017548	-0.016632
-0.023346	-0.018158	-0.045014
-0.012055	-0.027008	0.024567
-0.063020	-0.008392	-0.010834
-0.070954	-0.015106	0.054170
-0.105135	-0.046235	-0.034028
-0.066682	-0.024262	0.028840
0.047761	0.003204	-0.018463
0.022431	0.022736	0.002594
-0.029145	0.053254	0.056001
0.115511	0.053864	0.051728
0.140536	0.037079	0.049287
0.127718	-0.005035	0.027619
0.077058	-0.002899	0.016022
0.051728	-0.018463	0.000153
0.023651	-0.006867	-0.043488
0.023957	-0.008698	-0.050813
0.007477	-0.032197	-0.048676
-0.002594	-0.012970	0.015106
-0.016327	-0.047150	-0.019684
-0.033112	-0.052949	-0.062104
-0.019074	-0.034333	-0.024567
-0.002594	0.002289	0.039216
-0.015717	0.009308	0.004730
0.080110	0.023957	0.053559
0.077058	0.029145	0.110628
0.059968	0.030671	0.068513
0.067597	0.013886	0.032502
0.030976	-0.005646	0.028229
-0.043793	-0.016022	0.017853
-0.033722	-0.029450	0.035859
-0.000458	-0.023041	0.013275
-0.025177	-0.032502	0.005035
-0.026093	-0.044099	-0.008698
-0.027314	-0.019379	-0.032502
0.019074	0.012665	0.009918
0.048066	0.015717	-0.018158
0.016327	0.006867	0.012360
0.058442	0.028840	-0.000763
0.030365	0.005341	0.027924
0.031586	0.003204	0.022126
0.026398	-0.000763	0.073396
-0.037690	0.000458	0.084688
-0.056916	0.009613	0.008392
-0.075532	0.011444	0.021515
-0.051728	-0.014801	0.021515
0.037995	0.012970	0.031586
0.086213	-0.010224	0.059968
0.116426	0.009003	0.057221
0.053254	-0.023346	0.016632
0.012970	-0.047150	-0.029450
0.015717	-0.002899	-0.009613
0.049592	0.009003	0.040131
0.025177	0.011139	0.016327
0.019074	0.005951	-0.000763
0.029145	0.000458	0.040131
0.045014	0.010834	0.061189
0.035554	0.004730	0.062409
0.018158	-0.013581	0.009613
-0.016632	-0.031281	-0.002594
-0.038300	-0.032502	-0.061494
-0.050202	-0.038605	-0.090181
-0.014801	-0.018158	-0.030060
0.026093	-0.001373	0.033112
0.022126	-0.012055	-0.005646
0.035859	0.004425	-0.003204
0.024262	-0.015412	-0.010529
0.042878	0.015412	0.014496
0.039826	-0.005341	-0.001068
0.052644	-0.003510	0.070649
0.017548	-0.009308	0.014801
0.018769	-0.010529	-0.031586
0.001373	0.005035	-0.026093
-0.002899	0.006256	0.033417
-0.015717	0.010529	0.040436
0.000153	0.022126	0.047150
0.050507	-0.001373	0.013886
-0.004730	-0.003510	-0.035554
-0.010224	0.006867	0.011749
0.007782	-0.000153	0.007782
0.028229	-0.001373	0.041047
0.027314	-0.009613	0.036469
0.005951	-0.011749	-0.001678
0.013886	-0.016632	-0.003204
0.009308	-0.015412	0.009918
0.016632	-0.020905	-0.006561
0.003510	-0.023346	0.009003
-0.014191	-0.016022	0.014191
0.008698	-0.019684	0.015717
0.015106	-0.010224	0.052644
0.041047	-0.009918	0.106050
0.056001	-0.018769	0.012665
-0.016938	-0.036164	-0.037385
-0.023041	-0.024567	-0.021210
-0.041962	-0.023651	-0.017853
0.001373	-0.005951	-0.013886
-0.026703	-0.014191	0.027924
-0.029450	-0.001068	0.097200
0.176547	0.033722	0.079194
0.084382	-0.014191	0.030060
-0.036774	-0.036774	0.072786
-0.040131	-0.027008	0.050507
-0.007782	-0.023041	-0.022736
0.016327	0.004120	-0.059052
0.032197	0.027619	0.031586
0.040436	0.025177	0.073396
-0.004425	0.001373	-0.007477
-0.009003	-0.005646	0.014496
-0.012665	0.005341	0.017853
-0.048676	-0.023041	-0.048981
0.022126	-0.024262	-0.064240
0.083467	0.019684	-0.009918
0.028534	0.015106	-0.017243
-0.008087	0.010834	0.056611
-0.004120	0.034638	0.117647
-0.030365	-0.000763	0.038911
-0.039826	-0.017853	0.025177
-0.049592	-0.025177	0.017548
-0.048676	-0.008392	0.041962
-0.114290	-0.005341	0.079805
-0.046235	0.005951	0.056916
0.104219	0.028840	0.039826
0.133516	0.019989	0.001373
0.166781	-0.016022	-0.037690
0.091096	-0.026398	-0.089876
0.041352	0.002594	-0.046845
0.105135	0.014191	-0.044404
0.058747	0.004425	0.009613
0.056611	0.006561	0.065766
0.030976	0.012360	0.056306
0.003204	0.002289	-0.010529
-0.019074	-0.005035	-0.030060
-0.008698	0.023651	-0.004730
-0.027008	0.018463	0.048066
-0.004120	0.036774	0.052033
0.030365	0.008698	-0.008392
0.080720	-0.002289	0.012665
0.042878	-0.013581	0.018769
0.045930	-0.012360	0.023651
0.045319	0.001984	0.016632
0.029450	-0.005951	0.009003
-0.027314	-0.030060	-0.033417
0.012360	-0.005951	0.040131
0.063020	0.021210	0.114900
-0.001678	0.032502	0.084993
-0.100862	-0.009003	0.063630
-0.075227	-0.001373	0.057527
-0.041657	-0.024567	0.064546
-0.039216	-0.036469	0.036164
0.048676	-0.018158	0.021210
0.086824	-0.014496	-0.058137
0.083772	-0.028840	-0.077058
-0.009613	-0.052949	-0.075532
0.019989	-0.017853	0.016327
0.024872	-0.020600	0.080110
0.032807	0.017243	0.085908
-0.062715	0.006561	0.102998
-0.026398	0.028840	0.096895
0.108492	0.038911	0.038605
0.135653	0.028534	-0.025788
0.066377	0.008698	0.006561
0.006867	-0.015412	-0.020294
0.019379	-0.010834	-0.013886
0.007477	-0.027314	-0.073701
0.002594	-0.011444	-0.043183
0.001068	0.005951	0.014496
0.020600	-0.005951	-0.009918
0.041352	0.007477	0.019379
0.059052	0.012055	0.037995
0.029450	0.008087	0.028229
0.001984	-0.016022	-0.012970
0.018463	-0.008087	0.042878
0.022126	-0.015412	0.013581
0.001984	-0.027008	0.030365
0.001068	-0.033722	0.021210
-0.018769	-0.033722	0.011444
0.000763	0.002594	0.001678
0.028840	0.025177	0.016938
0.025177	0.030365	0.032197
0.010529	0.016632	0.014801
0.016632	-0.006561	0.008698
0.016022	-0.009918	0.009308
0.008698	-0.015106	-0.012970
-0.008392	-0.023651	-0.040436
-0.046540	-0.016022	-0.045624
-0.056001	0.000763	-0.008087
-0.033417	0.027008	0.058137
-0.001373	0.023041	0.135653
0.043793	0.008087	0.050507
0.088655	-0.009308	0.051118
0.108797	0.000153	0.047456
0.033112	-0.023651	-0.006561
0.027924	-0.024567	0.014801
0.029450	0.010224	0.022126
0.022126	-0.005646	0.035859
0.019989	-0.009003	0.014801
0.017853	-0.010834	-0.022736
0.012665	-0.004730	0.014496
0.013275	-0.017243	-0.006867
0.012970	-0.019989	-0.022126
0.006867	-0.029450	-0.025483
-0.025177	-0.023957	0.009308
-0.012055	-0.043183	0.003204
-0.020294	-0.018769	0.020294
-0.019989	-0.025788	-0.030060
0.004120	0.003204	0.036164
0.000763	0.022431	0.055085
0.023651	0.030060	0.071870
0.069734	0.033722	0.045319
0.040131	0.012970	-0.004730
0.009613	0.005341	0.006561
-0.023041	-0.019989	-0.004425
-0.014801	-0.018463	0.032197
-0.001068	-0.035859	0.004120
-0.015412	-0.012055	0.013581
-0.002899	-0.012665	0.061494
-0.006256	-0.003510	0.018463
-0.009918	-0.012055	-0.014801
-0.012055	-0.029145	0.037385
0.035554	-0.010224	-0.009003
0.066072	-0.020905	-0.001678
0.125582	-0.011749	0.043793
0.092317	-0.015106	0.015412
0.016327	0.015106	-0.000153
-0.046540	-0.003510	0.029145
0.041962	-0.005341	-0.011749
0.034333	0.009003	0.085908
-0.006256	0.001068	0.076143
-0.014191	0.011139	0.077363
0.010834	0.013581	0.035859
0.045930	0.003510	0.013886
0.037995	0.008392	0.020294
0.037690	0.000153	0.021515
0.030060	0.008087	-0.000763
0.038605	0.013275	0.019989
0.030671	0.001984	0.022431
0.021210	-0.001068	0.001068
0.020905	-0.008087	0.001678
0.035859	0.005035	0.041962
0.036469	-0.011139	0.069734
0.046540	0.014801	0.040131
0.038605	0.021210	0.050813
0.010529	-0.017548	-0.024872
0.005951	-0.013275	-0.011749
-0.020905	-0.020294	0.001984
-0.025788	-0.031891	-0.033112
0.001984	-0.016632	-0.034333
-0.094453	-0.011139	-0.020600
-0.123140	0.007172	0.019379
-0.022431	0.036774	0.072786
0.081025	0.001068	0.010834
0.127413	-0.028534	-0.067903
0.012055	-0.034638	-0.048371
-0.020294	-0.026093	-0.007477
-0.053559	-0.035248	-0.040131
-0.084382	-0.005035	0.015412
-0.054475	0.001678	0.003815
-0.061799	0.006256	-0.029145
-0.029450	-0.015717	0.007477
0.059663	0.014496	0.021210
0.087434	0.036469	0.044404
0.117952	0.068208	0.158846
0.135042	0.053254	0.098726
0.112764	0.005035	0.052033
0.023346	-0.032502	0.025483
-0.014191	-0.029450	-0.019379
-0.069429	-0.051118	-0.001984
-0.104829	-0.077974	-0.075837
0.059052	-0.026398	-0.043793
0.087129	0.025177	0.052033
0.096895	0.050507	0.097200
0.104219	0.041047	0.099947
0.120089	0.043488	0.075227
0.063020	0.034333	0.085908
0.055085	0.012665	0.033417
0.034333	-0.005341	0.009003
0.025177	0.001068	-0.034943
0.005646	-0.012055	-0.030976
-0.010834	-0.019684	0.018463
-0.001373	-0.017548	0.032197
-0.024567	-0.037079	-0.002899
-0.026703	-0.021515	-0.007782
0.005646	-0.012360	0.004425
0.036469	-0.016327	-0.030365
0.024567	0.001678	-0.041962
0.039521	0.014191	0.052033
0.013275	-0.015106	0.016938
0.003815	-0.012665	-0.015106
-0.000458	0.007172	0.029755
0.027008	0.028840	0.071260
0.037079	0.027619	0.062104
0.056001	0.029450	0.123751
0.045624	0.026398	0.072480
0.015412	-0.003510	-0.052949
0.007477	-0.015717	-0.027314
-0.008392	-0.017243	-0.011139
-0.003204	-0.019684	0.028840
-0.014191	-0.031891	0.036774
-0.022126	-0.035248	-0.004120
0.036164	-0.031891	-0.058442
0.023957	-0.010834	-0.045624
-0.017853	0.008392	0.062104
-0.033417	-0.002289	0.070039
0.004730	0.000153	0.040131
0.033417	0.000458	0.035859
0.078279	-0.002594	-0.045014
0.044404	-0.004730	-0.077363
0.045014	-0.016022	-0.083162
-0.024262	-0.008087	0.030976
0.033112	-0.001678	0.037690
0.049287	0.032807	0.119783
0.045624	0.032502	0.084688
0.004425	0.010834	0.035554
-0.005951	0.006561	0.013275
0.008392	0.012055	0.016938
0.005951	0.006256	0.035554
0.012665	0.013581	0.126192
0.012360	-0.002899	0.054475
-0.000153	-0.008698	0.030365
-0.009918	-0.034333	0.009613
0.003204	-0.035554	0.002289
0.009308	-0.024262	-0.038300
-0.005035	-0.007782	-0.076448
-0.016632	-0.015717	-0.038605
-0.047150	0.007477	-0.010529
-0.021820	0.003510	0.014191
0.005646	0.018769	0.030060
0.045319	0.016938	0.054780
0.153964	0.010834	0.048676
0.076753	-0.020294	-0.019989
-0.005035	-0.012055	0.005951
0.007782	0.004425	0.075532
0.034333	-0.000458	0.071565
0.026093	0.015106	0.030976
0.016022	-0.037385	-0.027314
-0.019074	-0.030671	-0.030671
-0.015412	-0.042267	-0.004730
0.031586	-0.028534	-0.004120
0.013581	-0.005035	-0.019684
0.054780	0.033112	0.016632
0.015412	0.049592	0.063935
-0.018158	0.020294	0.080720
-0.020294	-0.000153	0.025177
-0.041352	0.005646	0.024872
-0.030365	0.011444	0.009308
-0.023041	0.007782	0.021515
-0.043488	-0.013275	-0.037995
0.017853	0.014496	0.029145
0.056001	0.006256	-0.012360
0.021820	-0.005951	0.004120
0.043488	0.019989	0.062104
0.064546	0.011444	0.026398
0.061189	0.012360	0.015717
0.066072	0.001984	-0.006867
0.023041	0.002289	0.002594
-0.006561	-0.023346	0.013275
0.015106	-0.002289	-0.015717
0.025788	0.004425	-0.003510
-0.015106	0.007782	0.033722
-0.027008	0.001068	0.059052
-0.056306	-0.003204	0.022736
-0.043793	0.002594	0.041962
0.128634	0.022431	0.072480
0.122225	0.016938	0.054780
0.106355	0.021515	0.078279
0.048676	0.017548	0.111849
0.008392	-0.008698	0.044404
-0.023651	-0.012360	0.030365
0.001068	-0.008392	0.025788
0.072175	0.007782	0.041352
-0.005341	-0.008392	0.003815
0.026093	0.010834	0.067597
0.070039	0.005646	0.008087
0.016632	-0.006867	0.067292
-0.007477	-0.028840	0.024872
0.009308	-0.028840	0.001373
0.024567	0.001068	-0.011749
-0.116426	-0.034333	-0.072786
-0.061799	-0.034333	-0.012360
0.015717	0.004120	0.033417
0.084688	0.026398	0.035859
0.034028	0.003510	0.032197
0.043183	-0.009308	0.044709
0.070649	-0.025788	0.015717
0.044404	0.005035	0.020905
0.025177	-0.001984	0.021210
0.059358	0.002899	0.045319
-0.018463	-0.011749	0.067903
-0.050507	-0.044099	0.039521
-0.035248	-0.030976	0.012970
0.012665	-0.001678	-0.001984
0.062409	0.008392	0.014496
0.013886	0.019074	0.005341
0.011444	0.015106	-0.035859
0.022126	0.011139	-0.021820
0.010834	-0.009613	-0.025177
0.004425	0.003815	-0.027314
0.007172	0.001984	0.013581
0.011444	-0.009308	-0.006561
0.032502	-0.016632	0.029755
0.032197	-0.024262	0.029145
0.026093	-0.035248	0.057832
0.016632	-0.046845	0.063630
-0.029450	-0.039521	0.037995
-0.056611	-0.010224	0.009308
0.016632	0.025177	0.056001
0.052338	0.016327	0.015717
0.068513	0.023957	0.009613
0.070954	0.008392	0.009613
0.051118	0.009918	0.034028
0.019989	0.002289	-0.034333
0.025177	0.018158	-0.010834
0.004120	0.000458	-0.002289
-0.021820	-0.002594	-0.001373
-0.018463	-0.014496	-0.027008
-0.049897	-0.050507	-0.118257
-0.009003	-0.026093	-0.099336
0.130465	-0.000153	-0.038911
0.088655	0.007782	0.094148
0.066072	0.013275	0.112154
0.058137	0.000763	0.094148
0.038300	-0.001373	0.020294
0.021515	-0.002899	0.032807
0.004425	-0.014496	-0.006867
0.001373	-0.016022	-0.015717
0.003204	-0.010224	-0.027924
-0.002899	-0.018769	-0.021820
-0.009308	-0.017243	-0.025483
0.015717	0.023041	0.041352
0.012970	0.000153	-0.030365
0.066987	0.021515	0.082246
0.026093	0.011139	0.001678
0.023041	0.002289	0.009613
0.019074	-0.001373	0.024872
0.010224	-0.022126	0.061799
0.003815	-0.012970	0.029755
-0.002289	-0.026398	0.029450
-0.011139	-0.030671	0.013886
-0.000153	-0.013275	0.040131
-0.014191	0.000153	0.015106
-0.001068	0.000763	-0.027619
0.057527	0.035859	0.016022
0.041047	0.028840	-0.019379
0.007172	0.015106	0.022736
-0.019379	0.002594	-0.034638
-0.019074	-0.031281	-0.015106
0.029145	-0.002594	0.062409
0.085298	0.009308	0.085298
0.057527	-0.021210	0.023651
0.019074	-0.036469	0.006256
0.005646	0.004425	0.023346
0.003204	0.011749	0.034638
0.001068	0.003815	0.063935
-0.010224	0.003204	0.045319
0.041962	0.005646	0.077668
0.082551	-0.004425	0.058442
0.011749	-0.011749	0.048676
-0.022126	-0.014191	0.014801
-0.020600	-0.026703	-0.034028
-0.006561	0.009003	0.009003
0.032197	0.003204	0.022126
0.004425	-0.010529	-0.042573
-0.043793	-0.032197	-0.092927
-0.068513	-0.026093	-0.024262
-0.016632	0.011749	0.083772
0.068208	0.007172	0.000763
0.038300	-0.015106	0.024872
0.107881	-0.008087	0.014801
0.031586	-0.009003	0.040742
0.040436	0.005341	0.024567
0.035248	0.013886	0.005341
0.077058	0.020294	0.032807
0.056001	0.001373	0.013581
0.022126	-0.004425	-0.036774
0.027924	0.000763	0.061799
0.016022	-0.014801	-0.005035
0.029755	-0.008698	0.036774
0.021210	-0.008087	0.057221
0.016327	0.008087	0.081331
0.022126	0.010224	0.054170
0.005646	-0.010529	-0.023346
0.012055	-0.012055	-0.008392
0.010529	-0.005035	0.020600
-0.011444	-0.008087	0.013581
-0.014191	0.001678	0.028534
-0.013275	-0.011139	-0.013275
-0.047761	-0.012970	-0.038300
-0.047456	-0.019074	-0.011444
-0.027314	-0.000458	0.059358
-0.084077	-0.039826	0.047456
-0.088350	-0.039216	-0.018769
0.107271	0.005646	0.015106
0.200656	0.019379	0.024262
0.090486	0.010529	-0.043183
-0.019989	0.012055	-0.005035
-0.082551	-0.016632	0.020905
-0.020600	-0.006256	-0.019074
0.103914	0.034333	0.059663
0.049592	0.021210	0.012970
0.065156	0.011444	0.035248
0.048676	-0.004120	0.028534
0.021210	0.007782	0.069734
-0.029145	-0.021210	0.029755
0.038300	-0.011139	0.015717
-0.058442	0.009918	0.009613
-0.155795	-0.019074	-0.026398
-0.058442	-0.015717	-0.006256
0.040436	0.001678	0.025788
0.053864	0.017243	0.010529
0.062104	0.003510	0.043793
0.039826	-0.016632	0.018158
-0.005646	-0.021820	-0.019074
-0.021820	-0.016022	-0.022126
0.003815	0.021210	0.057527
-0.009613	-0.006256	0.000153
-0.019684	-0.012360	-0.005035
-0.000763	0.003815	0.029145
0.011749	0.006256	0.068818
0.062715	0.009308	0.019379
0.083162	0.005035	0.032197
0.084077	0.010834	0.072175
0.044404	0.004425	0.044099
0.031586	-0.005341	0.007477
0.003204	0.003510	0.023346
-0.012055	-0.004120	0.006256
-0.013275	0.001068	0.053559
0.001373	0.014191	0.059663
0.050202	-0.006867	-0.013581
0.036469	-0.008698	0.019074
0.023651	-0.014191	0.009613
-0.010529	-0.044099	-0.073091
0.016632	-0.024872	-0.060578
0.037385	-0.008087	-0.025177
-0.018769	-0.040436	-0.037385
-0.014191	-0.031891	-0.022736
0.020294	-0.031586	0.081331
0.039521	-0.005341	0.118563
0.088655	-0.018158	0.041962
0.001678	-0.023651	0.029450
-0.037995	0.010834	0.044099
0.002899	0.029450	0.065766
0.063935	0.034943	0.098421
0.011749	0.036469	0.042267
-0.012360	0.011749	0.009613
-0.026703	0.010529	-0.012665
0.023346	0.014191	0.002899
0.024872	0.014191	-0.019379
0.020905	0.005035	0.009003
0.123751	0.029450	0.029145
0.075227	0.005646	-0.001373
0.018769	0.000153	0.009003
0.001984	0.006256	0.016327
-0.032807	0.000153	0.036469
-0.006561	0.005035	0.030060
-0.044709	-0.031281	0.011444
-0.035859	-0.033417	-0.023957
-0.001068	-0.018769	-0.040436
0.017243	-0.020600	-0.023346
0.020600	-0.016327	-0.062409
0.065461	-0.013275	0.003510
0.077974	-0.016022	0.033722
0.096895	-0.009003	0.020600
0.074617	-0.015717	0.013886
0.074311	-0.014801	0.018769
0.072786	-0.020905	-0.024262
0.030365	-0.010834	0.039521
-0.019989	-0.025177	-0.016327
0.025788	-0.018158	-0.012970
0.043488	0.005951	0.088960
-0.019989	0.002289	0.071870
-0.080720	-0.012360	0.044404
-0.108492	-0.042267	-0.016632
-0.080720	-0.008087	-0.017548
0.005341	0.018463	0.017853
0.110323	0.033112	0.000153
0.136873	0.042573	0.030976
0.127413	0.023957	0.024262
0.103914	0.023651	0.030671
0.073701	0.018463	0.038605
0.042878	0.005646	0.019684
0.021820	0.009003	0.024872
0.013886	-0.001984	0.008392
0.009918	0.003204	-0.002289
0.012970	0.001068	0.028534
-0.014801	-0.025177	-0.022126
-0.012970	-0.030365	-0.019074
-0.001678	-0.028840	0.019684
-0.001068	-0.016022	0.016632
-0.003815	-0.009003	0.047150
0.005035	-0.001373	0.048371
0.006867	0.012055	0.038605
-0.026703	0.009308	0.047456
0.043488	-0.001678	0.030060
0.048676	-0.019074	-0.031586
-0.012970	-0.024262	-0.070649
-0.016327	-0.045930	-0.088350
-0.002899	-0.022736	-0.000458
0.016632	-0.020600	0.003510
0.017243	-0.011139	0.005341
-0.005951	-0.009918	-0.060578
-0.006561	-0.025483	-0.030365
0.030365	-0.004120	0.093538
0.045624	0.004425	0.029450
0.048371	0.024567	0.065461
0.031281	0.021820	0.092622
0.029450	0.010224	0.068513
0.015412	0.002594	0.014801
-0.016632	-0.008087	-0.062104
-0.002899	0.003815	-0.009918
-0.018769	-0.017243	0.007782
0.025788	0.010834	0.054170
0.047761	0.006561	0.039521
0.026398	-0.005341	0.022736
-0.000153	-0.030060	-0.011139
-0.016938	-0.023041	-0.020600
-0.005341	-0.018158	-0.038605
0.023041	0.007782	0.025177
0.088655	0.021515	0.081636
0.029145	-0.006256	0.037079
-0.044404	-0.038300	-0.025788
-0.047150	-0.045319	-0.001678
-0.051728	-0.056306	-0.054170
-0.022736	-0.023041	-0.023957
0.032807	0.000153	-0.042267
0.110628	0.050202	0.102998
0.072786	0.041962	0.039521
0.075837	0.030671	0.027314
0.049897	0.014801	0.046235
0.054170	0.019379	0.038605
0.059663	0.053254	0.075532
0.061799	0.045930	0.097200
0.034943	0.025788	0.081331
0.024262	-0.011139	0.012665
0.001068	-0.010224	-0.040436
0.000763	-0.010529	-0.047150
0.020905	-0.005035	0.022126
0.028229	0.005646	0.019684
0.015717	-0.019989	0.011444
0.010834	-0.026093	0.001678
0.000763	-0.030671	-0.004730
-0.035554	-0.025788	-0.013581
-0.070954	-0.023957	-0.005035
-0.081331	-0.008087	-0.042573
-0.020600	0.016938	0.012055
-0.020294	0.020905	0.022126
-0.003510	0.001068	-0.028840
0.044404	0.001373	0.019989
-0.049287	-0.009918	0.023957
-0.043183	0.025788	0.132296
0.017853	0.023346	0.119478
0.029450	-0.018769	0.039826
0.102998	-0.016938	0.017243
0.080415	-0.004730	0.009613
0.084382	-0.011444	0.005951
0.051728	0.005341	0.032502
0.043793	0.007172	0.034333
0.043488	0.000763	0.042267
0.036774	0.000153	0.011444
0.027314	-0.016632	0.007172
0.037995	-0.013275	0.005035
0.040742	-0.018769	-0.004730
0.045014	-0.017853	0.006867
-0.034638	-0.027619	-0.022126
-0.043793	-0.023957	-0.019989
-0.042267	-0.008392	0.010834
0.035248	-0.006256	-0.050813
-0.021820	-0.001678	-0.054475
-0.040131	0.004730	0.026093
-0.040436	0.000153	-0.059358
-0.040436	-0.011749	-0.001373
0.035859	0.023041	0.082246
0.147555	0.039216	0.138705
0.093843	0.005341	0.071260
0.056001	-0.009003	0.055695
0.010834	-0.025788	0.037995
-0.004120	-0.056611	0.034333
0.005951	-0.035859	0.009308
0.002899	-0.027924	0.020294
-0.024872	-0.014801	0.018158
0.040436	0.020905	0.071260
0.060578	0.006561	0.012055
0.037079	0.005341	-0.027924
0.030060	0.025788	-0.009308
0.024567	0.027008	0.028229
0.010224	0.010834	0.003204
0.010834	-0.003204	-0.060883
0.021210	0.011139	0.018463
0.086824	0.016327	0.126497
0.030060	-0.006561	0.049287
0.055390	-0.007782	0.085298
0.140536	0.016327	0.069123
-0.009613	-0.011139	0.008698
-0.037385	-0.030060	0.007782
-0.021515	-0.012970	0.039826
0.009308	-0.030671	-0.027924
0.011749	-0.006256	-0.017548
0.024872	0.016327	0.036469
0.035859	0.039826	0.079805
0.024872	0.030060	0.057832
0.008698	0.020905	0.051728
0.020905	0.008392	-0.004730
0.008698	-0.014801	-0.006561
0.001984	-0.016327	-0.029145
0.012665	0.009308	0.029755
0.001984	-0.002289	0.030976
0.020294	-0.021210	0.009918
0.012055	-0.017243	-0.001984
-0.000763	-0.024567	-0.006561
0.007477	-0.005035	0.005341
0.017853	0.028229	0.018463
0.040131	0.034333	0.058137
0.026093	0.020294	0.040436
-0.000153	0.000153	0.005646
-0.007782	-0.017243	0.002289
-0.007477	-0.017853	0.011139
0.018158	-0.030060	-0.024567
0.018158	-0.002289	0.032197
0.009918	-0.005951	0.112764
-0.011444	-0.033417	0.042267
-0.010529	-0.016632	0.034333
-0.004730	-0.032502	0.030365
-0.009308	-0.034333	0.006561
-0.003204	-0.031891	-0.030060
0.000458	-0.027008	-0.003204
-0.017243	-0.014191	-0.043183
-0.012665	-0.011749	-0.077974
0.009308	-0.001984	-0.024872
-0.011139	-0.000458	-0.065156
-0.005341	0.019074	0.008087
-0.023041	0.034943	0.084077
-0.054780	0.019074	0.098421
0.010834	0.023041	0.068513
0.088960	0.029145	0.092927
-0.025483	-0.012055	0.032807
0.059358	-0.012970	0.023041
0.033417	0.001984	0.029145
0.027619	-0.005646	0.029145
0.057832	0.007782	0.025177
0.011139	-0.006256	-0.007782
0.098421	0.001678	-0.007477
0.059968	0.005951	0.013886
0.004425	-0.008087	-0.011444
-0.002899	-0.005951	-0.000153
0.001373	-0.014191	0.007477
0.020905	0.023651	0.087739
0.079805	-0.014801	0.055085
0.064851	-0.054475	-0.025177
0.047456	-0.021515	0.059663
0.012970	-0.026703	0.034638
0.041047	-0.004730	0.028534
0.037690	0.014801	0.044099
0.022126	0.000458	-0.015717
-0.004120	0.000458	-0.046235
0.010529	-0.007477	-0.006561
0.005951	-0.027924	0.037995
-0.076753	-0.057832	-0.010224
-0.077363	-0.062409	-0.064851
0.002594	-0.023346	-0.065766
0.095369	0.062104	0.051423
0.028229	0.048371	0.042267
-0.002594	0.043488	0.041657
0.047456	0.029450	0.007172
0.009918	0.000153	0.008698
0.027314	0.018463	0.024262
0.094148	0.017853	0.109712
0.063935	0.009003	0.056306
0.026093	-0.026398	0.057527
0.000153	-0.030060	0.042267
-0.016022	-0.035554	-0.024262
-0.013581	-0.033722	-0.098726
0.007477	-0.002899	-0.028534
0.033112	0.013275	0.056611
0.026093	0.027008	0.085603
0.016938	0.024872	0.072786
0.020294	0.014496	0.073396
0.009003	-0.002594	-0.010529
0.005035	-0.007782	-0.023041
0.011139	-0.014496	-0.088960
0.007782	-0.009308	-0.054170
-0.012970	-0.018158	-0.012360
-0.009613	-0.015106	0.009003
0.014801	0.015412	0.084077
0.026398	0.017548	0.076753
0.017243	0.003204	0.048371
-0.010224	-0.027314	0.025177
0.008087	0.001678	0.126497
0.008698	-0.006867	0.069734
0.025788	-0.015412	0.019684
0.026093	-0.021210	-0.016632
0.033417	0.018463	0.047456
0.013581	0.006867	0.036469
-0.003815	0.012360	0.026398
0.012360	0.018158	0.033417
0.062104	0.034943	0.044099
-0.001678	-0.004425	0.044099
0.075532	0.004120	0.097810
0.022126	-0.038911	0.021515
0.070344	-0.026093	0.047456
-0.009003	-0.029755	-0.025483
-0.027924	-0.052033	-0.084077
0.041352	-0.020905	-0.054475
0.054780	0.008698	0.063935
0.021515	-0.006256	0.028840
-0.016327	-0.030976	0.014801
-0.009308	-0.020294	0.045624
-0.034333	-0.002594	0.028840
-0.082246	0.028534	0.082551
-0.143893	0.018158	0.034333
-0.173495	0.000153	0.008698
-0.030060	0.012665	0.035248
0.240330	0.042573	0.023651
0.142061	0.050813	0.011749
0.088045	-0.031891	-0.125582
0.063325	-0.038911	-0.097810
0.014801	-0.039521	-0.064546
-0.011444	-0.025177	0.011139
0.008698	-0.006561	0.103609
0.039521	0.020905	0.106966
0.113985	0.035859	0.108186
0.085603	0.005646	0.023651
0.028840	-0.016022	-0.059663
0.029755	0.003815	-0.043793
0.044404	0.013581	-0.035248
0.045930	0.016327	0.013581
0.040131	0.003510	0.008087
0.020294	-0.007782	-0.005951
0.011444	-0.010529	0.020600
0.004730	0.000153	0.036774
-0.030976	0.004730	0.040436
-0.062715	-0.015106	0.034943
-0.072786	-0.029755	0.019379
-0.018158	-0.004120	0.066987
0.089265	0.020294	0.041962
0.061799	-0.005646	-0.004730
0.002899	-0.009918	-0.005035
0.009003	-0.006867	-0.023346
0.026093	-0.020600	-0.002899
0.003510	0.001984	0.049897
0.011749	0.006867	0.076143
0.063020	-0.004730	0.017853
0.019074	-0.035859	-0.027314
0.016327	-0.023651	0.017243
0.078584	-0.002289	0.076753
0.032197	0.008392	0.045014
0.000763	-0.016632	0.002289
0.015412	0.016022	-0.032502
0.041657	0.029450	-0.026398
0.042573	0.029755	0.067903
0.016022	0.030365	0.102693
-0.050202	0.025483	0.110018
-0.047761	0.002289	0.044709
-0.057221	-0.022126	0.001984
-0.035859	-0.037079	-0.035248
-0.026703	-0.020600	0.013886
-0.005035	-0.005646	0.046235
0.014801	-0.016938	0.075837
0.034638	-0.025788	0.031281
0.060578	-0.021210	-0.000763
0.048066	-0.009918	0.003204
0.084077	-0.010834	0.012970
0.077668	-0.017853	0.002594
0.064851	0.008698	-0.002289
0.062715	0.011749	0.023041
0.046235	0.007782	0.012055
0.026398	-0.009308	-0.000153
0.006256	-0.000763	0.009613
0.011444	-0.008087	0.038911
0.006256	-0.050813	0.011139
-0.017853	-0.044404	-0.063325
-0.005035	-0.027314	-0.053864
0.003815	-0.003815	-0.059663
0.050202	0.036469	0.038300
0.027924	0.026398	0.027619
0.017243	-0.002289	-0.020905
0.069734	0.036469	0.108186
0.061189	0.022126	0.066987
0.031281	0.021515	0.040742
0.034638	0.010529	0.035554
0.033417	0.002899	0.038605
0.037690	0.013275	0.048066
0.030060	0.005646	0.059358
0.013275	-0.019684	0.010224
0.007477	-0.034943	0.046235
-0.023041	-0.055695	-0.002289
-0.057221	-0.081636	-0.070649
-0.082551	-0.051728	-0.009613
-0.006561	-0.042267	-0.004730
-0.010529	-0.050813	-0.093843
0.027924	0.004730	-0.073701
0.078889	0.065766	0.025788
0.053254	0.056306	0.019684
0.036469	0.038605	0.002899
0.010529	0.012055	-0.024262
0.009308	0.012970	-0.044404
0.016632	0.018158	-0.002899
0.016938	0.001068	-0.026398
0.016327	-0.007477	-0.012970
0.053254	0.025177	0.131075
0.015106	0.018463	0.100252
-0.058747	-0.006256	0.062409
-0.076448	-0.013275	0.010834
-0.098726	-0.022431	0.037079
-0.048981	-0.010224	0.053254
0.110933	0.019379	0.007477
0.022736	-0.004730	0.016327
0.000763	-0.011139	0.024262
0.097200	0.009308	0.045624
0.074617	0.010224	0.007477
0.088960	0.040742	0.013581
0.130770	0.033417	0.063935
0.059663	0.002289	0.041657
0.022736	-0.014801	0.000763
0.001068	-0.023957	-0.050507
-0.000153	-0.017853	-0.016938
0.019379	-0.020600	-0.039216
0.034028	-0.008087	0.009918
-0.002899	-0.022736	-0.002594
0.012970	0.006561	0.044709
0.101472	0.035248	0.104829
0.011139	-0.009308	0.047456
-0.009003	-0.028229	0.033112
0.038300	-0.004120	0.012665
0.016632	-0.018158	-0.047150
0.008392	-0.005341	-0.008698
0.012665	0.005646	0.041352
-0.003510	-0.034943	-0.034028
-0.031586	-0.048371	-0.038300
-0.023957	-0.045014	-0.017853
0.024872	-0.016632	0.001068
0.012970	-0.026703	-0.024567
-0.001678	0.000153	0.044404
0.034638	0.027314	0.074617
0.047150	0.030671	0.047761
0.030671	0.029755	0.041047
0.027314	0.025177	0.027008
0.047456	0.026398	0.065461
0.030060	0.012055	0.016632
0.046235	0.019379	0.066682
-0.027008	-0.006561	0.035859
-0.070954	-0.019074	0.036164
-0.094759	-0.023957	-0.001984
-0.065766	-0.006561	0.034333
0.094453	0.028229	0.066072
0.006867	0.001984	0.037690
-0.002899	0.011444	0.030671
-0.006867	0.007782	0.057527
0.037079	-0.015717	0.017243
0.074311	-0.004730	0.007477
0.009003	-0.009918	0.031586
0.002289	0.000763	0.036469
0.030671	0.001984	0.012665
-0.018463	-0.028840	-0.033722
0.038911	-0.044709	-0.102693
0.052949	-0.017548	0.000153
0.037079	-0.022736	0.022126
0.022431	-0.018769	0.015717
-0.009918	0.013581	0.097505
0.003510	0.005646	0.042573
0.023041	0.018463	0.003204
-0.015717	0.006561	-0.004425
-0.013886	-0.011749	0.020294
-0.021515	0.001373	0.033417
-0.047456	0.004730	0.023041
-0.094453	-0.004120	0.011444
-0.035859	-0.012665	0.062409
0.003204	-0.028229	0.059968
-0.005951	-0.042878	0.029145
0.019379	-0.044099	-0.026398
0.076448	-0.006867	0.016327
0.095979	0.001678	0.024567
0.064851	0.005341	-0.016632
0.040436	0.010224	-0.047456
0.103609	0.018769	0.000458
0.037690	0.007782	-0.015106
0.003815	-0.001373	-0.034028
0.029755	-0.003815	0.002594
0.060273	-0.003204	-0.026398
0.078584	0.042267	0.055085
0.044404	0.018463	0.062104
0.030060	0.021820	0.050507
0.003204	0.017548	0.046235
-0.004425	-0.003204	0.026093
0.098726	-0.005951	0.011749
0.110933	-0.005035	-0.005341
0.076143	0.017548	0.089265
0.059358	0.028534	0.134127
0.045930	0.030060	0.083772
-0.004120	-0.010529	0.008087
-0.053559	-0.023651	-0.047150
-0.059358	-0.022736	-0.019989
-0.085603	-0.009613	0.020600
0.048676	0.015717	0.000458
0.080720	0.020905	0.023346
0.145418	0.001068	0.021820
0.048066	-0.010224	-0.003510
0.008087	-0.035554	0.005951
-0.009308	-0.026093	0.009308
-0.032197	-0.038300	0.043183
-0.018158	-0.035554	0.012055
0.044709	-0.029755	0.041962
-0.019074	-0.030671	0.037690
0.005341	0.004120	0.069429
0.029450	0.012665	0.063020
0.037690	0.038300	0.090791
0.040742	0.036164	0.105745
0.031281	0.027008	-0.012055
0.011749	0.014801	-0.001373
0.023957	0.003510	0.000458
-0.001373	-0.010529	-0.031281
-0.037079	-0.031586	-0.016022
-0.012665	-0.014801	-0.015106
-0.001373	-0.023651	0.009613
-0.035859	-0.039826	-0.056306
-0.026398	-0.059663	-0.049287
-0.006867	-0.007477	-0.044404
0.015106	-0.003510	0.015106
-0.012665	-0.011749	0.016938
-0.009613	-0.019989	0.045930
0.000458	-0.019074	0.098116
0.052338	-0.012360	0.140230
0.052949	-0.008698	0.089876
0.007172	-0.010529	-0.012055
0.031281	0.009003	0.049592
0.043183	0.012665	0.006867
0.043793	0.027619	0.015717
0.043488	0.044099	0.089570
0.031586	0.030365	0.134127
-0.002594	-0.005951	0.027008
-0.018769	-0.038300	-0.008087
-0.019379	-0.019989	-0.060578
-0.001678	-0.002899	0.000458
0.024567	-0.001373	-0.001678
0.039216	0.030060	0.039826
0.023651	0.017243	0.027314
0.012360	0.003815	0.008087
0.030976	0.018158	0.018463
-0.008392	-0.003204	-0.044099
-0.013886	0.007782	-0.003204
-0.008698	-0.005646	0.025788
0.014801	-0.018769	-0.004730
0.043793	0.013886	0.047150
0.054780	0.017853	0.040131
0.048981	0.001984	0.018463
-0.026398	0.007172	0.031891
-0.012970	-0.008087	0.024872
-0.003815	-0.020294	-0.050813
-0.042573	-0.029145	-0.054780
0.003815	0.009003	-0.006256
-0.026398	0.027008	0.075227
0.009918	0.022126	0.057527
0.027314	0.014801	0.023041
0.025177	0.012055	0.032807
-0.035554	-0.019379	0.010834
-0.055085	-0.020600	0.013275
-0.071870	-0.031586	0.015717
-0.009308	-0.035248	0.016938
0.180209	-0.004730	-0.000153
0.107881	-0.021515	-0.031891
0.006256	0.003204	-0.066377
0.015717	0.022431	0.021210
0.021515	0.007782	0.002899
0.081941	0.015412	0.001984
0.076448	-0.004120	-0.004730
0.062409	0.014801	0.056306
0.076753	0.029755	0.088655
0.082246	0.004120	0.105440
0.081025	0.019684	0.106050
0.045319	-0.006256	0.052033
0.030365	-0.024567	-0.027314
0.036774	-0.013581	-0.017243
-0.002289	-0.017548	-0.035859
0.003510	-0.027008	-0.037079
0.075532	0.000458	0.036469
-0.081331	-0.064851	-0.041352
-0.104524	-0.037995	-0.081331
-0.070954	-0.017853	-0.011444
-0.009003	0.013275	0.032502
0.113680	0.023957	0.047456
0.051118	0.008698	0.029450
0.014191	-0.009918	0.033417
-0.061189	0.005341	0.060578
-0.068513	-0.015106	0.034638
-0.022736	-0.000763	0.062104
-0.008392	-0.009918	0.058747
-0.014496	-0.026093	-0.005646
-0.009613	0.000763	-0.007477
-0.001373	0.005646	0.014801
0.060273	0.008087	0.025177
0.101472	0.016022	-0.021820
0.057221	-0.011749	-0.038605
0.054780	-0.010224	-0.030976
0.021210	0.006561	0.016327
0.068513	0.020294	0.048066
0.106661	0.023041	0.008698
-0.011749	0.004120	-0.004425
0.028840	-0.000153	-0.005035
0.020294	-0.002289	-0.028229
-0.003815	-0.013581	-0.029450
0.005035	0.008087	0.017243
0.008087	0.001984	0.028534
0.007477	-0.028534	-0.058137
0.009003	-0.013581	-0.001984
0.040742	0.019074	0.072175
0.030060	-0.004425	-0.021515
0.024872	-0.003204	-0.036774
0.054780	0.009003	0.013886
0.032807	0.036164	0.113985
0.056916	0.051423	0.196994
0.036164	0.031586	0.120394
0.039521	0.020905	0.074006
0.022126	-0.003815	0.055390
0.018463	-0.008087	0.055085
-0.009003	-0.026703	0.003815
-0.021515	-0.037690	-0.048371
-0.023346	-0.034943	-0.047456
-0.025788	-0.029450	-0.055390
0.017548	-0.012055	-0.024262
0.031281	-0.010834	-0.024262
0.005035	-0.015717	-0.002899
-0.039521	-0.015106	0.009308
0.009918	0.016022	0.116426
0.014191	0.022431	0.101778
0.053559	0.007477	0.072480
-0.042573	-0.009308	0.028534
-0.043793	-0.012665	0.011444
-0.018158	-0.012970	0.007172
0.001068	-0.012665	-0.023957
0.020294	-0.018769	-0.008392
0.005035	-0.033112	-0.009918
0.011139	-0.054170	-0.058442
-0.013581	-0.030976	-0.054170
0.022126	0.019684	0.026398
0.034638	-0.005951	0.021820
0.062409	0.040131	0.093233
0.050813	0.041047	0.097200
0.045319	0.027924	0.067292
0.025483	-0.003204	0.040131
0.028229	0.004730	0.072175
0.005951	-0.012665	0.000153
0.004730	-0.003510	-0.019074
0.034638	-0.009918	-0.022736
-0.020905	-0.036774	-0.000458
-0.054170	-0.064240	-0.033112
-0.073091	-0.071260	0.013581
-0.049897	-0.065766	-0.024262
0.063630	-0.045624	-0.064851
0.095674	0.013886	-0.032197
0.125277	0.095674	0.078889
0.049897	0.059052	0.021515
0.018769	0.040742	0.007172
0.020905	0.026398	0.014496
0.057832	0.018769	0.042267
0.008087	-0.000763	0.024262
-0.032197	-0.017243	0.019989
0.074311	-0.005341	0.010529
-0.005646	-0.013886	-0.035859
0.070344	0.007782	0.016632
0.055390	0.009003	0.021820
-0.005341	-0.010529	-0.034028
-0.023041	-0.014191	-0.038911
0.002594	-0.005341	0.008698
0.045624	0.024872	0.074922
0.070649	0.041962	0.102083
0.024262	0.004425	0.005951
-0.020905	-0.029755	-0.073396
-0.029145	-0.015412	0.006256
-0.031281	-0.019074	0.005341
-0.045930	-0.010834	0.025177
0.019379	-0.008392	-0.019379
0.113375	-0.001984	0.040436
0.036469	-0.025788	0.000763
0.005646	-0.004730	-0.012970
0.027314	0.002899	-0.007477
0.099031	0.033112	-0.005341
0.074006	0.024262	0.000763
-0.055390	-0.001984	-0.013275
-0.011139	-0.021515	0.001984
0.025177	-0.023041	0.018769
0.067903	0.003204	0.089265
0.056001	-0.005341	0.041657
0.022431	-0.004120	-0.009003
0.031586	-0.008698	0.014191
0.025177	0.012970	0.044404
0.031586	-0.012055	0.053254
0.049592	-0.001984	0.016632
0.014496	0.001068	0.021820
0.009308	-0.008392	0.024872
0.008392	-0.004425	0.002899
0.016327	0.006256	0.070649
0.015717	-0.016632	0.114290
0.025177	-0.001373	0.054475
0.019074	0.005951	-0.000763
0.014496	0.016327	0.015106
-0.045624	-0.016632	0.026398
-0.060883	-0.025483	-0.025483
-0.070344	-0.038300	-0.067292
0.041047	0.006867	-0.011749
0.035248	0.038911	0.080110
-0.009308	-0.013886	-0.005035
0.030671	-0.022126	0.002289
0.043488	-0.025177	0.019379
-0.009918	-0.024567	0.001068
-0.033112	-0.019379	-0.010224
0.037995	-0.001984	0.042267
0.042573	-0.001984	-0.012970
0.066987	0.013886	0.002289
0.080720	0.006561	-0.011749
0.077668	0.005646	0.027008
0.015106	0.018158	0.081941
0.013275	0.018769	0.029755
0.048066	0.015717	0.021515
0.024567	0.027924	0.062104
-0.020600	-0.014496	-0.004730
-0.105745	-0.027924	-0.040436
-0.117647	-0.029450	-0.017853
-0.101472	-0.023957	0.021820
-0.059968	-0.020600	-0.002289
0.131685	0.006561	-0.014801
0.152132	0.027314	0.040742
0.145724	0.012055	0.093538
0.043183	-0.005951	0.040742
0.037079	0.002594	0.056001
0.031281	-0.017548	0.016327
0.016327	-0.033417	-0.047761
0.006867	-0.029755	0.020905
-0.001373	-0.012665	0.011139
0.019379	0.011139	0.059358
0.006561	-0.012360	0.031586
0.019379	-0.009003	-0.036774
0.005341	-0.034028	-0.027008
-0.016938	-0.038605	0.001373
0.052033	0.007477	0.070649
0.030365	0.009003	0.121920
0.026398	-0.027924	0.020600
0.040436	0.016938	0.058747
0.036469	0.020294	0.094148
0.012665	0.009613	0.034943
0.031586	0.001373	-0.020600
0.026093	0.005646	-0.029755
0.020600	-0.004730	0.011444
-0.016938	-0.009613	0.006561
-0.030976	-0.024262	0.011139
0.000458	-0.007477	0.088350
0.005341	0.005341	0.082856
0.075532	0.019684	0.056611
0.064240	0.005951	0.011139
0.039521	0.007477	0.020294
0.030976	0.016022	0.057832
0.034943	-0.006561	-0.026703
0.028534	-0.000763	0.007477
0.012055	-0.006867	0.025788
-0.032502	-0.019379	0.017548
-0.063325	-0.024872	0.032197
-0.093233	-0.027924	0.016022
-0.113375	-0.030060	-0.011444
-0.042573	-0.009613	0.035859
0.097505	0.013886	0.037385
0.095674	-0.003510	0.025788
0.038911	-0.006256	-0.031891
0.027314	-0.004730	-0.077668
0.033722	0.008392	-0.030976
0.001678	0.000458	-0.037079
-0.042878	-0.032197	-0.037385
0.008698	-0.033722	-0.017243
-0.002594	-0.063630	0.032502
0.059663	-0.016632	0.043183
0.045319	0.018769	0.104219
0.029145	0.029450	0.092622
0.083162	0.057221	0.061189
0.063020	0.035248	0.019074
0.047150	0.011139	-0.009613
0.040131	0.013581	-0.043183
0.018158	0.032197	-0.015106
0.011139	0.026093	0.065766
0.039216	0.035859	0.078584
0.016632	0.030060	0.073091
-0.010834	0.015717	0.082856
-0.018769	-0.004730	0.024262
-0.020600	-0.021515	-0.013581
0.035554	-0.010529	0.007782
-0.003204	-0.022431	-0.014191
0.038300	-0.021210	0.005646
0.040436	-0.019989	0.031891
0.033417	-0.019379	0.029145
0.017243	-0.019379	0.017548
0.006867	0.002594	0.069734
-0.028840	-0.005341	0.047456
-0.071565	-0.016327	0.048676
-0.168612	-0.016938	0.030060
-0.154269	-0.005035	0.048676
-0.114900	-0.009003	0.065461
0.081636	0.009918	0.059968
0.190280	0.029755	0.082246
0.050202	-0.024262	0.021515
0.067597	-0.038300	0.002899
0.112154	0.009613	0.052338
0.094453	0.014801	0.040436
0.063935	-0.012360	0.021515
0.048981	0.010834	0.099947
0.052338	0.006256	0.093843
0.027008	-0.005341	0.066682
0.028840	-0.022431	0.045624
0.008087	-0.007782	-0.012970
0.011139	-0.019074	-0.016327
0.021820	-0.027619	-0.008087
-0.004425	-0.023041	0.009308
-0.005035	-0.027619	0.014191
-0.007477	-0.021515	-0.036469
0.035248	-0.002899	0.016632
0.076448	-0.008698	0.013581
-0.027924	-0.047150	-0.034943
-0.071870	-0.054475	-0.056611
-0.052644	-0.034638	-0.034333
-0.010224	-0.031281	-0.045319
0.013275	-0.003815	0.031586
0.058137	0.048371	0.160983
0.051423	0.039826	0.106355
0.061494	0.047761	0.124361
0.058747	0.040742	0.085908
0.033112	0.034943	0.076448
0.008087	0.013275	0.026398
-0.014191	0.010224	0.041962
-0.067597	-0.022736	0.014191
-0.039521	-0.000763	-0.003204
-0.027619	-0.003510	-0.027314
0.027008	-0.005951	-0.074617
0.101472	0.017853	0.054170
0.013275	-0.021515	0.043488
0.016022	-0.005341	0.037079
0.000763	-0.005341	0.060273
0.034028	-0.005035	0.033722
0.034333	0.000763	0.045624
0.030365	-0.002289	0.029145
-0.001068	-0.034333	-0.020905
-0.011749	-0.045014	-0.061799
0.010834	-0.036774	-0.035859
-0.005341	-0.023346	-0.009003
-0.005951	-0.030976	0.000458
-0.013275	-0.012970	0.047150
-0.010224	0.018463	0.058442
-0.002899	0.005035	0.062104
-0.135653	-0.026703	0.106355
0.010529	-0.003204	0.095674
0.142061	0.017853	0.091707
0.182040	0.016632	0.027008
0.090486	0.007477	-0.008698
0.082551	0.016022	-0.005341
0.028229	0.004425	0.034333
0.020600	-0.007782	0.039216
0.024872	-0.017853	-0.008392
0.021515	-0.018463	-0.016327
0.043488	0.006561	0.026093
0.030365	0.005035	-0.010529
0.025177	-0.019074	-0.014191
0.032807	-0.004730	0.039521
0.026398	-0.014496	0.086824
0.016327	-0.021515	0.047761
0.009003	0.007782	0.072175
-0.014801	-0.010529	0.031891
-0.008698	0.001984	0.010224
0.012665	0.006256	-0.013275
0.052949	0.014191	-0.024262
0.023041	0.009003	0.016938
0.069734	0.017853	-0.020905
0.064546	0.023651	-0.012055
0.035554	0.017853	0.019684
0.001068	-0.004425	0.059968
-0.024872	-0.024262	-0.012665
-0.000458	0.002594	0.030060
0.078584	0.022736	0.068513
0.020905	0.007782	0.067597
-0.012055	-0.008698	0.035248
0.003510	-0.009613	0.063935
-0.000153	-0.024567	0.041352
0.014496	-0.004120	0.056611
0.013886	0.005341	0.001373
0.075227	0.011749	0.017243
-0.001373	-0.009308	0.002899
-0.056611	-0.024567	0.001678
-0.061189	-0.016632	0.002289
0.003204	-0.006256	0.004120
0.084688	-0.010224	-0.015412
0.058442	-0.006867	-0.035554
0.025788	-0.001068	-0.012665
0.046845	0.028840	0.004120
0.066987	0.011444	0.024872
0.007172	-0.004425	0.035859
-0.005341	0.005646	0.039216
0.001373	-0.001068	0.021515
-0.003204	0.023346	0.006867
0.022736	0.021210	0.006561
0.009613	0.024262	0.049897
0.026093	0.012970	0.070344
0.013581	-0.004730	0.041047
-0.025483	-0.027619	-0.005951
-0.037385	-0.002594	-0.049287
0.015412	-0.016632	-0.001068
0.013581	-0.022736	-0.028840
0.030976	-0.009308	0.032197
0.031891	-0.011749	0.077668
0.031891	0.006256	0.097810
0.013275	-0.007477	0.083162
0.002899	0.000153	0.039521
0.007172	-0.001678	-0.048981
0.015717	0.011749	-0.072175
0.004120	-0.016632	-0.093233
0.011749	0.023346	-0.025788
0.024567	0.032807	0.037079
0.015412	0.003204	0.016632
0.010834	-0.009308	0.043183
0.024567	-0.027619	0.011749
-0.006256	-0.014801	0.021820
-0.031891	-0.017243	-0.016938
-0.049897	-0.020294	0.023651
-0.018463	-0.006561	-0.014496
0.009918	0.018158	-0.016327
0.019989	0.015412	0.005341
0.106050	0.034028	0.051423
0.070954	0.032502	0.095674
-0.012970	-0.012055	0.045624
-0.035554	-0.014191	0.063325
-0.055085	-0.018463	0.023651
0.015717	-0.013581	-0.015412
0.040742	-0.013886	-0.030976
0.060273	0.013275	0.012360
0.007477	0.013581	0.065766
0.023041	0.012360	0.072786
-0.087739	-0.019684	0.022126
-0.017548	-0.028229	0.020294
0.132296	-0.006867	-0.027008
0.113375	-0.001678	-0.008087
0.053559	-0.006561	0.032197
0.034333	-0.005951	0.022736
0.035248	-0.008392	0.037079
0.051423	0.013275	0.052949
0.041352	-0.003510	0.074311
0.012970	-0.023651	0.033112
-0.001678	-0.017548	0.023957
0.011444	-0.011444	0.042878
0.019379	-0.001678	0.024872
-0.006256	-0.015106	0.010834
0.001373	0.003204	0.030671
0.005035	-0.009918	0.054475
0.038300	0.006867	0.067597
0.013581	-0.005341	0.035248
-0.036469	-0.030060	0.021210
-0.059663	-0.037385	-0.001068
-0.014191	-0.012665	0.006867
0.034638	-0.004425	0.063935
0.188449	0.029450	0.100557
0.064851	0.021210	0.101778
0.011139	0.001068	0.019989
0.005951	-0.007782	-0.001984
-0.014496	0.003204	-0.036164
0.046540	0.032502	0.012665
0.031281	0.014191	0.021820
-0.040436	-0.015412	-0.055085
-0.063935	-0.015412	-0.017853
-0.091096	-0.025483	0.035554
-0.026093	-0.031891	-0.017243
-0.009003	-0.060273	-0.009003
0.032197	-0.023041	0.000763
0.144198	0.009918	0.115816
0.099947	0.006561	0.087129
0.059663	-0.005035	0.026093
0.070344	0.006561	0.007172
0.047761	0.016938	0.010834
0.043183	0.031891	0.064851
0.041047	0.012665	0.028534
0.052644	0.017243	0.010834
0.038605	0.012360	0.005035
0.025483	0.012665	0.025788
0.011139	-0.003510	0.066377
0.002289	-0.011139	0.023651
-0.014801	-0.011139	0.022736
-0.027924	-0.023346	-0.035859
-0.035248	-0.010529	-0.050813
-0.021515	0.001678	-0.042878
0.019989	0.003815	0.010834
-0.030976	-0.008087	-0.040436
-0.061799	-0.025177	-0.019989
-0.000153	0.009003	0.044709
0.032197	0.011749	0.147860
0.028229	0.002594	0.060578
0.026398	-0.021820	0.012055
0.041047	-0.007477	-0.009003
0.039826	-0.005646	-0.025483
0.055085	0.017548	0.042878
0.073701	0.011444	0.052644
0.045930	0.009613	0.011749
0.016022	0.010529	0.061799
0.012970	-0.015412	-0.004120
-0.005646	-0.028840	-0.032502
-0.006561	-0.022126	-0.010224
0.028840	-0.016938	0.076143
0.005646	-0.026093	0.063325
-0.005646	-0.014801	0.064240
0.017853	0.005035	0.053559
0.022126	0.012970	-0.030365
0.009918	-0.006561	-0.043793
0.020294	-0.011749	-0.004120
0.049897	-0.006256	0.047456
0.099947	0.004425	0.007782
0.082551	0.005646	-0.009613
-0.007782	0.009308	0.020294
0.018769	0.013581	0.027924
-0.073701	0.016327	0.029450
-0.048981	-0.000763	0.057527
-0.012665	-0.039826	-0.028534
0.058747	-0.017853	-0.016327
0.045014	-0.011139	0.011444
0.037690	-0.006867	0.053559
0.038911	-0.005341	0.069734
0.016632	-0.019989	0.068208
0.019074	-0.017853	0.030365
0.038911	-0.003204	0.030365
0.033417	-0.011749	0.043488
0.013275	-0.001678	0.022736
0.009918	0.009918	-0.002289
0.007782	-0.001068	0.023041
0.021515	-0.003815	0.047456
0.014496	0.000458	0.028840
0.020905	-0.016327	0.025483
0.001373	-0.020600	0.023957
-0.015412	-0.023041	0.001678
-0.039826	-0.016632	-0.042573
-0.016938	-0.003815	-0.017853
-0.013275	0.014801	-0.019074
-0.030976	0.012970	-0.010224
-0.045930	0.019074	-0.008698
-0.043793	0.022431	0.061494
-0.080415	0.008698	-0.000153
0.059968	0.011749	0.081636
0.076143	0.011749	0.071565
0.100252	0.005341	0.077668
0.139925	0.030976	0.076753
0.084688	0.009003	0.051423
