0.016938	-0.000458	0.019379
0.045319	0.019379	-0.021210
0.051423	0.026093	-0.178378
0.013581	0.007172	-0.140230
0.024567	0.023651	-0.035248
-0.009003	-0.029755	-0.036774
-0.002289	-0.026703	-0.013581
-0.010529	0.001984	0.018769
-0.009308	0.013886	0.027008
0.011749	0.004120	-0.008698
0.045624	0.006867	0.025483
0.029450	-0.009308	0.035248
0.026398	-0.021210	0.046235
0.014191	-0.023651	0.046540
0.016327	0.005646	0.039216
0.022431	0.018769	0.012360
0.012970	0.037690	0.066987
0.027314	0.098726	0.059968
0.043793	0.063935	0.030976
0.074006	0.035859	0.092927
0.022431	-0.037995	0.054170
-0.051423	-0.115511	0.063935
-0.059358	-0.124666	-0.010834
-0.030365	-0.121309	-0.001068
-0.005951	-0.037995	-0.029755
0.066072	0.031586	0.019684
0.116426	-0.020600	0.034638
0.039826	-0.037079	-0.019379
0.013581	-0.018463	0.016938
0.016632	-0.014496	-0.023957
0.016022	-0.000763	0.000763
0.025177	0.014801	0.057221
0.008698	0.029145	-0.025483
0.003815	0.010529	-0.021515
0.005341	-0.005035	-0.032197
-0.015106	-0.006256	0.007477
-0.018158	0.002594	0.027008
-0.015106	0.001984	0.050507
-0.009613	0.009003	0.042267
0.035554	0.023346	0.018463
0.027008	0.027619	0.027619
-0.007782	0.044709	0.044099
-0.050813	-0.032197	0.059663
-0.069429	-0.050507	0.065156
-0.027619	-0.026093	0.006256
0.014801	-0.046540	-0.036469
0.121004	-0.015412	-0.007782
0.082551	0.042267	-0.001984
0.082856	0.099641	-0.023041
0.079194	0.076143	-0.033722
0.073396	0.056001	-0.027924
0.067292	0.046235	0.005646
0.016632	0.015106	-0.002289
-0.017243	-0.009003	0.034638
-0.001068	0.041352	0.114900
0.019074	0.037690	0.093843
0.007782	-0.038911	0.083772
-0.020294	-0.095369	0.038300
-0.037079	-0.131075	-0.021515
-0.026703	-0.089876	-0.086213
-0.006867	-0.026398	-0.037995
0.001678	-0.009003	0.030671
0.013275	0.003204	0.015106
0.022126	0.003204	0.046235
0.009918	0.005951	0.052338
-0.004120	0.023957	0.041962
-0.031586	0.005035	0.050507
-0.048066	-0.009308	0.045624
-0.056001	0.001373	0.054780
-0.002899	0.002594	0.023651
0.038605	-0.025483	0.000153
0.006256	-0.030671	-0.005035
0.013886	-0.012970	0.037690
0.046540	-0.009308	-0.018769
0.111543	0.007172	-0.036774
0.058747	-0.027924	-0.010224
0.037995	-0.003204	0.009613
0.039521	0.035248	0.040436
0.049897	0.060578	0.095674
0.013581	0.044099	0.058442
0.009918	0.047761	0.063020
0.023346	0.037995	0.093843
0.011139	-0.035859	0.077363
0.010224	-0.047456	0.073091
0.024567	-0.024262	0.067597
0.010529	-0.015412	0.044404
0.029450	-0.012970	0.018769
0.001984	-0.012055	0.005341
0.007477	-0.023957	-0.046845
0.015106	-0.009918	0.018463
0.005341	0.003204	-0.006867
0.005951	-0.009613	0.005035
0.006256	-0.002594	0.000153
0.015412	-0.006561	0.014496
0.015106	0.006867	0.049287
0.030365	-0.003815	-0.027314
0.017243	-0.005951	-0.101778
0.021820	-0.014496	-0.036164
0.028229	-0.016022	-0.012665
0.024567	-0.016327	-0.019989
0.005646	0.010224	0.016327
-0.008392	0.011749	-0.016327
0.024262	0.010529	0.012360
0.046235	0.031891	-0.022431
0.086824	0.008087	0.009918
0.045930	-0.019989	-0.009918
0.005951	-0.017853	-0.014801
0.038605	0.001068	0.004730
0.024262	-0.013275	-0.044709
0.019379	-0.021820	-0.020600
0.014191	-0.011749	0.013275
0.018769	-0.005951	-0.005646
0.007782	-0.013886	0.012665
0.028534	-0.009308	0.008392
0.032502	-0.016938	-0.011139
0.040131	-0.016327	-0.018769
0.017853	-0.019379	0.013886
0.030671	0.005646	0.074617
0.028840	0.024872	0.120089
0.016938	0.050813	0.110323
0.017853	0.058442	0.062104
0.021820	0.055390	0.067903
0.033112	0.040131	0.044099
0.027314	0.021210	-0.012665
0.063935	0.011139	-0.044099
0.018463	-0.058137	-0.056306
0.011749	-0.045319	-0.077974
0.012970	-0.009308	-0.095979
0.017853	-0.014191	-0.040742
-0.001678	-0.060883	0.012055
0.007782	-0.102998	0.012360
0.013275	-0.091096	-0.030976
0.030060	-0.053254	-0.010834
0.058442	-0.008087	-0.035248
0.039521	0.003815	0.014801
0.020294	-0.020905	-0.005341
0.016022	0.025483	0.024872
0.005035	0.025788	0.027924
-0.001984	0.001373	0.015717
0.000458	-0.014496	0.026398
0.021820	-0.012055	-0.010529
0.034028	0.004120	-0.000763
0.077974	0.018769	0.054475
0.045014	-0.001678	0.047150
0.021210	-0.006561	0.056916
0.029145	0.029755	0.084077
-0.022431	0.017548	0.049592
-0.023346	-0.044404	0.020294
0.006561	-0.022126	-0.009613
0.009308	-0.030365	-0.016022
0.017243	-0.014191	0.004730
0.031586	0.016327	-0.014496
0.038300	0.019684	0.035859
0.034028	0.035859	0.069123
0.013581	0.005646	0.038911
-0.015106	-0.024872	0.004425
-0.044404	-0.022736	0.007172
0.007782	0.034638	0.020905
0.076753	0.150301	0.100252
0.058442	0.137484	0.061799
0.029145	0.090486	0.004425
0.032807	0.030976	0.002899
0.013581	-0.066682	0.008698
-0.044099	-0.125277	0.094148
-0.012055	-0.083162	0.109712
0.012970	-0.041962	-0.011139
0.047150	0.029450	-0.085603
0.061799	0.027619	-0.006867
0.026398	-0.006561	0.001984
-0.017243	-0.073091	-0.004730
-0.009613	-0.070039	-0.023041
-0.024567	-0.025177	-0.006256
0.025483	-0.005646	-0.003815
0.009613	0.004120	0.024872
0.019074	0.004120	0.032197
0.006561	0.011444	0.010834
-0.011139	0.006256	0.023346
-0.009308	0.023957	0.056001
-0.017548	0.026398	0.070649
-0.001678	0.021210	0.030976
0.050813	0.011139	-0.017548
0.063020	0.013581	0.004120
0.000153	-0.038911	0.027314
-0.019989	-0.029145	0.056916
0.032502	0.025177	0.058747
0.064240	0.022431	0.020905
0.016022	-0.006561	0.015106
0.050813	-0.018463	0.029450
0.077668	-0.042573	-0.000153
0.012360	-0.038911	-0.057221
0.006561	-0.025483	0.009918
0.002899	-0.023957	-0.009918
0.031891	-0.016938	-0.011444
0.037385	-0.008698	0.005035
0.076753	-0.004425	0.027924
0.012970	-0.014801	0.022431
-0.021210	0.010529	-0.004120
-0.015412	0.006561	-0.011139
-0.000458	-0.007782	-0.020294
0.015106	-0.009918	0.015717
0.079500	0.011444	0.069429
0.062104	-0.006256	0.045014
0.032197	-0.031586	0.070649
0.021820	-0.018463	0.068513
0.029145	0.029755	0.130465
0.005951	0.029145	0.102388
-0.020905	-0.006867	-0.012970
-0.018463	-0.013886	-0.082856
-0.035554	-0.026093	-0.064546
0.006256	0.012055	-0.033112
0.062409	0.045014	0.030365
0.037385	0.031586	-0.099336
0.027619	0.110323	-0.040131
0.021820	0.110323	0.001984
0.025177	0.071565	0.038911
0.031891	0.023957	0.030365
0.043183	-0.025788	0.045930
-0.002899	-0.083772	0.047761
-0.022126	-0.150912	0.064546
0.032807	-0.079805	0.114900
0.017243	-0.046540	0.094148
0.013581	-0.027619	0.062715
0.006867	-0.019989	0.018463
0.006867	-0.030671	-0.055085
-0.007782	-0.015717	-0.005646
0.005646	0.010834	0.002289
0.006867	0.005035	-0.027924
0.009918	-0.015717	0.001373
0.008087	-0.016327	0.082551
-0.000458	-0.040436	0.038605
-0.004120	-0.045930	-0.018158
-0.001678	-0.027314	-0.091096
0.010224	-0.009613	-0.043183
0.026093	0.010529	0.004425
0.024262	0.012360	0.011444
0.039826	-0.009308	-0.030671
0.037385	0.023651	-0.029755
0.022126	0.008087	-0.005035
0.012055	-0.024262	-0.039216
0.012055	-0.015106	-0.017243
0.007782	0.010529	-0.003204
0.003204	0.017853	0.025788
0.033417	0.022431	0.021515
0.056306	0.034638	0.054170
0.032197	0.020294	0.038911
0.010224	0.002594	0.074006
0.030365	0.009918	0.071565
0.016632	-0.009308	0.070649
0.018158	0.012360	0.103914
0.016938	-0.003510	-0.001373
0.020294	-0.008392	-0.014191
0.024567	-0.003815	0.054475
0.024262	0.006256	-0.074617
0.009918	-0.001068	-0.106355
0.017548	0.004120	0.003510
0.001373	-0.016022	-0.043183
0.010529	-0.009003	-0.023346
0.007782	0.028840	0.006867
0.012360	0.036164	0.035248
0.044404	0.063020	0.040742
0.085603	0.081025	0.059968
0.138399	0.035859	0.036164
0.050813	-0.059052	0.003510
-0.016022	-0.093538	0.032197
-0.030976	-0.019074	0.071565
-0.005951	-0.001678	0.008392
-0.010834	-0.006256	0.001984
-0.015106	-0.005951	0.009918
0.004730	-0.005951	0.045014
0.000153	-0.018769	0.035859
-0.002289	-0.017548	0.049897
-0.000153	-0.009003	0.031891
0.002594	0.001678	-0.002289
0.029450	0.022736	0.008392
0.038605	0.023651	0.013581
0.036469	0.041962	0.074006
0.025788	0.061799	0.056916
0.020294	0.090486	-0.008087
-0.006561	0.045014	-0.012055
0.003815	0.017548	-0.016632
0.039521	0.034333	0.004730
0.120394	0.019074	0.035554
0.081025	-0.081941	0.020294
0.042573	-0.065461	-0.043183
0.030671	-0.026093	-0.014496
-0.003510	-0.070649	0.027008
-0.034028	-0.047456	0.020600
-0.017853	-0.048066	-0.032807
0.008392	-0.019989	-0.020294
0.019074	-0.015412	-0.015412
0.016632	-0.011444	-0.017243
0.011139	-0.005951	-0.018463
0.004120	-0.002594	-0.000458
0.009308	-0.007477	0.023041
0.011749	-0.031281	0.013581
-0.000153	-0.032807	0.052949
0.014191	-0.014496	0.063325
0.005035	-0.008698	0.112459
0.001678	0.009308	0.148470
0.014496	0.007172	0.119173
0.015412	-0.014191	0.012665
-0.000153	-0.014801	-0.025177
-0.019379	-0.011749	-0.004120
-0.057221	-0.024262	-0.026093
-0.047761	-0.005646	-0.095064
0.077363	0.033722	-0.044099
0.122530	0.052338	-0.051423
0.061189	-0.017243	-0.094453
0.030060	-0.027619	-0.020294
0.012970	-0.008698	0.006256
0.027314	-0.020905	0.008392
0.030060	0.009613	0.075837
0.024262	-0.012970	0.110628
0.009918	-0.016938	0.125277
0.030060	-0.000763	0.114595
0.025483	-0.008392	0.081636
0.009308	-0.010834	0.107881
0.000153	-0.003815	-0.028840
0.009918	-0.006561	-0.114595
0.025483	0.011444	-0.074617
0.014801	0.018158	-0.038605
0.032197	0.025483	0.019684
0.023651	0.001068	0.014496
0.014191	0.004120	0.015412
0.008698	0.005341	-0.002289
0.027008	0.004730	0.066682
0.018158	-0.004730	0.038605
0.012055	-0.016327	-0.030060
0.021820	-0.011749	0.009308
0.010834	0.006867	0.093233
0.029755	0.011749	0.131075
0.016938	0.004425	0.181125
0.019379	-0.002594	0.183566
0.038300	-0.004425	0.184482
-0.000763	-0.016632	-0.048676
0.009613	-0.020294	-0.191501
-0.006561	-0.015106	-0.045014
-0.003510	-0.011749	-0.151827
0.004425	0.031586	-0.130159
0.007477	0.041047	-0.018463
0.018769	0.018463	0.054475
0.026398	0.001678	0.039521
0.028840	0.008392	0.000153
0.025483	0.006256	-0.014496
0.010224	-0.016938	-0.039216
0.011139	-0.010834	0.013581
0.019379	0.001984	0.038300
0.009918	-0.020600	0.025788
0.013886	-0.009918	0.040742
0.029145	-0.005035	0.041657
0.033112	-0.012665	0.023651
0.014496	-0.014801	-0.020905
0.017853	-0.010834	0.006256
0.019379	-0.010224	0.020294
0.033112	-0.014801	0.054170
-0.005646	-0.031891	0.056001
-0.020294	-0.027314	0.092317
-0.008392	0.009918	0.042267
0.037995	0.054170	0.006561
0.049287	0.047761	0.033112
0.112459	0.047761	0.070039
0.061189	-0.003204	-0.001984
0.040436	0.009613	0.034333
0.037079	0.031891	0.077058
0.005341	0.003815	0.203403
0.019379	-0.010834	0.198215
0.003510	0.022736	0.077363
-0.009613	0.082246	-0.066377
0.009003	0.065766	-0.184787
0.032502	0.040131	-0.260166
0.066987	0.019379	-0.161593
0.121004	-0.027008	-0.066377
0.040742	-0.155489	-0.007477
-0.010224	-0.143282	0.003815
-0.016938	-0.063020	0.043183
-0.025177	-0.016022	0.041657
0.006867	0.036774	0.074922
-0.001068	0.004425	0.053254
-0.010224	-0.006561	0.064240
0.008698	0.001068	0.063325
0.001068	-0.077363	0.062715
0.002899	-0.096284	0.040436
0.007782	-0.056001	0.055085
-0.005341	-0.013886	-0.056611
0.014191	0.057832	-0.038911
0.019684	0.102083	-0.073091
-0.003510	0.147860	-0.071870
0.001373	0.200961	-0.047761
0.018158	0.117647	-0.053864
0.038300	0.013581	-0.010224
0.091707	-0.073701	0.091707
0.104829	-0.185397	0.063020
0.000153	-0.235447	0.069429
-0.079805	-0.146944	0.075837
-0.104219	-0.060578	0.030976
-0.028840	0.001373	0.033112
0.064851	0.059358	0.026093
0.067597	0.023957	0.006867
0.027008	0.027924	0.057221
0.011749	0.002899	0.029145
0.020294	0.007782	0.078279
0.003815	-0.004730	0.097505
-0.023346	-0.042267	0.116426
-0.031281	-0.044099	0.090181
-0.020905	-0.021515	0.026093
-0.001678	-0.013275	0.039521
0.062715	0.023041	0.010529
0.087739	0.007172	-0.032807
0.011444	0.002899	-0.103914
0.005646	0.008698	0.019074
0.015106	0.023651	0.074006
0.022736	0.052338	0.042573
0.092012	0.053254	0.001678
0.076753	0.037995	-0.009613
0.005035	-0.015717	-0.016938
0.013581	-0.023041	-0.018463
-0.008698	-0.008392	0.033112
-0.008698	-0.012970	0.005646
0.005035	-0.013886	0.001678
-0.020294	-0.025788	-0.014191
0.046845	0.003204	0.032807
0.051423	0.034638	0.020294
0.045930	0.037995	-0.008087
0.076143	0.040131	-0.019074
0.040742	0.010224	0.046845
0.011139	-0.048066	-0.027008
-0.033417	-0.124361	-0.025177
-0.040436	-0.116121	0.022736
-0.014191	-0.059968	0.003204
0.039826	0.003510	0.020600
0.064240	0.058747	0.034333
0.041047	0.020294	-0.030365
-0.002899	-0.016632	-0.031891
-0.028840	-0.027924	-0.004730
-0.000153	-0.016938	-0.000458
0.119783	0.024567	0.018463
0.101778	-0.023651	0.009918
0.038300	-0.000763	0.033722
0.005951	0.016327	0.016632
0.037690	0.034943	0.049287
-0.005035	0.030365	0.045319
0.012665	0.040742	-0.032807
0.024567	0.025177	0.035248
0.010834	0.016022	0.005035
0.011749	0.022126	0.030060
0.016938	0.026093	0.037079
0.015106	0.017853	0.037079
0.039521	0.047456	0.091707
0.044404	0.074006	0.098421
0.036469	0.048371	0.089570
0.029755	0.014496	0.056306
0.030976	-0.020600	0.093233
0.010529	-0.040742	0.089876
-0.020600	-0.091707	0.019074
-0.028840	-0.064546	-0.092012
0.014191	-0.031891	-0.024262
0.013886	-0.018463	0.001984
0.025483	-0.022736	0.039521
0.024872	-0.027619	0.109407
0.027008	0.026093	0.104219
0.062715	0.049592	0.121309
0.030976	0.063020	0.093843
0.022126	0.020905	-0.113985
-0.011749	-0.033722	-0.287327
-0.020905	-0.033417	-0.185397
-0.054475	-0.065766	-0.090791
-0.039826	-0.064546	-0.043183
0.008087	-0.001068	-0.040131
0.062104	0.026398	0.019989
0.063935	0.045624	0.027314
0.028840	0.001373	-0.009918
0.034943	-0.000153	-0.007477
0.034028	0.056611	0.035859
0.052644	0.059968	0.045014
0.017548	0.023041	0.007782
0.015717	-0.076143	-0.000153
-0.006561	-0.079194	0.033722
0.008698	-0.079805	0.068818
0.004425	-0.110628	0.054475
-0.010224	-0.064546	0.004730
0.003510	-0.054475	-0.012665
0.033722	-0.023957	-0.007477
0.036469	0.012055	0.050507
0.016632	-0.008698	0.073091
0.016938	-0.010224	0.040742
0.008698	-0.027619	-0.027924
0.024872	-0.016632	-0.028229
0.039521	-0.008392	0.009613
0.042878	0.012055	0.062715
0.029145	0.002594	0.032807
0.004120	0.007477	0.036469
0.011139	0.051118	0.029450
0.031281	0.047456	0.027924
0.062715	0.044709	0.032197
0.069734	0.022126	0.037079
0.000153	-0.034943	0.002289
-0.059052	-0.052033	0.029450
-0.054780	-0.039826	0.002899
-0.007477	-0.023651	0.038605
0.045930	-0.013886	0.029755
0.094148	-0.018769	-0.015106
0.096284	0.030365	-0.020294
0.057221	0.049592	0.044709
0.048676	0.007172	0.005341
0.022431	0.067903	-0.005341
-0.036774	-0.005035	0.011139
-0.038911	-0.072175	0.026093
-0.034333	-0.087129	0.021210
-0.050202	-0.068818	0.021515
0.030060	-0.032807	-0.009918
0.089876	-0.004730	0.013886
0.056001	-0.003510	0.018463
0.013886	0.008698	0.023346
0.004425	0.029755	0.040742
-0.001068	0.033722	0.013275
0.009613	0.015106	-0.019684
-0.027619	-0.017548	-0.001984
-0.049897	-0.061189	0.033417
-0.063630	-0.043488	0.048066
-0.012970	-0.008087	0.045319
0.090181	0.046235	0.061189
0.047456	0.025483	0.019684
0.034943	0.013886	0.045319
0.012055	0.008698	0.023041
0.015412	0.002594	0.039521
0.039521	0.019379	-0.038605
0.023957	0.020294	-0.016327
0.030976	0.018158	0.042878
0.039216	0.019989	0.054780
0.037995	0.004120	0.044404
0.015412	-0.014191	0.014496
0.031891	-0.017243	-0.028534
0.032807	-0.002289	0.012055
0.024262	-0.016022	0.017548
0.022126	-0.017548	0.017243
0.016022	-0.008698	0.044099
0.016327	0.006256	0.056001
0.005646	-0.002899	0.073091
0.001984	0.000458	0.069734
0.016022	-0.000458	0.100862
0.012970	-0.027008	0.042878
0.016632	0.005035	0.089265
0.016632	-0.005951	0.054780
0.007477	-0.014191	-0.057527
0.014191	-0.012970	-0.028840
0.004730	-0.023651	-0.049897
0.013581	-0.030976	-0.076448
0.013581	-0.023651	-0.017548
0.016022	-0.013886	0.007172
-0.002289	-0.006867	-0.006867
-0.012055	-0.002289	-0.035248
-0.012360	0.010529	0.030671
0.012055	0.009613	-0.028840
0.041352	0.026093	0.027924
0.063630	0.047456	0.077058
0.051423	0.040436	0.071565
0.019074	-0.013581	-0.023346
0.005951	-0.028840	-0.001068
0.007477	-0.023651	0.024872
0.011749	-0.020600	0.027314
0.016938	0.006867	-0.018463
0.022126	0.012055	-0.006256
0.020600	0.052338	0.022431
0.035248	0.034028	0.047456
0.024872	0.020905	0.111238
0.014496	-0.002289	0.127718
0.022126	0.002899	0.144808
0.022431	0.013581	0.178378
0.010224	-0.016938	0.106355
0.017853	-0.001678	0.091096
0.005035	-0.016022	-0.009308
0.011444	-0.013886	-0.089876
0.001678	0.010224	-0.157626
0.022736	0.103914	-0.149081
0.019684	0.115206	-0.063325
0.046845	0.077363	-0.008392
0.034943	0.046540	0.016938
0.010529	0.056611	0.081331
-0.052644	-0.012970	0.094759
-0.048676	-0.046235	0.083772
0.057832	0.012055	0.027008
0.126497	0.027008	0.047456
0.040742	-0.074311	0.033722
0.007172	-0.151827	0.039521
-0.071565	-0.180514	0.022736
-0.051118	-0.163729	-0.073396
-0.028534	-0.080415	-0.071565
0.017853	0.002899	0.065461
0.049897	0.009308	0.044709
0.020905	0.011749	0.031891
-0.006867	-0.004730	0.030976
-0.012665	-0.004425	0.057221
-0.014496	-0.013581	0.054780
-0.006256	-0.007477	0.037995
0.052033	0.050202	0.078279
0.038605	0.005951	-0.006867
0.039826	-0.019074	-0.012360
0.031586	-0.011139	0.034638
0.014496	0.004425	0.103914
0.029755	0.008698	0.093538
0.028840	0.010224	0.021820
0.014496	0.092012	-0.022736
-0.004730	0.076143	0.004425
0.035859	0.094759	0.052644
0.087739	0.050507	0.100557
0.062409	-0.008392	0.045014
0.010834	-0.092317	-0.017853
-0.034333	-0.124666	-0.003510
-0.002594	-0.038911	0.041352
0.029450	0.019684	0.057527
0.012665	0.007477	0.033112
-0.000458	-0.002594	0.018769
-0.012055	-0.009918	0.000153
-0.003510	-0.009003	0.019074
0.031891	-0.016327	0.005951
0.042573	-0.024567	0.042878
0.047456	0.007172	0.032807
0.016632	-0.002899	0.009003
0.010834	0.002289	0.037385
0.006561	0.015106	0.044099
-0.000763	0.020905	0.043793
-0.016022	0.020600	0.076753
0.000763	0.022431	0.102083
0.041047	0.011749	0.078584
0.121309	0.026398	0.066682
0.070954	-0.023041	0.045014
0.038300	-0.009918	0.052644
0.010834	-0.030365	-0.011444
-0.011139	-0.031891	-0.042267
-0.043488	-0.038300	-0.005341
-0.077668	-0.044099	-0.034638
-0.043488	-0.035554	0.008392
0.026093	0.002594	0.023651
0.052033	-0.020294	-0.013886
-0.011444	-0.039216	0.025483
-0.026093	-0.024872	0.050202
-0.013886	-0.005646	0.059052
0.065156	0.050507	0.011749
0.057527	0.012970	-0.059968
0.010224	-0.020600	-0.031891
0.012360	-0.058442	0.009003
0.025788	-0.050507	0.058137
0.049897	-0.035859	0.100252
0.026093	-0.041962	0.063630
0.045930	-0.009613	0.000153
0.034943	0.058442	0.008698
0.018158	0.067903	-0.021820
0.022736	0.031281	-0.013275
0.022736	0.006867	0.002289
0.027619	0.019379	0.097200
0.019379	0.011749	0.155489
0.034028	0.003815	0.156100
0.030671	-0.013275	0.152438
0.020294	-0.025177	0.064851
0.026093	-0.015106	0.068818
0.021515	-0.006561	0.097810
-0.000458	0.003510	0.059968
0.019074	0.024262	-0.045319
0.018769	0.018158	-0.114900
0.014191	0.005341	-0.046845
0.019989	0.003815	-0.047761
0.016632	0.008087	-0.051423
0.030671	0.013275	-0.039826
0.041962	0.009308	-0.019074
0.033417	0.012055	-0.018158
0.024872	0.005646	0.004730
0.030671	-0.011444	0.009918
0.002594	-0.026398	0.009003
0.008087	0.007172	0.021820
0.016327	0.014801	0.046540
0.014496	0.044404	0.050202
0.048676	0.052644	0.105745
0.051118	0.026398	0.082856
0.023041	0.003815	0.035554
0.031281	-0.010224	-0.010834
0.022431	-0.048371	-0.011444
0.021820	-0.058747	0.000458
0.025483	-0.042267	-0.028840
0.000153	-0.032197	-0.009308
-0.008698	-0.009308	0.018463
-0.003510	0.044709	0.050813
0.004730	0.070649	0.019684
0.025788	0.057221	0.008392
-0.024262	-0.028229	0.005646
0.008392	-0.050202	0.070344
0.004425	-0.084077	0.063325
0.021515	-0.097810	0.052949
0.037690	-0.068208	0.014191
0.041657	0.007172	0.018158
0.011139	0.013581	0.048676
0.016327	0.036469	0.021820
0.001678	0.012360	-0.025177
-0.009918	-0.006256	0.000763
-0.009308	-0.010834	0.009918
-0.009613	-0.002289	0.041657
0.005951	0.009003	0.015412
0.009918	0.007477	0.019684
0.024567	0.010834	0.047761
0.021820	0.006867	0.061189
0.019074	0.006867	0.088045
0.020905	0.004120	0.090791
0.028534	0.020600	0.102083
-0.005035	-0.008392	0.046845
-0.005035	0.006256	0.078889
0.019074	0.009918	0.139925
0.013886	-0.009003	0.070649
0.027008	-0.014191	-0.110628
0.028534	-0.012055	-0.159457
0.015717	0.007782	-0.233921
0.022126	0.011444	-0.132906
0.021210	0.008087	-0.009308
0.012055	0.015717	0.008698
0.012970	0.014191	0.012665
0.021515	0.020294	0.008698
0.025177	0.030060	0.006561
0.025483	0.037995	0.053864
0.019684	0.028840	0.056916
0.027924	0.007477	0.046540
0.020905	-0.011444	0.029755
-0.005951	-0.080720	0.019074
-0.003510	-0.034333	0.015717
-0.000153	-0.021210	0.034028
0.008392	-0.036774	0.015717
0.018158	-0.023346	-0.012970
0.011139	-0.034028	-0.024567
0.025788	-0.029755	0.000153
0.032502	-0.015412	-0.015412
0.063630	0.029145	-0.003815
0.053254	0.052033	0.021820
0.016022	0.050813	0.027008
-0.026093	-0.007477	0.069734
-0.020294	-0.012360	0.074311
-0.034333	-0.077974	0.061189
0.002289	-0.083772	0.080415
-0.033722	-0.052033	-0.024872
-0.047150	-0.030060	-0.019379
-0.026398	-0.016938	0.027008
0.054780	0.074006	0.028229
0.133516	0.112459	-0.056916
0.196078	0.133211	-0.065461
0.111543	0.090181	-0.038300
0.062104	0.045319	-0.021820
0.024262	-0.059052	0.018463
0.000763	-0.111543	0.074617
-0.048371	-0.155489	0.057221
-0.037995	-0.063935	0.077974
-0.024872	-0.022126	0.099336
0.023041	-0.011749	0.107576
0.016022	-0.000763	0.075837
0.019379	0.004120	-0.000153
0.005035	0.013581	-0.037690
0.006561	0.009918	-0.063020
0.011749	0.012665	-0.059052
0.008087	0.018769	0.027619
0.010224	-0.005646	0.009918
0.016022	-0.005341	0.005951
0.011444	-0.041962	0.000763
0.027314	-0.014801	0.015717
0.020294	0.004120	0.023346
0.033417	-0.009613	0.082551
0.039216	0.000458	0.120699
0.008698	-0.008087	0.045319
0.012970	-0.009918	0.029450
0.021515	0.006256	0.037690
0.020294	-0.003815	0.008087
0.018463	-0.013886	-0.010224
0.014801	0.003510	-0.047761
0.015717	0.030365	0.093538
0.004120	0.006256	0.021210
0.021210	0.012665	-0.026398
0.017853	-0.015717	-0.048371
0.005341	-0.001678	0.005951
0.023041	-0.009308	0.062409
0.015717	-0.008698	0.024262
0.044099	0.010834	0.052033
0.024262	0.019074	0.060273
0.033112	-0.004425	0.017548
0.035248	0.007782	-0.027314
0.027924	-0.011139	-0.043793
0.010834	-0.003510	-0.019684
0.027924	-0.004730	0.012665
0.021820	0.005035	0.022736
0.036469	0.011444	0.049287
0.022126	-0.013581	0.056306
0.044709	0.004730	0.074006
0.021515	-0.007782	-0.018769
0.012360	-0.008087	0.005341
0.014801	-0.030060	-0.008698
0.005646	-0.027619	0.030976
0.025483	-0.000458	0.082551
0.017548	0.007477	0.131991
0.023041	0.012665	0.107271
0.019074	0.008698	0.124056
0.017853	0.000153	0.088350
0.032807	-0.016938	-0.018463
0.012360	-0.027619	-0.033112
0.005341	-0.009003	-0.001373
0.017853	0.013275	0.059968
0.004730	-0.004120	0.022431
0.006256	0.014496	-0.068513
0.025788	0.082856	-0.015717
0.023957	0.078279	0.053559
0.034333	0.023957	0.041047
0.066987	-0.006867	0.081636
0.041657	-0.090791	-0.028534
-0.033417	-0.157931	-0.168307
-0.012970	-0.120394	-0.073091
-0.028840	-0.053559	-0.020600
0.004425	0.033417	0.008087
0.044709	0.065156	0.046845
0.033722	0.031891	-0.013886
0.022126	0.016022	0.003510
0.024872	0.030060	0.053864
0.006867	0.016632	0.035554
0.008087	0.029755	0.062409
0.011444	0.022431	0.066682
-0.025788	0.016022	0.050813
-0.043793	-0.021820	0.008392
-0.030671	-0.019074	-0.015106
0.000763	-0.009613	-0.023041
0.075227	0.004120	-0.010529
0.081636	0.002899	-0.017853
0.026093	-0.009613	0.008087
0.029145	-0.014191	0.056611
0.012970	-0.013886	0.019074
0.008698	-0.000763	0.031281
0.006867	-0.000763	0.047456
0.021515	0.009308	0.057221
0.004730	0.018158	0.050507
0.025788	0.028840	-0.016022
0.023651	0.017548	0.009308
0.016632	0.009918	0.054170
0.029145	0.008698	0.077974
0.010224	-0.031281	-0.056001
0.008392	-0.025177	-0.060578
0.058747	-0.009918	0.017243
0.046540	0.016632	-0.024262
0.016327	0.001678	-0.115206
-0.026703	0.016022	-0.097200
-0.024567	0.061189	-0.006256
-0.015106	0.041657	0.032502
0.015717	0.023651	0.036774
0.048066	0.013275	0.055695
0.094148	-0.003815	0.033722
0.012055	-0.086824	0.027924
0.034028	-0.080415	0.009308
0.021210	-0.027008	-0.001678
0.036774	0.005341	0.031281
0.033417	-0.012360	0.018769
-0.012970	-0.023041	0.021515
-0.036774	0.027619	0.033417
-0.028840	0.031281	0.031586
-0.031586	0.003204	0.030060
0.037995	0.017548	0.049287
0.062715	-0.046235	0.054170
0.023346	-0.056001	0.073091
0.033417	-0.029755	0.153048
0.063935	-0.023041	0.086213
0.056001	-0.019379	-0.031586
0.012665	-0.040742	-0.126802
0.014191	-0.048981	-0.086519
0.022736	-0.046540	-0.042267
-0.001678	-0.030060	-0.023346
0.013886	-0.003815	0.074922
-0.021820	-0.008087	0.053254
0.009003	0.008698	0.075837
0.011139	0.015717	0.054780
0.034333	0.015717	0.059968
0.055085	0.012055	0.111543
0.028840	-0.006256	0.109712
0.024567	0.009308	0.092622
0.015412	0.013886	0.017853
0.025788	-0.013581	-0.039521
0.004120	-0.006256	-0.075227
0.029145	0.003204	-0.097505
0.025483	-0.003510	-0.055085
0.020600	-0.001984	-0.034028
0.024567	0.005341	0.026398
0.017243	0.003204	0.023346
0.007477	-0.000153	0.017853
0.017243	-0.014801	0.039826
0.005035	0.000153	0.025177
0.010834	-0.018463	0.031891
0.011749	-0.013275	0.081331
0.020600	-0.007477	0.056611
0.021515	-0.001068	0.040131
0.021210	-0.001373	0.061799
0.027924	0.007172	0.012970
0.007782	0.015717	-0.046540
0.007172	-0.002594	-0.049592
0.016327	0.012360	-0.006256
0.003510	0.001373	-0.029450
0.024567	0.014191	0.000153
0.015717	0.009613	0.024872
0.020294	0.001678	-0.020600
0.021515	0.010224	0.014191
0.019684	0.010224	0.001373
0.019684	0.005951	-0.007782
0.037079	0.029145	0.039216
0.010224	0.012360	0.050813
0.003204	-0.006256	0.024262
0.008698	-0.009308	0.053254
0.021515	0.005035	0.016327
0.014801	-0.001984	0.015412
0.020905	-0.016632	-0.024262
-0.002899	-0.016327	0.022126
0.012055	-0.015717	0.005035
0.010834	-0.009918	-0.013581
0.020905	0.012665	0.009003
0.019074	-0.013275	0.050507
0.019989	-0.016938	-0.017243
0.028840	0.010834	-0.052033
0.018769	0.001373	-0.023957
0.019379	0.001984	-0.043488
0.018463	0.002594	0.001373
0.012665	0.004425	0.031586
0.038300	0.014496	0.065766
0.068513	0.022126	0.052338
0.034028	0.023957	0.043183
0.038300	0.031891	0.049592
0.016327	0.020294	0.048981
0.014496	0.007477	0.028840
0.023346	0.009918	-0.020905
0.019684	0.001373	0.013581
0.013275	-0.008087	0.024567
0.007172	-0.002899	0.002289
0.012970	-0.002899	-0.007477
0.028534	0.014191	-0.023346
0.018463	0.012665	-0.010834
0.038911	0.007782	-0.004730
0.043488	-0.001373	0.015412
0.025483	-0.002899	0.011444
0.009613	0.001068	0.049287
0.026093	0.012970	0.020905
0.026398	0.056306	0.012665
0.026398	0.040742	0.003510
0.017853	0.019074	0.002289
-0.008087	-0.001984	-0.003510
0.023346	0.000458	0.003815
0.014191	-0.018769	-0.004120
0.012055	-0.044099	-0.013275
-0.001678	-0.001068	0.030365
0.013886	0.009003	0.010224
-0.005951	0.018463	0.055695
-0.029145	0.014801	0.027924
-0.012055	0.002594	0.012360
0.021210	0.039216	0.012665
0.036164	0.067903	0.058442
0.024872	0.038911	0.045930
0.020905	0.024262	0.048676
0.059663	0.038300	0.077363
0.101778	-0.001373	0.045014
0.066072	-0.077974	0.028229
0.008698	-0.086519	0.086519
0.006561	-0.053864	0.066987
-0.015412	-0.010224	0.149691
-0.036774	0.030060	0.148470
-0.049287	0.027924	-0.022126
-0.019684	0.018463	-0.047761
0.034028	0.020294	-0.149996
0.115206	0.043488	-0.023346
0.069429	0.014801	-0.047150
0.032807	0.015106	-0.185702
0.016327	-0.004425	-0.060883
-0.006256	0.002289	-0.026093
-0.004120	0.027619	0.025788
-0.016327	0.015717	0.025177
-0.020905	-0.006256	0.059968
0.005951	0.017853	-0.016327
0.017853	0.041657	-0.012665
0.009003	0.035554	0.023346
0.069123	0.042878	0.036164
0.103304	0.028840	0.006867
0.069429	0.031586	0.029450
0.007782	-0.095369	0.002289
-0.004730	-0.067903	0.030365
-0.016022	-0.027314	0.071870
-0.019989	-0.022736	0.074617
0.026093	0.009003	0.051728
0.031586	0.025788	0.016022
0.024262	0.026398	0.000153
0.024567	0.026093	0.032502
0.024567	0.030976	0.075532
0.023651	0.030365	0.058137
0.011139	0.003204	0.064851
-0.007782	-0.040131	0.027924
0.015106	0.005646	-0.008392
0.027924	0.002594	0.003510
0.014496	-0.010529	-0.045624
-0.001678	-0.002594	-0.044709
0.005035	0.019684	0.032197
0.015717	0.032197	0.063325
0.027314	0.012970	0.053864
0.025788	0.005951	0.025177
0.026093	0.011749	0.017853
0.022126	0.030365	0.046540
0.026398	0.021820	0.003815
0.013886	0.002899	-0.045319
0.029755	0.016632	-0.032502
0.021515	0.024872	0.013886
0.026398	0.005035	-0.027008
0.019379	0.002594	-0.009613
0.014801	0.007782	-0.011139
0.018769	0.026398	0.048676
0.013886	0.004425	0.032807
0.009308	-0.026398	0.024567
0.005341	-0.001068	0.024872
0.018158	0.031586	0.076448
0.000763	-0.017243	0.073396
-0.004425	-0.029145	0.024872
0.010529	-0.001373	0.020600
0.010529	0.019074	0.032807
0.022431	0.000153	0.070649
0.017548	0.009003	0.052949
0.021820	0.013275	0.048371
0.002899	-0.001984	0.029145
-0.002899	0.005035	0.017853
0.006561	0.012665	0.011139
0.004425	-0.003815	0.002594
0.023957	0.014496	-0.013581
0.005951	-0.009613	0.033112
-0.001678	-0.009308	0.053254
-0.010224	0.005341	0.037079
0.004425	0.012665	-0.001373
0.008087	0.038300	-0.016632
0.056916	0.066987	0.035859
0.013581	0.023346	-0.061494
0.027008	0.005646	-0.003815
0.052644	0.011749	0.065156
0.048371	-0.022431	0.078584
0.027008	-0.040436	0.105745
-0.001678	-0.036164	0.096895
-0.015106	-0.002594	0.102083
-0.009918	0.006561	0.104219
0.000458	-0.030060	-0.001678
-0.003815	-0.046235	-0.065461
0.010834	-0.011444	-0.066682
0.025177	-0.015412	-0.027008
0.026398	0.036774	-0.019074
-0.001984	0.055695	-0.090181
-0.002594	0.054170	-0.106050
-0.014496	0.029145	-0.082246
0.013275	-0.002594	-0.076448
0.030976	-0.042573	-0.028840
0.018463	-0.075227	-0.053254
0.018463	-0.063020	0.037690
0.014801	-0.024262	0.050202
0.027008	-0.010224	0.059052
0.028840	0.030060	0.059052
0.016022	0.021515	0.072480
0.041657	0.019989	0.043183
0.033722	0.001984	0.027619
0.029145	0.001068	0.050813
0.008087	-0.010224	0.011749
-0.004730	-0.006561	0.001068
0.010224	-0.017853	-0.006256
-0.011749	-0.009613	-0.007477
-0.021210	-0.003204	0.004425
-0.025483	-0.013886	-0.033417
-0.016022	0.042573	0.096284
-0.009003	0.027619	0.065461
0.091402	0.030671	0.062715
0.102083	0.027314	0.001678
0.100557	0.007477	0.017243
0.027314	-0.055085	-0.008087
0.009613	-0.043488	0.027619
0.018769	0.005646	0.013275
0.006256	0.041047	0.032807
0.009003	0.032197	0.023957
0.029450	0.020294	0.030976
0.015412	0.007172	0.008087
0.025483	0.017548	0.009308
0.019074	0.020294	0.013275
0.020294	0.011139	0.025788
0.020600	0.005035	0.009003
0.018158	0.010834	0.026398
0.010529	0.000763	0.052644
0.009918	-0.012360	0.037690
0.010834	-0.017548	0.049897
0.029450	-0.019074	0.034333
0.037079	-0.011139	0.052033
0.031891	-0.002594	0.059663
0.045624	0.013886	0.088960
0.033722	0.028534	0.148470
0.014496	0.007782	0.082246
0.018463	-0.000153	0.013886
0.018158	-0.012970	-0.039826
0.037079	-0.010529	-0.063325
0.022126	-0.000763	-0.055085
0.029145	-0.002899	-0.036164
0.023346	0.005341	0.019989
0.019684	0.003815	-0.066682
0.008392	-0.015412	-0.097505
0.022431	0.005951	-0.036164
0.014801	-0.000458	0.047150
0.008392	0.019379	0.125277
0.025177	0.019989	0.110933
0.049287	0.000153	0.055085
0.039521	-0.012970	0.015717
-0.010834	-0.030976	-0.153048
-0.047456	-0.008087	-0.133822
-0.050507	0.079500	-0.143282
-0.060273	0.084077	-0.086824
-0.017243	0.060578	-0.058747
0.153658	0.090791	0.010224
0.165560	0.017853	0.049287
0.045624	-0.115816	0.021515
0.081636	-0.123751	0.066682
-0.000153	-0.064240	0.101778
-0.027008	0.000763	0.104219
-0.021820	0.020600	0.106355
0.000763	0.014801	0.156405
0.019379	0.005646	0.155489
0.019684	0.010529	0.133211
0.030060	-0.002594	0.074311
0.032502	-0.004730	-0.010834
0.013886	0.010834	-0.049897
0.006867	0.019989	-0.050507
0.020905	0.018769	-0.113375
0.017243	0.011139	-0.061494
0.016938	0.011749	-0.029145
0.013275	-0.007782	-0.048066
0.016327	-0.001984	-0.001068
0.009918	-0.006561	0.033112
-0.002594	0.011139	0.041962
0.005951	-0.009003	0.020905
0.000458	0.030365	0.052338
0.027924	0.002594	-0.000153
0.052949	-0.000763	0.028229
0.034333	0.012055	0.064240
0.008392	-0.003510	0.023041
0.010529	-0.002289	0.046235
0.028534	0.001678	0.065461
0.031586	0.008087	0.081636
0.022736	-0.007477	0.072175
0.028229	-0.007477	0.038911
0.020600	-0.028229	0.094453
0.020905	-0.011749	0.078279
0.005341	-0.019684	0.005951
0.026093	0.015106	-0.050507
0.029145	0.002594	-0.085908
0.016327	-0.005035	-0.068208
0.027008	0.030060	-0.081331
0.022736	0.067292	-0.057832
0.024567	0.035859	0.052949
0.033112	0.051728	0.094148
0.036469	0.010224	0.047761
0.060578	0.001678	0.049897
0.034028	-0.083772	0.032197
0.011749	-0.060883	0.043793
0.012055	-0.026398	0.028229
-0.000153	-0.040436	0.000458
-0.008392	-0.025788	0.033722
0.026398	0.030671	0.147860
-0.007782	0.025483	0.070954
-0.002594	0.018769	0.056916
0.001984	0.002899	0.035248
-0.000458	0.004730	0.021210
0.017853	0.010224	0.023957
0.015412	0.009918	-0.034028
0.017243	0.003510	-0.004730
0.034638	-0.000153	0.044709
0.007172	0.003204	0.049897
0.023041	-0.000763	0.081941
0.019379	0.003815	0.072786
0.004730	0.067903	0.031281
0.005341	0.080415	0.066987
0.017853	0.072480	0.052338
0.031281	0.036469	-0.035859
0.061799	-0.007782	-0.112459
0.042573	-0.062104	-0.070954
0.002594	-0.098116	-0.012970
0.007477	-0.108186	0.010529
0.013275	-0.048066	0.053864
-0.006867	-0.032502	0.030976
0.023346	-0.001678	0.040742
0.019989	-0.015717	-0.001373
0.014496	-0.013886	0.020294
-0.010224	-0.044709	0.046845
-0.041962	-0.045624	-0.006256
-0.058747	-0.040131	-0.032807
-0.008698	0.008392	0.083467
0.073396	0.031586	0.092927
0.113680	0.025483	0.058442
0.056001	0.026093	-0.034638
0.040131	0.008698	0.012055
0.022126	0.002594	-0.032807
0.010224	0.002594	-0.023957
0.042573	0.011749	-0.040436
0.030976	-0.001678	0.008698
0.019684	0.008392	0.028229
0.011139	-0.016632	0.041657
0.031586	-0.004425	0.069734
0.030060	0.003510	0.099947
0.019684	-0.005341	0.086213
0.005646	0.014496	0.048981
0.006256	0.012970	0.090791
0.028534	0.007782	0.115816
0.027314	-0.014191	-0.051728
0.020294	-0.010224	-0.013581
0.010224	-0.000458	-0.019989
0.012665	-0.001984	-0.099641
0.008087	-0.015106	-0.067903
0.012360	0.009308	-0.012970
-0.007782	0.016022	-0.009613
0.004425	0.004120	-0.009308
0.005951	0.034943	-0.017243
0.032807	0.039216	0.005951
0.014496	0.019379	-0.021515
0.021210	0.019074	-0.000763
0.039826	-0.004120	0.066377
0.006256	-0.031891	0.037995
0.016632	-0.042878	0.010224
0.012055	-0.018769	0.019379
0.017853	-0.017853	0.048066
0.014801	-0.011749	0.032197
0.016022	-0.011139	0.027924
0.019379	-0.001678	-0.003815
0.032807	0.018158	0.031281
0.021210	0.003815	0.032502
0.005951	-0.009308	-0.002289
0.012970	-0.046540	-0.012055
0.015106	-0.058137	-0.017243
0.023346	-0.039216	0.005035
0.054780	-0.028229	0.024567
0.041657	0.003204	0.041352
0.015412	0.012970	0.024872
-0.016327	0.046235	0.053559
0.046540	0.083772	0.045319
0.042573	0.063935	-0.002289
0.032197	0.040742	0.043183
0.039826	0.063325	0.053559
0.021515	0.040436	-0.001984
0.013886	0.009918	0.028534
0.003510	-0.046235	-0.009003
0.022126	-0.023041	-0.016632
0.019989	-0.044709	-0.023957
-0.009308	-0.074311	-0.028840
0.014496	-0.043183	0.000153
0.026093	-0.020905	0.070039
0.017548	-0.004425	0.139315
0.032807	-0.001068	0.140230
0.010834	0.004120	0.115206
0.039826	0.018158	0.119173
0.028229	0.007172	0.125277
-0.001984	-0.021820	0.074006
-0.021515	-0.016938	-0.126497
0.012665	-0.001068	-0.171664
0.040131	0.019379	0.039826
0.029450	0.006867	0.041047
0.015106	-0.026398	-0.028840
0.014801	-0.022431	-0.123445
0.061494	0.016327	0.016327
0.062104	0.005951	0.085298
0.040436	-0.019074	0.097505
0.020600	-0.012055	0.023346
0.022736	0.002594	0.015412
0.012665	0.021820	0.033112
0.010224	0.009308	0.032197
0.012360	-0.007782	-0.052644
0.037690	-0.016938	-0.081941
0.035554	-0.025177	-0.146029
0.063935	0.020294	-0.053864
0.041657	-0.012360	0.008087
-0.013886	-0.008087	0.050813
-0.009613	-0.004425	0.123140
0.017548	0.014496	0.102998
0.036774	0.014496	0.087739
0.030671	-0.052949	0.012360
0.017548	-0.046235	-0.006256
0.023346	-0.027314	0.024262
0.035248	-0.001373	0.051423
0.019074	-0.000763	0.044709
0.022126	0.003815	0.053254
0.027314	0.004425	0.054170
0.025788	0.009308	0.028534
0.030976	-0.001678	0.038300
0.019074	-0.001678	0.027924
0.025788	-0.014496	-0.029145
0.034028	-0.008392	0.028534
-0.017243	-0.016327	0.011139
-0.034333	0.067292	0.049287
-0.028229	0.077668	0.063935
-0.031281	0.068513	0.001678
0.030060	0.007782	-0.105745
0.047456	0.019074	-0.032807
0.003815	-0.014801	0.009918
0.047761	-0.072480	0.007172
0.069123	-0.055390	0.031281
0.102693	-0.011749	0.006256
0.046540	-0.024872	-0.022126
0.029145	-0.048676	0.011139
0.020294	-0.033112	0.036469
0.031891	0.006561	0.035554
0.052949	0.005646	0.057832
0.039521	-0.014496	0.034638
0.007477	-0.017853	-0.002594
0.017243	-0.010224	0.039826
0.023651	-0.005035	-0.038911
0.023346	0.006867	-0.014191
0.041657	0.004120	0.020905
0.041047	0.016327	0.046540
0.046540	0.008087	0.054475
0.039521	0.015106	0.021515
0.043793	-0.002899	-0.018769
0.019684	-0.000153	-0.011749
0.019989	-0.007477	0.004425
0.036164	0.002899	0.032502
0.029755	0.012360	0.041962
0.028229	-0.013886	0.017548
0.037385	-0.004120	0.056916
0.028534	0.001373	0.041657
0.020294	0.009918	0.065766
0.025788	0.002289	0.012665
0.017548	-0.008087	0.030060
0.011139	0.017548	0.041962
0.016632	-0.010224	-0.013581
0.009613	-0.013275	-0.045014
0.022736	0.006561	-0.080720
0.046540	0.011749	0.003510
0.074311	0.020600	0.034638
0.064546	0.025483	0.037690
0.036774	0.014801	0.030976
0.012970	-0.003204	0.003815
0.021515	-0.005646	0.005646
0.028840	0.023651	0.020294
0.034028	0.010834	0.033417
0.041352	0.007172	0.064851
0.029450	0.009918	0.072786
0.059358	0.010224	0.049592
0.027314	-0.013886	-0.004120
0.044404	-0.009308	-0.002594
0.042267	-0.010834	0.009003
0.025788	0.002899	-0.030976
0.030671	0.005646	0.010834
0.036469	-0.009613	0.073701
0.023041	-0.018463	0.109712
0.029755	0.005341	0.101778
0.032807	0.009003	0.045319
0.048066	-0.001678	-0.017548
0.062409	0.003204	-0.209506
0.066682	0.023041	-0.109407
0.034638	-0.014801	-0.038911
0.004120	-0.051728	0.001678
0.016022	-0.035554	0.040742
0.032502	-0.008087	0.058747
0.023957	-0.023041	0.012055
0.038300	0.001678	0.034028
0.012970	0.007782	0.009003
-0.003510	-0.008392	0.021820
0.015412	0.012665	0.005341
0.008087	0.006256	-0.006256
0.031281	-0.003815	-0.027008
0.034943	0.000763	0.008392
0.019684	-0.012360	-0.006867
0.020600	-0.014191	-0.048066
0.021820	-0.013581	-0.009613
0.023041	-0.022431	0.020600
0.013886	-0.013581	0.049287
0.030060	-0.010834	0.034333
0.047761	-0.004120	0.005341
0.015717	0.016632	0.064851
0.021210	0.029450	0.076448
0.022431	0.035554	0.072175
0.026093	0.020600	0.088045
0.001068	-0.010529	0.091096
0.025177	0.001984	0.106355
0.018158	-0.004425	0.049592
0.030365	0.002289	0.013581
0.028229	-0.002899	-0.049592
0.022736	-0.005646	-0.059052
0.040436	0.031281	-0.101167
0.035554	0.046235	0.003510
0.034028	0.040131	0.054780
0.045319	0.028840	0.012665
0.034943	0.026398	0.030976
0.027314	0.036164	0.086519
-0.000458	-0.022736	0.072175
0.000153	-0.051118	0.084382
0.026398	0.011444	0.067597
0.036164	0.009308	0.066072
0.015412	-0.006867	0.060578
0.004425	-0.005035	0.039216
0.029145	0.035248	-0.001373
0.043488	0.048371	-0.077974
0.032502	0.023651	-0.047761
0.012665	0.002594	-0.033722
0.006561	-0.025788	-0.007782
-0.036164	-0.058747	0.026398
-0.004730	-0.093233	-0.059052
0.046845	-0.030365	0.008087
0.062715	-0.020294	0.046845
0.038605	-0.039826	-0.006256
0.030976	-0.003510	-0.017853
0.033417	-0.005341	-0.003815
0.036774	0.007782	-0.001068
0.014801	0.020600	0.016632
0.000458	0.017548	0.003815
0.004120	0.102998	0.004730
0.032197	0.131991	0.053864
0.067292	0.093233	0.049592
0.048371	0.058442	0.058137
0.055695	0.019074	0.061189
0.032197	-0.051728	0.080720
0.011444	-0.124666	0.087739
0.001984	-0.089876	-0.023041
-0.003815	-0.038911	-0.007477
-0.030976	-0.027314	0.049287
-0.032197	-0.007477	0.024262
-0.056916	0.028840	0.046540
-0.041962	0.057221	0.112764
0.048981	0.103914	0.119478
0.084382	0.064546	0.008087
0.111238	-0.014801	-0.015717
0.116121	-0.053864	0.026398
0.052644	-0.070039	0.051423
0.026093	-0.092317	-0.024872
0.001984	-0.106661	-0.044404
0.000458	-0.058137	-0.052338
0.016327	-0.022431	-0.050202
0.012055	-0.011749	-0.088960
0.030060	-0.011444	-0.055085
0.026398	-0.016022	-0.026398
0.012665	-0.015106	0.020294
0.032197	0.000763	0.036164
0.024262	-0.008698	0.001678
0.012970	0.001678	0.027924
0.020600	0.004120	0.039521
0.017853	0.002289	0.017548
0.019989	-0.006867	0.011749
0.034638	-0.003510	0.056306
0.019379	-0.003204	0.043793
0.013581	0.016327	0.045930
0.015412	0.023957	0.035859
0.014191	0.009003	0.037995
0.018463	0.001678	0.013581
0.003204	-0.007477	0.027314
0.007782	-0.005341	0.024567
0.026093	0.003204	0.037995
0.017243	0.013275	0.065156
0.011139	0.013275	0.108797
0.019379	0.002899	0.113985
0.028840	-0.008698	0.090181
0.016022	-0.003815	0.096895
0.029145	0.031891	0.136568
0.028534	0.024567	0.007477
0.017853	0.012665	-0.106661
0.013275	0.009308	-0.157321
0.017853	0.007477	-0.106355
0.023041	-0.002899	-0.080110
0.035859	0.007782	-0.034028
0.019684	-0.004120	-0.002289
0.020905	0.001984	0.002899
0.006561	-0.017548	0.014801
0.019379	-0.015412	0.051118
0.019074	-0.009003	0.045624
0.029450	-0.003510	-0.036469
0.032197	-0.017243	-0.000153
0.028840	0.003204	0.004425
0.020600	-0.011139	0.016327
0.014801	-0.006256	0.057221
0.006867	-0.016327	0.050813
0.008087	-0.014801	0.052644
0.027619	0.003510	0.052033
0.003510	-0.000458	0.007477
-0.008087	-0.003510	0.005035
0.023957	-0.001373	0.002289
0.013275	-0.015717	-0.009003
0.029755	-0.010224	-0.029755
0.050202	0.008698	0.029145
0.027314	-0.008087	0.022431
0.010529	-0.008698	0.028534
0.023346	-0.010224	0.094148
0.010224	-0.005341	0.071870
0.008392	0.000458	0.052338
0.019074	-0.004120	0.081331
0.032502	0.012360	0.043183
0.042878	0.002899	-0.035248
0.054170	0.001068	-0.066072
0.067903	0.003510	-0.001068
0.020905	-0.021210	0.032807
0.020600	-0.022126	0.059052
0.037079	0.016327	0.010224
0.018158	0.027314	-0.032197
0.013886	0.025788	-0.043183
0.011749	0.017548	-0.009003
0.015412	0.005951	-0.005951
0.021210	0.019989	-0.001678
0.035248	0.050507	0.012665
0.022736	0.036164	-0.008392
0.039216	0.030671	-0.009918
0.014801	0.000458	-0.005341
0.008698	-0.012360	-0.001984
0.002594	-0.033722	0.015717
0.013581	-0.040436	0.058137
0.022736	-0.014801	0.045624
0.027619	0.009308	0.052949
0.015717	-0.001373	0.055390
0.000458	-0.010834	0.050813
-0.000763	-0.002899	0.086519
0.007172	0.004730	0.089876
0.015412	0.000458	-0.009613
0.051728	-0.012360	-0.062715
0.044404	-0.008698	-0.019989
0.027314	-0.013886	-0.002899
0.029450	-0.005341	0.025177
-0.008392	0.011139	0.009918
0.012360	0.004120	0.001678
0.017548	0.012665	-0.014801
0.033417	-0.004730	0.022126
0.038300	-0.012970	0.051118
0.023346	-0.023346	0.091402
0.003204	-0.011749	0.046540
0.010224	-0.021515	-0.027314
0.025788	-0.008087	0.009613
0.042878	0.025788	0.093233
0.012665	-0.011444	0.012360
0.012055	0.009308	-0.024872
0.024567	0.004120	0.019989
0.031281	-0.003510	-0.078279
0.026398	-0.003204	-0.042573
0.033417	-0.008087	0.002289
0.034638	0.003510	0.014191
0.029450	-0.001678	0.045319
0.040436	-0.011749	0.053254
0.014496	-0.018463	-0.009918
0.008698	-0.034943	-0.051423
0.024567	0.005951	0.005341
0.015106	0.016327	-0.034333
0.025788	0.012970	0.045014
0.012360	0.019074	0.064851
0.026093	0.024262	0.134432
0.029755	0.011749	0.116121
0.020294	0.007172	0.054475
0.036469	0.005341	0.057221
0.023957	-0.009308	0.054170
0.016632	-0.004120	0.053559
0.030671	-0.008087	0.024262
0.016938	0.011444	-0.046845
0.002899	-0.009308	-0.091707
-0.000153	-0.011444	-0.047456
-0.000763	-0.004730	-0.016327
0.010834	0.037385	0.032807
0.000763	0.015412	-0.014801
-0.010529	-0.042267	-0.014801
0.034028	-0.005951	0.070039
0.016938	-0.005341	0.066072
0.007782	-0.014801	0.035859
0.013275	-0.004730	0.019379
0.016938	-0.009308	0.061799
-0.006867	-0.013275	0.090486
0.008392	-0.020905	0.075227
0.068513	0.011139	0.136263
0.083162	0.053864	0.149691
0.026398	0.066987	0.142061
0.009613	0.122225	0.098421
0.005341	0.127718	0.002899
0.028229	0.114290	-0.043793
0.078889	0.082856	-0.085908
0.026398	-0.014801	-0.221103
-0.016632	-0.087739	-0.134737
0.026093	-0.097505	-0.006561
0.036469	-0.058442	0.026093
0.035248	-0.076448	0.057527
0.018463	-0.058137	0.029755
0.007782	-0.044099	0.027008
0.023041	-0.026093	0.008392
0.010529	-0.071565	-0.068818
-0.001984	-0.048981	-0.066072
-0.031891	-0.053864	-0.035248
-0.027008	-0.030671	0.004120
-0.017853	-0.025177	0.008392
-0.020600	-0.017548	-0.009918
0.040436	0.005646	0.048981
0.121614	0.047456	0.049897
0.054475	0.027008	-0.002899
0.006256	0.009918	0.023651
0.014801	0.001984	0.032502
0.030365	-0.013581	0.055390
0.019989	-0.032502	0.068513
0.033112	-0.011444	0.064240
0.006867	-0.031891	-0.019684
0.019074	-0.005951	-0.011444
0.018463	0.019074	-0.002899
0.011444	0.020294	0.014496
0.028229	0.015106	0.036774
0.027008	0.032197	0.032807
0.017548	0.009613	0.025177
0.023651	-0.000763	0.028840
0.005646	-0.010834	-0.017853
0.005646	0.011139	0.012970
0.011444	0.017548	0.047761
0.013886	0.021210	0.074006
0.027314	0.039521	0.063020
0.007172	0.029145	0.046235
0.018463	0.007172	0.009918
0.013886	0.008087	-0.004730
0.003204	0.018158	0.013886
-0.006867	0.019684	-0.037690
0.005951	0.022126	0.008087
0.010834	0.002899	0.049287
0.018158	-0.000153	0.085603
0.015717	-0.002594	0.073091
0.027314	0.001068	0.084688
0.016327	0.005646	0.085603
0.025483	0.001984	0.025788
0.027314	0.018158	-0.022736
0.011139	-0.023346	-0.157321
0.004425	-0.018158	-0.100557
0.026398	0.005035	-0.017548
0.019379	-0.008698	-0.023957
0.022126	0.005646	-0.011139
0.012970	-0.001373	0.009613
0.019684	-0.009613	-0.003204
0.014496	-0.013275	-0.023346
0.018769	-0.012360	0.009613
-0.005646	0.001678	0.027008
-0.001068	0.015412	0.070039
0.028229	0.007477	0.081331
0.061494	0.019684	0.050813
0.008392	-0.021515	-0.009918
0.012055	-0.010224	0.048371
0.029755	0.014496	0.050202
0.033417	-0.008698	0.012055
0.022736	-0.020600	0.017548
0.012360	0.000458	0.092012
0.015412	0.011139	0.125887
0.024262	0.014191	0.043183
0.009308	-0.009003	-0.002289
0.015412	-0.009308	0.040742
0.022431	-0.001678	0.054170
0.026398	-0.003815	0.016632
0.022126	-0.002899	-0.153658
0.010834	0.011139	-0.080110
0.033722	0.011749	-0.022736
0.045624	0.029145	-0.009613
0.031281	0.007477	-0.013581
0.040131	0.002289	0.022431
0.029145	0.001373	0.038911
0.013886	0.018463	0.088655
-0.004120	-0.004730	0.069123
0.003815	-0.004730	0.071565
-0.001068	-0.012970	0.021210
0.024262	0.052338	0.032502
0.037690	0.066682	-0.006256
0.027619	0.057221	-0.079500
0.037995	0.036774	-0.021515
-0.004730	-0.014191	0.085603
0.026398	0.001984	0.175326
0.034943	-0.102998	0.143282
0.004425	-0.101167	0.113680
-0.046845	-0.087739	0.064240
-0.017853	-0.063935	-0.040436
-0.004425	-0.015717	-0.095064
0.012665	0.000458	-0.249790
0.033112	0.027314	-0.146334
0.027619	0.012055	-0.001678
0.016938	-0.001373	0.050202
0.021820	-0.006867	0.034638
0.012055	-0.013581	-0.002289
0.013886	-0.010529	0.023651
0.014496	0.041352	0.043488
0.012360	0.033722	0.046235
0.052644	0.050813	0.019989
0.065766	0.032197	0.016938
0.044099	0.000458	0.022736
0.021210	-0.025177	0.027008
0.016632	-0.033722	0.025483
0.014191	-0.027008	0.030365
0.007477	-0.013275	0.017243
0.007172	-0.005341	0.015717
-0.022431	0.051728	0.034638
-0.031586	0.039521	0.025788
-0.084382	0.001984	0.007172
-0.046235	0.009003	0.033722
0.044709	0.007172	0.099031
0.160372	0.013886	0.090486
0.096895	-0.083467	0.007172
0.030365	-0.060883	-0.041352
0.027314	-0.010224	-0.075837
0.036774	0.002289	-0.039826
0.047150	0.014801	0.002899
0.034943	0.043793	0.029755
0.032197	0.047456	0.061189
0.033722	0.037385	0.031281
0.044404	0.000763	0.035248
0.029450	0.003510	0.024567
0.035554	-0.047456	0.040131
0.016938	-0.062409	0.049592
0.023957	-0.026093	0.035859
0.003204	-0.010224	0.045930
0.001068	0.035248	0.102083
0.016632	0.038300	0.131991
0.027314	0.009918	0.121920
0.014801	-0.013581	0.117342
0.033722	-0.029755	0.056916
0.043793	-0.021820	0.067597
0.018463	-0.016022	-0.082246
0.024567	-0.003510	-0.136568
0.023957	0.000458	-0.059052
0.022431	-0.006256	-0.101167
0.019074	-0.005951	-0.079805
0.004730	-0.020905	-0.042878
0.007172	-0.022126	-0.008698
-0.010834	-0.010529	-0.016938
0.019074	0.008392	-0.009308
0.026093	0.029755	0.045624
0.075532	0.073396	0.058442
0.033722	0.071870	0.060578
0.039216	0.033112	0.040131
0.027314	0.008698	0.025483
0.016938	-0.029450	-0.001984
-0.012665	-0.086213	-0.003204
0.008698	-0.041962	0.005646
0.005951	-0.020294	0.023041
0.027008	0.004120	0.007172
0.029755	0.010834	0.069429
0.023651	0.025788	0.060273
0.013275	0.008087	0.029450
0.021515	-0.001373	0.051423
0.011749	-0.027924	0.090791
-0.012055	-0.014801	0.097810
-0.001678	0.011749	0.057832
0.022736	-0.013886	0.027924
0.031891	-0.001373	-0.043488
0.032807	-0.036774	-0.087129
0.020294	-0.030060	-0.050507
0.018158	-0.030976	-0.028534
0.027924	-0.000153	-0.015717
0.020905	0.008698	0.018769
0.012360	0.016938	0.048981
0.024872	0.020600	0.045624
0.024262	0.014191	0.030976
0.011139	0.008087	0.056306
0.018769	0.023346	0.018463
0.016022	0.012665	0.019989
0.021820	0.008392	0.037995
0.017243	0.009613	0.057527
0.029145	-0.001678	0.037385
0.019684	-0.010529	0.105135
0.009918	0.007172	0.117952
0.016632	0.012970	0.046845
0.022736	0.007477	-0.005341
0.041657	0.054780	-0.034638
0.058137	0.066987	0.003815
0.042878	0.028229	0.033417
0.039826	-0.000458	0.024262
0.027619	-0.014801	0.027314
-0.003510	-0.049287	0.001373
-0.010834	-0.093538	0.023957
-0.014801	-0.059358	0.028840
0.007172	-0.023651	-0.004730
0.027619	0.008392	0.028534
0.017548	0.016632	0.054475
0.020905	0.031281	0.037995
-0.006867	0.015106	-0.030671
-0.015106	0.015412	-0.032807
-0.031281	0.015412	-0.045930
-0.025483	-0.001068	-0.003204
0.056306	0.011139	0.012665
0.106050	-0.058747	0.011139
0.086824	-0.045624	0.023346
0.066377	-0.029145	0.040436
0.037995	-0.063630	-0.008087
0.007782	-0.038300	0.011139
-0.001373	0.007782	0.041047
0.029755	0.007782	0.063630
0.030060	0.017548	0.075532
0.013581	-0.005951	0.073396
-0.018463	-0.030976	0.038911
-0.011139	-0.028229	0.032197
-0.001373	-0.000153	0.003815
0.034638	0.046540	0.092012
0.081636	0.052644	0.137484
0.051118	0.029145	0.157931
0.027314	0.010529	0.168612
0.004120	0.005951	0.076143
0.027314	0.121309	-0.064851
0.012665	0.174716	-0.246738
-0.026398	0.129854	-0.251011
-0.045624	0.069734	-0.091402
-0.003510	0.032197	0.028840
0.113069	-0.010834	0.005341
0.099947	-0.154269	-0.026093
-0.002899	-0.214694	-0.032807
0.006256	-0.109712	-0.000153
0.047761	-0.052644	-0.001678
0.069429	-0.023346	0.045930
0.022736	-0.030671	0.070954
0.011139	-0.021820	0.056001
0.017853	-0.007477	0.038605
0.019684	-0.004730	0.020600
0.033417	-0.030976	-0.026398
0.031281	-0.022431	-0.005646
0.013581	-0.015106	0.022126
0.028840	-0.002899	0.072175
0.013581	0.002899	0.047456
0.018769	0.003510	0.027619
0.031586	0.014801	0.063325
0.031281	0.012665	0.015412
0.020600	0.012665	0.008392
0.013581	0.008392	0.012970
0.012055	0.007782	0.027924
0.022736	-0.006256	0.031891
0.011749	0.008698	0.058442
0.001678	0.024567	0.055695
-0.001984	-0.008087	0.006256
-0.005035	0.001068	0.006561
0.027619	0.009613	-0.009308
0.025177	0.000763	-0.044709
0.035554	0.011139	-0.029755
0.028534	0.017853	-0.001678
0.027008	0.018158	0.031891
0.034638	0.015717	0.039826
0.033722	0.014801	0.023957
0.040131	0.011749	0.032502
0.034028	0.012970	0.016632
0.034333	0.002289	0.033722
0.042267	-0.011139	0.059358
0.025177	-0.016632	0.037690
0.017853	-0.011444	0.058137
0.040436	-0.008698	0.076448
0.026398	-0.010834	0.014496
0.019379	-0.007782	0.004730
-0.002289	-0.017548	-0.094759
0.020294	0.015106	-0.027619
0.001678	-0.013581	-0.030671
0.000763	-0.005646	-0.015412
0.005951	0.001068	0.031281
0.015412	0.018158	0.055695
0.027924	0.012665	0.043793
0.025177	0.009613	0.005035
0.019074	-0.014191	-0.009918
0.023651	0.007782	0.037690
0.017243	-0.012970	0.034028
0.003815	-0.016022	-0.004120
0.021515	-0.011444	-0.005035
0.023957	-0.004120	0.008087
0.010224	-0.005646	0.021820
0.009308	0.000458	0.014191
0.010224	0.007172	0.022126
0.013581	0.025483	0.093233
0.021210	0.022431	0.051728
0.045014	0.000153	-0.006561
0.024262	0.015106	-0.027924
0.011749	0.015412	0.023346
0.013275	0.036164	0.018463
0.043793	0.037995	0.038911
0.033722	0.027619	0.041047
0.031586	0.035248	0.059052
0.014191	0.024872	0.012665
-0.012970	-0.050202	-0.046845
0.055390	0.019379	0.008392
0.049287	-0.029145	-0.016327
0.010529	-0.080415	-0.052949
-0.001068	-0.036469	-0.016938
0.024567	-0.042267	-0.018463
0.035248	-0.004730	0.047761
0.035859	0.017243	0.067597
0.028534	0.010529	0.093843
0.013581	-0.013581	0.077058
0.033417	-0.020905	0.043488
0.054780	-0.022126	0.030060
0.044099	-0.019684	-0.021820
0.018463	0.003510	0.057221
0.010834	-0.005646	0.079194
-0.024567	-0.023041	0.029450
-0.027314	-0.004730	0.060578
-0.031586	0.006867	0.046235
-0.022736	0.028229	0.044404
0.047761	0.051423	0.108492
0.106661	0.088045	0.014191
0.086824	0.041047	-0.019074
0.046540	0.005646	-0.030976
0.019989	-0.011444	-0.101472
0.019379	-0.018158	-0.065766
0.006867	-0.040742	-0.023346
-0.001984	-0.051423	0.006867
-0.000458	-0.012360	0.066682
-0.000763	-0.012665	0.037995
0.012665	-0.007477	0.009308
0.032502	0.065766	0.005035
0.032197	0.071565	0.017243
-0.001678	0.058442	0.001984
-0.005646	0.013886	0.006561
0.002594	0.005341	0.046235
0.055695	-0.030365	0.099641
0.097505	-0.061799	0.153048
0.071565	-0.042573	0.206149
0.027924	-0.007782	0.204318
0.009308	-0.007782	0.201572
0.012360	-0.018769	0.135042
-0.002899	-0.010834	-0.039521
-0.030671	-0.038911	-0.212558
-0.026398	-0.041962	-0.314794
-0.043488	-0.016938	-0.248264
0.019379	0.004730	-0.157321
0.082246	0.012970	-0.124056
0.051118	-0.001373	-0.028840
0.032197	0.004120	-0.009918
0.020294	0.004730	-0.033417
0.032807	0.030060	-0.026093
0.033722	0.020294	-0.005341
0.037079	0.012665	-0.018158
0.028840	0.010834	0.025788
0.016938	0.011139	0.009613
0.011139	-0.010834	0.003204
-0.019989	-0.058747	0.022736
0.010224	-0.012360	0.016327
0.015717	-0.004120	0.025177
0.012970	0.010834	0.041047
0.024262	-0.005341	0.001373
0.005035	-0.016938	0.003204
0.014191	-0.012360	0.006256
0.014191	-0.010224	-0.022431
0.016632	-0.011444	-0.040436
0.037079	-0.007782	-0.000763
0.024262	0.004120	0.038911
0.019684	0.001678	0.081025
-0.000153	0.007477	0.058747
0.015412	0.019989	0.073091
0.014801	-0.005646	0.055695
0.015106	-0.020600	0.016632
0.002594	0.007172	0.033112
0.017853	-0.011444	0.041657
0.003204	0.008087	0.001678
0.016938	0.011444	0.057832
0.036774	0.008087	0.067292
0.045930	0.017548	0.057527
0.040742	0.011139	0.063325
0.031891	0.010224	0.041352
0.036469	0.007477	0.042267
0.023346	-0.015412	0.044709
0.024872	-0.025788	0.066377
0.008392	-0.018463	0.059663
-0.008392	-0.006561	0.033417
-0.003815	-0.020600	0.036774
0.051728	0.009613	-0.001373
0.052949	0.033417	-0.026703
0.097810	0.051728	0.042573
0.069429	0.031281	0.100862
0.003510	-0.015717	0.050507
0.006256	0.045014	0.018769
0.021210	0.067597	0.076753
-0.023957	-0.005341	0.098421
0.009613	-0.011749	0.131380
-0.042267	-0.031891	0.114900
-0.039826	-0.074311	-0.043793
0.006867	-0.063935	-0.117647
0.067597	-0.038911	-0.093843
0.054780	-0.006561	-0.126192
0.011749	0.002594	-0.033112
0.018158	-0.014191	0.027619
0.004730	-0.014801	0.034028
0.028229	-0.004120	0.014191
0.021210	0.011444	0.004730
0.028229	0.016022	0.047456
0.033417	-0.000763	-0.000458
0.018463	0.019074	-0.027924
0.009918	0.040742	0.004120
-0.010529	0.077363	0.037385
0.003510	0.037385	0.026093
0.016327	0.033417	0.010529
0.073091	0.037690	0.018769
0.110933	0.001373	0.043488
0.071870	-0.091096	-0.002594
0.003510	-0.063020	-0.002899
-0.002899	-0.017243	0.041352
-0.001678	-0.031586	0.014801
0.008087	-0.032502	0.018158
0.018769	-0.034638	-0.006256
-0.000763	-0.017548	-0.014191
-0.027008	0.001678	0.036164
-0.001373	0.009613	0.035248
0.004730	-0.003510	0.002899
0.009918	-0.015412	0.010834
0.017548	-0.015106	-0.002899
0.023651	-0.006561	-0.000458
0.008392	-0.007782	0.027619
0.016938	-0.007782	0.019379
0.029145	0.004120	0.010529
0.022431	0.015106	0.039826
0.012665	0.024872	0.019074
-0.001373	0.016022	0.015106
0.002594	0.020600	0.019074
0.007782	0.023041	0.032807
0.049897	0.064851	0.070649
0.046235	0.040436	0.094453
0.006256	0.011139	0.072175
0.003510	0.010529	0.077668
0.004120	-0.008698	0.106355
0.041352	0.004120	0.108797
0.051118	-0.028229	0.093843
0.030365	-0.076448	-0.122835
-0.001068	-0.043793	-0.140230
0.014801	-0.016327	-0.063630
0.008087	-0.017853	-0.053864
0.017243	0.000763	-0.001373
0.005646	-0.002899	-0.003815
0.015412	-0.018463	-0.036469
