0.003290 -0.002791 0.000000 0.025000 0.004192 -0.002698 0.016667 0.175000 0.007083 -0.001237 0.216667 0.750000 
 0.003356 -0.002784 0.000000 0.025000 0.003967 -0.002707 0.016667 0.150000 0.007908 -0.001193 0.166667 0.750000 
 0.003261 -0.002796 0.000000 0.025000 0.003862 -0.002764 0.000000 0.075000 0.007903 -0.001144 0.133333 0.775000 
 0.003174 -0.002795 0.000000 0.050000 0.003692 -0.002736 0.000000 0.125000 0.007812 -0.001407 0.133333 0.675000 
 0.003171 -0.002795 0.000000 0.050000 0.003721 -0.002758 0.000000 0.125000 0.007659 -0.001568 0.050000 0.575000 
 0.003182 -0.002805 0.000000 0.050000 0.003916 -0.002745 0.000000 0.075000 0.007903 -0.001615 0.066667 0.575000 
 0.003214 -0.002798 0.000000 0.050000 0.003654 -0.002742 0.000000 0.050000 0.007756 -0.001646 0.083333 0.575000 
 0.003133 -0.002824 0.000000 0.050000 0.003522 -0.002745 0.000000 0.050000 0.007748 -0.001635 0.066667 0.525000 
 0.002908 -0.002849 0.000000 0.025000 0.003403 -0.002752 0.000000 0.075000 0.007395 -0.001565 0.100000 0.575000 
 0.003080 -0.002809 0.000000 0.025000 0.003398 -0.002760 0.000000 0.075000 0.006458 -0.001799 0.133333 0.525000 
 0.003009 -0.002811 0.000000 0.050000 0.003497 -0.002749 0.000000 0.100000 0.006116 -0.001749 0.150000 0.575000 
 0.002887 -0.002816 0.000000 0.050000 0.003476 -0.002746 0.000000 0.100000 0.006165 -0.001644 0.200000 0.650000 
 0.002837 -0.002816 0.000000 0.050000 0.003555 -0.002731 0.000000 0.125000 0.006103 -0.001704 0.216667 0.625000 
 0.002951 -0.002780 0.000000 0.075000 0.003499 -0.002732 0.000000 0.125000 0.005932 -0.001751 0.250000 0.600000 
 0.002898 -0.002758 0.000000 0.100000 0.003664 -0.002715 0.000000 0.125000 0.005912 -0.001745 0.250000 0.625000 
 0.002912 -0.002778 0.000000 0.100000 0.003915 -0.002734 0.000000 0.175000 0.006130 -0.001582 0.266667 0.700000 
 0.003031 -0.002793 0.000000 0.100000 0.004051 -0.002702 0.000000 0.175000 0.006407 -0.001698 0.200000 0.700000 
 0.003023 -0.002806 0.000000 0.125000 0.004129 -0.002717 0.000000 0.175000 0.006449 -0.001745 0.216667 0.600000 
 0.003009 -0.002787 0.000000 0.125000 0.004316 -0.002727 0.000000 0.075000 0.006398 -0.001850 0.183333 0.550000 
 0.003051 -0.002789 0.000000 0.125000 0.004408 -0.002695 0.000000 0.150000 0.006590 -0.001880 0.166667 0.500000 
 0.003245 -0.002742 0.000000 0.125000 0.004349 -0.002703 0.000000 0.125000 0.006361 -0.001850 0.166667 0.500000 
 0.003253 -0.002737 0.000000 0.100000 0.004211 -0.002700 0.000000 0.150000 0.006904 -0.001484 0.150000 0.550000 
 0.003236 -0.002763 0.000000 0.075000 0.004074 -0.002769 0.000000 0.100000 0.006974 -0.001407 0.183333 0.575000 
 0.003307 -0.002698 0.000000 0.125000 0.003700 -0.002790 0.000000 0.100000 0.007117 -0.001495 0.200000 0.550000 
 0.003285 -0.002692 0.000000 0.125000 0.003532 -0.002831 0.000000 0.100000 0.006818 -0.001638 0.183333 0.450000 
 0.003220 -0.002685 0.000000 0.125000 0.003492 -0.002845 0.000000 0.075000 0.006844 -0.001552 0.200000 0.450000 
 0.003263 -0.002711 0.000000 0.100000 0.003276 -0.002833 0.000000 0.075000 0.007132 -0.001513 0.216667 0.550000 
 0.003380 -0.002724 0.000000 0.100000 0.003286 -0.002836 0.000000 0.075000 0.007000 -0.001451 0.250000 0.550000 
 0.003330 -0.002791 0.000000 0.050000 0.003406 -0.002770 0.000000 0.100000 0.007553 -0.001418 0.250000 0.650000 
 0.003300 -0.002800 0.000000 0.050000 0.003568 -0.002739 0.000000 0.075000 0.006980 -0.001810 0.166667 0.575000 
 0.003186 -0.002811 0.000000 0.050000 0.003385 -0.002746 0.000000 0.075000 0.007331 -0.001897 0.166667 0.575000 
 0.002982 -0.002864 0.000000 0.000000 0.003659 -0.002741 0.000000 0.100000 0.007410 -0.001770 0.183333 0.700000 
 0.003010 -0.002871 0.000000 0.000000 0.003732 -0.002738 0.000000 0.100000 0.008059 -0.001759 0.133333 0.650000 
 0.003073 -0.002862 0.000000 0.025000 0.003694 -0.002722 0.000000 0.100000 0.007899 -0.001681 0.100000 0.650000 
 0.003172 -0.002804 0.000000 0.075000 0.003740 -0.002721 0.000000 0.100000 0.007698 -0.001715 0.083333 0.625000 
 0.003123 -0.002796 0.000000 0.075000 0.003690 -0.002741 0.000000 0.125000 0.007571 -0.001842 0.100000 0.600000 
 0.003081 -0.002794 0.000000 0.075000 0.003562 -0.002807 0.000000 0.100000 0.007185 -0.001880 0.100000 0.575000 
 0.003057 -0.002790 0.000000 0.100000 0.003364 -0.002807 0.000000 0.100000 0.007273 -0.001924 0.116667 0.500000 
 0.003059 -0.002768 0.000000 0.100000 0.003611 -0.002796 0.000000 0.100000 0.007814 -0.001833 0.100000 0.525000 
 0.003209 -0.002766 0.000000 0.100000 0.003533 -0.002770 0.000000 0.100000 0.007415 -0.001814 0.083333 0.550000 
 0.003354 -0.002778 0.000000 0.100000 0.003664 -0.002751 0.000000 0.100000 0.007233 -0.001767 0.100000 0.600000 
 0.003338 -0.002800 0.000000 0.050000 0.003656 -0.002768 0.000000 0.075000 0.007287 -0.001830 0.116667 0.700000 
 0.003295 -0.002797 0.000000 0.075000 0.003473 -0.002762 0.000000 0.100000 0.007549 -0.001516 0.133333 0.775000 
 0.003387 -0.002732 0.016667 0.125000 0.003471 -0.002772 0.000000 0.075000 0.007656 -0.001512 0.116667 0.800000 
 0.003340 -0.002737 0.016667 0.100000 0.003441 -0.002783 0.000000 0.050000 0.007626 -0.001511 0.150000 0.750000 
 0.003260 -0.002743 0.016667 0.075000 0.003466 -0.002791 0.000000 0.050000 0.007535 -0.001510 0.133333 0.750000 
 0.003341 -0.002738 0.016667 0.100000 0.003306 -0.002790 0.000000 0.050000 0.007297 -0.001680 0.150000 0.700000 
 0.003333 -0.002733 0.016667 0.125000 0.003426 -0.002821 0.000000 0.025000 0.007415 -0.001690 0.133333 0.725000 
 0.003334 -0.002736 0.016667 0.100000 0.003481 -0.002800 0.000000 0.025000 0.007245 -0.001613 0.133333 0.625000 
 0.003230 -0.002736 0.000000 0.075000 0.003804 -0.002787 0.000000 0.050000 0.007226 -0.001553 0.166667 0.675000 
 0.003229 -0.002783 0.000000 0.075000 0.003965 -0.002733 0.000000 0.100000 0.007364 -0.001739 0.183333 0.700000 
 0.003069 -0.002833 0.000000 0.050000 0.003935 -0.002716 0.000000 0.100000 0.007251 -0.001692 0.216667 0.675000 
 0.003053 -0.002859 0.000000 0.025000 0.003670 -0.002750 0.000000 0.075000 0.007376 -0.001627 0.250000 0.725000 
 0.003096 -0.002823 0.000000 0.050000 0.003802 -0.002744 0.000000 0.100000 0.007783 -0.001583 0.350000 0.750000 
 0.003142 -0.002791 0.000000 0.050000 0.004066 -0.002717 0.000000 0.100000 0.007332 -0.001579 0.316667 0.725000 
 0.003154 -0.002745 0.000000 0.100000 0.003827 -0.002727 0.000000 0.125000 0.007642 -0.001454 0.366667 0.750000 
 0.003009 -0.002747 0.000000 0.100000 0.003690 -0.002813 0.000000 0.075000 0.007733 -0.001394 0.350000 0.725000 
 0.002928 -0.002769 0.000000 0.125000 0.003531 -0.002799 0.000000 0.075000 0.007931 -0.001415 0.300000 0.725000 
 0.002865 -0.002753 0.000000 0.125000 0.003292 -0.002765 0.000000 0.100000 0.007644 -0.001322 0.300000 0.625000 
 0.002974 -0.002754 0.000000 0.125000 0.003281 -0.002774 0.000000 0.100000 0.007558 -0.001411 0.250000 0.600000 
 0.003198 -0.002754 0.000000 0.125000 0.003256 -0.002765 0.000000 0.075000 0.007515 -0.001483 0.200000 0.525000 
 0.003252 -0.002790 0.000000 0.100000 0.003198 -0.002793 0.000000 0.050000 0.006945 -0.001632 0.133333 0.450000 
 0.003191 -0.002813 0.000000 0.075000 0.003088 -0.002770 0.000000 0.075000 0.007460 -0.001606 0.133333 0.475000 
 0.003239 -0.002862 0.000000 0.050000 0.003168 -0.002748 0.000000 0.075000 0.007315 -0.001723 0.100000 0.400000 
 0.003436 -0.002810 0.000000 0.075000 0.003241 -0.002733 0.000000 0.075000 0.007438 -0.001584 0.116667 0.500000 
 0.003528 -0.002786 0.000000 0.100000 0.003371 -0.002765 0.000000 0.050000 0.007215 -0.001773 0.100000 0.475000 
 0.003764 -0.002783 0.000000 0.125000 0.003369 -0.002780 0.000000 0.050000 0.007174 -0.001825 0.100000 0.525000 
 0.003992 -0.002760 0.000000 0.150000 0.003546 -0.002751 0.000000 0.100000 0.007361 -0.001764 0.100000 0.550000 
 0.003909 -0.002723 0.000000 0.175000 0.003551 -0.002736 0.000000 0.150000 0.007257 -0.001589 0.116667 0.600000 
 0.003805 -0.002768 0.000000 0.100000 0.003576 -0.002760 0.000000 0.125000 0.007501 -0.001615 0.116667 0.575000 
 0.003566 -0.002785 0.000000 0.100000 0.003546 -0.002773 0.000000 0.125000 0.007624 -0.001446 0.133333 0.625000 
 0.003070 -0.002839 0.000000 0.050000 0.003553 -0.002778 0.000000 0.075000 0.007705 -0.001529 0.133333 0.625000 
 0.003370 -0.002844 0.000000 0.050000 0.003715 -0.002789 0.000000 0.100000 0.007465 -0.001714 0.133333 0.575000 
 0.003524 -0.002843 0.000000 0.075000 0.003612 -0.002793 0.000000 0.150000 0.007495 -0.001576 0.116667 0.625000 
 0.003489 -0.002854 0.000000 0.025000 0.003759 -0.002790 0.000000 0.175000 0.007216 -0.001665 0.150000 0.575000 
 0.003536 -0.002855 0.000000 0.025000 0.003603 -0.002806 0.000000 0.100000 0.007436 -0.001695 0.066667 0.525000 
 0.003453 -0.002864 0.000000 0.025000 0.003560 -0.002832 0.000000 0.100000 0.007443 -0.001873 0.033333 0.450000 
 0.003377 -0.002815 0.000000 0.075000 0.003621 -0.002837 0.000000 0.100000 0.007796 -0.001781 0.066667 0.450000 
 0.003153 -0.002817 0.000000 0.075000 0.003500 -0.002840 0.000000 0.075000 0.007350 -0.001938 0.116667 0.450000 
 0.003035 -0.002819 0.000000 0.075000 0.003494 -0.002856 0.000000 0.050000 0.007221 -0.002017 0.100000 0.450000 
 0.003153 -0.002778 0.000000 0.100000 0.003384 -0.002873 0.000000 0.025000 0.007058 -0.001898 0.116667 0.500000 
 0.002928 -0.002777 0.016667 0.100000 0.003371 -0.002849 0.000000 0.050000 0.006963 -0.001955 0.150000 0.500000 
 0.002825 -0.002791 0.016667 0.100000 0.003455 -0.002834 0.000000 0.050000 0.007393 -0.001868 0.166667 0.575000 
 0.002808 -0.002806 0.016667 0.075000 0.003543 -0.002824 0.000000 0.075000 0.007175 -0.001842 0.183333 0.550000 
 0.002736 -0.002757 0.016667 0.100000 0.003590 -0.002816 0.000000 0.075000 0.007234 -0.001816 0.200000 0.525000 
 0.002713 -0.002812 0.000000 0.075000 0.003587 -0.002798 0.000000 0.075000 0.006864 -0.001798 0.166667 0.575000 
 0.002809 -0.002803 0.000000 0.075000 0.003589 -0.002800 0.000000 0.050000 0.006752 -0.001825 0.166667 0.575000 
 0.002897 -0.002794 0.000000 0.125000 0.003843 -0.002700 0.000000 0.150000 0.006685 -0.001648 0.183333 0.650000 
 0.002762 -0.002833 0.000000 0.075000 0.004030 -0.002698 0.000000 0.150000 0.007110 -0.001598 0.183333 0.625000 
 0.003026 -0.002806 0.000000 0.100000 0.004090 -0.002697 0.000000 0.150000 0.007139 -0.001549 0.133333 0.625000 
 0.002991 -0.002800 0.000000 0.100000 0.003770 -0.002731 0.000000 0.125000 0.006796 -0.001555 0.150000 0.625000 
 0.003191 -0.002790 0.000000 0.100000 0.003761 -0.002735 0.000000 0.125000 0.006616 -0.001535 0.100000 0.750000 
 0.003271 -0.002769 0.000000 0.150000 0.003880 -0.002697 0.000000 0.175000 0.006419 -0.001507 0.133333 0.750000 
 0.003048 -0.002844 0.000000 0.000000 0.003707 -0.002763 0.000000 0.100000 0.007477 -0.001144 0.266667 0.850000 
 0.003403 -0.002785 0.000000 0.100000 0.003726 -0.002785 0.000000 0.100000 0.007563 -0.001196 0.200000 0.850000 
 0.003537 -0.002767 0.000000 0.150000 0.003794 -0.002790 0.000000 0.100000 0.007057 -0.001312 0.200000 0.875000 
 0.003449 -0.002806 0.000000 0.125000 0.003779 -0.002790 0.000000 0.125000 0.006723 -0.001475 0.183333 0.725000 
 0.003166 -0.002846 0.000000 0.050000 0.003723 -0.002800 0.000000 0.050000 0.006611 -0.001622 0.166667 0.600000 
 0.003215 -0.002839 0.000000 0.050000 0.003690 -0.002823 0.000000 0.075000 0.006682 -0.001749 0.133333 0.525000 
 0.002973 -0.002831 0.000000 0.100000 0.003628 -0.002823 0.000000 0.075000 0.006357 -0.001764 0.166667 0.525000 
 0.003034 -0.002824 0.000000 0.100000 0.003584 -0.002776 0.000000 0.125000 0.006558 -0.001875 0.166667 0.525000 
 0.002890 -0.002828 0.000000 0.100000 0.003442 -0.002801 0.000000 0.075000 0.006584 -0.001875 0.150000 0.475000 
 0.003000 -0.002827 0.000000 0.050000 0.003433 -0.002773 0.000000 0.125000 0.006114 -0.001993 0.166667 0.400000 
 0.002976 -0.002838 0.000000 0.050000 0.003660 -0.002702 0.000000 0.175000 0.006326 -0.001995 0.200000 0.450000 
 0.002878 -0.002831 0.000000 0.075000 0.003804 -0.002730 0.000000 0.125000 0.006492 -0.001978 0.150000 0.475000 
 0.002965 -0.002817 0.000000 0.100000 0.003793 -0.002748 0.000000 0.150000 0.006385 -0.001894 0.150000 0.525000 
 0.003002 -0.002788 0.000000 0.100000 0.003775 -0.002763 0.000000 0.125000 0.006530 -0.001854 0.166667 0.525000 
 0.003111 -0.002804 0.000000 0.075000 0.003748 -0.002777 0.000000 0.125000 0.007056 -0.001720 0.116667 0.575000 
 0.003108 -0.002815 0.000000 0.025000 0.003927 -0.002800 0.000000 0.125000 0.007201 -0.001720 0.133333 0.525000 
 0.003235 -0.002834 0.000000 0.025000 0.003865 -0.002782 0.000000 0.125000 0.007017 -0.001732 0.150000 0.575000 
 0.003151 -0.002874 0.000000 0.000000 0.003912 -0.002806 0.000000 0.125000 0.007321 -0.001592 0.166667 0.625000 
 0.003216 -0.002825 0.016667 0.050000 0.003584 -0.002855 0.000000 0.075000 0.007081 -0.001676 0.116667 0.625000 
 0.003181 -0.002823 0.000000 0.050000 0.003420 -0.002839 0.000000 0.075000 0.006866 -0.001723 0.133333 0.625000 
 0.003139 -0.002811 0.000000 0.050000 0.003366 -0.002827 0.000000 0.075000 0.006958 -0.001698 0.116667 0.650000 
 0.003048 -0.002853 0.000000 0.050000 0.003481 -0.002828 0.000000 0.075000 0.006907 -0.001586 0.183333 0.650000 
 0.003056 -0.002847 0.000000 0.050000 0.003567 -0.002771 0.000000 0.100000 0.006831 -0.001612 0.200000 0.625000 
 0.003140 -0.002824 0.000000 0.050000 0.003436 -0.002804 0.000000 0.075000 0.006580 -0.001739 0.183333 0.550000 
 0.003154 -0.002765 0.000000 0.100000 0.003406 -0.002822 0.000000 0.075000 0.006633 -0.001723 0.166667 0.575000 
 0.003129 -0.002779 0.016667 0.075000 0.003393 -0.002808 0.000000 0.100000 0.006980 -0.001533 0.200000 0.650000 
 0.003006 -0.002789 0.000000 0.075000 0.003587 -0.002772 0.000000 0.100000 0.007116 -0.001433 0.183333 0.675000 
 0.003065 -0.002766 0.000000 0.100000 0.003663 -0.002783 0.000000 0.075000 0.007415 -0.001326 0.200000 0.750000 
 0.003135 -0.002785 0.000000 0.100000 0.003654 -0.002772 0.000000 0.075000 0.007671 -0.001400 0.183333 0.750000 
 0.003208 -0.002767 0.000000 0.100000 0.003495 -0.002750 0.000000 0.125000 0.007736 -0.001491 0.166667 0.625000 
 0.003207 -0.002764 0.000000 0.125000 0.003432 -0.002775 0.000000 0.075000 0.007469 -0.001627 0.183333 0.600000 
 0.003279 -0.002738 0.000000 0.150000 0.003310 -0.002759 0.000000 0.075000 0.007849 -0.001533 0.150000 0.650000 
 0.003202 -0.002755 0.000000 0.100000 0.003283 -0.002736 0.000000 0.125000 0.007849 -0.001458 0.166667 0.650000 
 0.003236 -0.002729 0.000000 0.125000 0.003196 -0.002790 0.000000 0.050000 0.007580 -0.001628 0.150000 0.675000 
 0.003419 -0.002738 0.000000 0.075000 0.003060 -0.002787 0.000000 0.050000 0.007716 -0.001429 0.200000 0.700000 
 0.003395 -0.002756 0.000000 0.075000 0.003144 -0.002772 0.000000 0.075000 0.007826 -0.001447 0.166667 0.625000 
 0.003208 -0.002729 0.000000 0.100000 0.003224 -0.002784 0.000000 0.075000 0.007398 -0.001525 0.150000 0.575000 
 0.003163 -0.002749 0.000000 0.100000 0.003242 -0.002778 0.000000 0.050000 0.007278 -0.001503 0.233333 0.650000 
 0.003151 -0.002774 0.000000 0.075000 0.003270 -0.002756 0.000000 0.075000 0.007811 -0.001110 0.233333 0.750000 
 0.003111 -0.002800 0.000000 0.075000 0.003240 -0.002768 0.000000 0.075000 0.007503 -0.001197 0.200000 0.750000 
 0.003118 -0.002817 0.000000 0.075000 0.003466 -0.002767 0.000000 0.075000 0.007417 -0.001301 0.183333 0.675000 
 0.003199 -0.002838 0.000000 0.050000 0.003534 -0.002753 0.000000 0.100000 0.007126 -0.001355 0.133333 0.750000 
 0.003022 -0.002819 0.000000 0.075000 0.003688 -0.002757 0.000000 0.100000 0.007055 -0.001559 0.100000 0.675000 
 0.003093 -0.002859 0.000000 0.075000 0.003551 -0.002759 0.000000 0.125000 0.006825 -0.001612 0.100000 0.700000 
 0.003088 -0.002848 0.000000 0.075000 0.003461 -0.002786 0.000000 0.125000 0.006902 -0.001650 0.083333 0.675000 
 0.003235 -0.002847 0.000000 0.075000 0.003412 -0.002790 0.000000 0.125000 0.006792 -0.001697 0.083333 0.650000 
 0.003320 -0.002834 0.000000 0.100000 0.003305 -0.002820 0.000000 0.100000 0.006519 -0.002078 0.083333 0.575000 
 0.003247 -0.002855 0.000000 0.075000 0.003598 -0.002812 0.000000 0.075000 0.006761 -0.002005 0.133333 0.600000 
 0.003204 -0.002855 0.000000 0.075000 0.003453 -0.002756 0.033333 0.100000 0.006833 -0.001957 0.100000 0.550000 
 0.003014 -0.002865 0.000000 0.075000 0.003629 -0.002751 0.033333 0.100000 0.007219 -0.001931 0.083333 0.500000 
 0.003061 -0.002864 0.000000 0.050000 0.003391 -0.002741 0.033333 0.100000 0.007288 -0.001866 0.116667 0.525000 
 0.002970 -0.002857 0.000000 0.025000 0.003344 -0.002759 0.033333 0.075000 0.007459 -0.001709 0.166667 0.575000 
 0.003041 -0.002835 0.000000 0.025000 0.003612 -0.002742 0.033333 0.075000 0.007294 -0.001659 0.216667 0.600000 
 0.003081 -0.002792 0.000000 0.050000 0.003690 -0.002736 0.033333 0.100000 0.007525 -0.001690 0.200000 0.600000 
 0.003091 -0.002809 0.000000 0.025000 0.003779 -0.002737 0.033333 0.100000 0.007492 -0.001763 0.183333 0.600000 
 0.003202 -0.002798 0.000000 0.025000 0.003535 -0.002779 0.033333 0.075000 0.006892 -0.001835 0.166667 0.600000 
 0.003458 -0.002757 0.000000 0.050000 0.003423 -0.002808 0.000000 0.050000 0.006975 -0.001880 0.166667 0.600000 
 0.003591 -0.002745 0.000000 0.075000 0.003214 -0.002834 0.000000 0.050000 0.006815 -0.001884 0.200000 0.575000 
 0.003543 -0.002752 0.000000 0.075000 0.003271 -0.002846 0.000000 0.050000 0.006741 -0.001928 0.150000 0.575000 
 0.003599 -0.002745 0.000000 0.100000 0.003569 -0.002836 0.000000 0.050000 0.006723 -0.001870 0.100000 0.500000 
 0.003620 -0.002737 0.000000 0.100000 0.003479 -0.002837 0.000000 0.050000 0.007039 -0.001842 0.100000 0.525000 
 0.003602 -0.002704 0.000000 0.100000 0.003538 -0.002800 0.000000 0.050000 0.006986 -0.001741 0.083333 0.575000 
 0.003551 -0.002685 0.000000 0.100000 0.003644 -0.002737 0.000000 0.125000 0.006744 -0.001686 0.100000 0.550000 
 0.003273 -0.002683 0.016667 0.100000 0.003713 -0.002712 0.000000 0.150000 0.007129 -0.001572 0.116667 0.600000 
 0.003063 -0.002766 0.000000 0.075000 0.003637 -0.002724 0.000000 0.150000 0.006976 -0.001533 0.116667 0.625000 
 0.002982 -0.002756 0.000000 0.075000 0.003658 -0.002700 0.000000 0.150000 0.006858 -0.001622 0.116667 0.625000 
 0.002970 -0.002730 0.000000 0.100000 0.003836 -0.002668 0.000000 0.150000 0.007006 -0.001582 0.066667 0.600000 
 0.002876 -0.002746 0.000000 0.075000 0.003692 -0.002675 0.000000 0.075000 0.006862 -0.001681 0.100000 0.650000 
 0.002806 -0.002743 0.000000 0.100000 0.003643 -0.002665 0.000000 0.100000 0.006895 -0.001625 0.100000 0.650000 
 0.002780 -0.002814 0.000000 0.075000 0.003678 -0.002657 0.016667 0.150000 0.007051 -0.001687 0.133333 0.600000 
 0.002820 -0.002820 0.000000 0.075000 0.003510 -0.002689 0.016667 0.125000 0.007447 -0.001732 0.166667 0.625000 
 0.003020 -0.002805 0.000000 0.075000 0.003426 -0.002723 0.016667 0.100000 0.007404 -0.001643 0.166667 0.675000 
 0.003098 -0.002786 0.000000 0.075000 0.003316 -0.002731 0.016667 0.100000 0.007425 -0.001630 0.183333 0.700000 
 0.003082 -0.002786 0.000000 0.075000 0.003258 -0.002753 0.016667 0.100000 0.006952 -0.001778 0.166667 0.625000 
 0.003036 -0.002804 0.000000 0.075000 0.003135 -0.002772 0.016667 0.100000 0.007126 -0.001614 0.200000 0.625000 
 0.003163 -0.002817 0.000000 0.050000 0.003229 -0.002752 0.016667 0.150000 0.006908 -0.001683 0.166667 0.600000 
 0.003190 -0.002791 0.000000 0.100000 0.003084 -0.002775 0.016667 0.075000 0.006577 -0.001783 0.183333 0.600000 
 0.003068 -0.002794 0.000000 0.075000 0.003102 -0.002797 0.000000 0.025000 0.006726 -0.001697 0.200000 0.575000 
 0.002970 -0.002803 0.000000 0.075000 0.003178 -0.002797 0.000000 0.075000 0.006533 -0.001688 0.133333 0.550000 
 0.003056 -0.002778 0.000000 0.100000 0.003148 -0.002761 0.000000 0.075000 0.006388 -0.001739 0.133333 0.500000 
 0.002924 -0.002776 0.000000 0.125000 0.003388 -0.002757 0.000000 0.075000 0.006730 -0.001691 0.216667 0.550000 
 0.002938 -0.002773 0.000000 0.075000 0.003522 -0.002759 0.000000 0.075000 0.007173 -0.001557 0.200000 0.650000 
 0.003174 -0.002805 0.000000 0.050000 0.003621 -0.002760 0.000000 0.075000 0.007145 -0.001538 0.216667 0.575000 
 0.003014 -0.002806 0.000000 0.075000 0.003591 -0.002764 0.000000 0.100000 0.007665 -0.001419 0.166667 0.650000 
 0.002932 -0.002818 0.000000 0.075000 0.003766 -0.002772 0.000000 0.100000 0.007787 -0.001088 0.200000 0.775000 
 0.002981 -0.002792 0.000000 0.100000 0.003816 -0.002757 0.000000 0.125000 0.007917 -0.001092 0.150000 0.800000 
 0.003093 -0.002774 0.000000 0.100000 0.003793 -0.002751 0.000000 0.100000 0.007342 -0.001305 0.150000 0.700000 
 0.003065 -0.002819 0.000000 0.075000 0.003831 -0.002790 0.000000 0.075000 0.007680 -0.001279 0.116667 0.775000 
 0.003236 -0.002797 0.000000 0.075000 0.003695 -0.002774 0.000000 0.075000 0.007421 -0.001439 0.100000 0.700000 
 0.003238 -0.002775 0.000000 0.100000 0.003688 -0.002796 0.000000 0.075000 0.007555 -0.001484 0.116667 0.675000 
 0.003064 -0.002782 0.000000 0.075000 0.003678 -0.002813 0.000000 0.050000 0.007327 -0.001592 0.083333 0.650000 
 0.003103 -0.002822 0.000000 0.050000 0.003614 -0.002792 0.000000 0.050000 0.007387 -0.001627 0.133333 0.525000 
 0.003129 -0.002815 0.000000 0.050000 0.003373 -0.002822 0.000000 0.050000 0.007388 -0.001707 0.133333 0.550000 
 0.003642 -0.002783 0.000000 0.125000 0.003829 -0.002785 0.000000 0.150000 0.007152 -0.001894 0.150000 0.525000 
 0.003474 -0.002825 0.000000 0.075000 0.003843 -0.002741 0.000000 0.200000 0.006880 -0.001962 0.116667 0.475000 
 0.003274 -0.002853 0.000000 0.075000 0.003862 -0.002750 0.000000 0.200000 0.007250 -0.001720 0.133333 0.550000 
 0.003305 -0.002861 0.000000 0.075000 0.003815 -0.002787 0.000000 0.175000 0.006868 -0.001856 0.133333 0.525000 
 0.003598 -0.002826 0.000000 0.075000 0.003512 -0.002825 0.000000 0.125000 0.006667 -0.001818 0.133333 0.550000 
 0.003713 -0.002820 0.000000 0.025000 0.003465 -0.002818 0.000000 0.100000 0.006738 -0.001855 0.150000 0.525000 
 0.003697 -0.002836 0.000000 0.075000 0.003566 -0.002779 0.000000 0.100000 0.006571 -0.001579 0.200000 0.625000 
 0.003417 -0.002825 0.000000 0.100000 0.003560 -0.002790 0.000000 0.125000 0.006520 -0.001570 0.166667 0.625000 
 0.003317 -0.002795 0.000000 0.100000 0.003386 -0.002842 0.000000 0.075000 0.006431 -0.001524 0.200000 0.675000 
 0.003364 -0.002785 0.000000 0.125000 0.003445 -0.002848 0.000000 0.125000 0.007107 -0.001446 0.233333 0.800000 
 0.003894 -0.002731 0.000000 0.125000 0.003438 -0.002812 0.000000 0.150000 0.006588 -0.001582 0.233333 0.650000 
 0.003974 -0.002702 0.000000 0.125000 0.003371 -0.002793 0.000000 0.150000 0.006670 -0.001557 0.150000 0.650000 
 0.003832 -0.002734 0.016667 0.125000 0.003502 -0.002753 0.000000 0.175000 0.007121 -0.001533 0.183333 0.675000 
 0.003578 -0.002749 0.016667 0.100000 0.003404 -0.002755 0.000000 0.125000 0.006998 -0.001482 0.183333 0.700000 
 0.003692 -0.002695 0.000000 0.175000 0.003210 -0.002755 0.000000 0.125000 0.006928 -0.001725 0.116667 0.650000 
 0.003603 -0.002701 0.000000 0.175000 0.003253 -0.002749 0.000000 0.175000 0.007278 -0.001529 0.166667 0.700000 
 0.003573 -0.002678 0.000000 0.200000 0.003209 -0.002759 0.000000 0.175000 0.007248 -0.001593 0.150000 0.675000 
 0.003319 -0.002757 0.016667 0.125000 0.003087 -0.002788 0.000000 0.125000 0.006905 -0.001635 0.116667 0.575000 
 0.003346 -0.002773 0.016667 0.100000 0.003286 -0.002791 0.000000 0.075000 0.007346 -0.001493 0.133333 0.675000 
 0.003440 -0.002691 0.000000 0.150000 0.003296 -0.002775 0.000000 0.125000 0.007104 -0.001541 0.150000 0.650000 
 0.003450 -0.002657 0.000000 0.175000 0.003158 -0.002842 0.000000 0.100000 0.007268 -0.001416 0.116667 0.625000 
 0.003329 -0.002656 0.000000 0.200000 0.003228 -0.002835 0.000000 0.100000 0.007300 -0.001407 0.116667 0.675000 
 0.003242 -0.002696 0.000000 0.175000 0.003362 -0.002839 0.000000 0.075000 0.007408 -0.001399 0.133333 0.625000 
 0.003273 -0.002673 0.000000 0.200000 0.003384 -0.002861 0.000000 0.050000 0.007211 -0.001604 0.083333 0.550000 
 0.003175 -0.002683 0.000000 0.200000 0.003508 -0.002820 0.000000 0.075000 0.007024 -0.001705 0.066667 0.550000 
 0.003365 -0.002654 0.000000 0.225000 0.003665 -0.002827 0.000000 0.050000 0.007245 -0.001596 0.066667 0.575000 
 0.003233 -0.002644 0.000000 0.225000 0.003541 -0.002838 0.000000 0.050000 0.006800 -0.001672 0.116667 0.525000 
 0.003058 -0.002746 0.000000 0.150000 0.003554 -0.002857 0.000000 0.000000 0.007142 -0.001532 0.150000 0.550000 
 0.003096 -0.002786 0.000000 0.150000 0.003770 -0.002856 0.000000 0.000000 0.006918 -0.001623 0.133333 0.575000 
 0.003208 -0.002777 0.000000 0.150000 0.003789 -0.002791 0.000000 0.050000 0.007065 -0.001653 0.150000 0.550000 
 0.003032 -0.002806 0.000000 0.100000 0.003683 -0.002740 0.000000 0.075000 0.007027 -0.001771 0.150000 0.475000 
 0.003339 -0.002789 0.000000 0.100000 0.003782 -0.002711 0.000000 0.100000 0.006767 -0.001649 0.166667 0.575000 
 0.003322 -0.002783 0.000000 0.125000 0.003673 -0.002725 0.000000 0.100000 0.007250 -0.001547 0.150000 0.650000 
 0.003266 -0.002763 0.000000 0.150000 0.003493 -0.002733 0.000000 0.100000 0.007117 -0.001791 0.133333 0.600000 
 0.003194 -0.002771 0.000000 0.125000 0.003414 -0.002704 0.000000 0.125000 0.007076 -0.001710 0.100000 0.650000 
 0.003089 -0.002763 0.000000 0.125000 0.003501 -0.002633 0.000000 0.175000 0.006812 -0.001919 0.100000 0.575000 
 0.003052 -0.002776 0.000000 0.125000 0.003558 -0.002603 0.000000 0.200000 0.006523 -0.001966 0.083333 0.600000 
 0.003028 -0.002788 0.000000 0.125000 0.003428 -0.002668 0.000000 0.150000 0.006273 -0.001909 0.066667 0.575000 
 0.003021 -0.002768 0.000000 0.150000 0.003457 -0.002700 0.000000 0.125000 0.006196 -0.001839 0.050000 0.575000 
 0.002926 -0.002777 0.000000 0.150000 0.003183 -0.002780 0.000000 0.100000 0.006423 -0.001875 0.050000 0.525000 
 0.002860 -0.002788 0.000000 0.100000 0.003154 -0.002781 0.000000 0.125000 0.006008 -0.001965 0.033333 0.500000 
 0.002859 -0.002833 0.000000 0.100000 0.003302 -0.002761 0.000000 0.125000 0.005856 -0.001960 0.100000 0.525000 
 0.002985 -0.002823 0.000000 0.075000 0.003319 -0.002744 0.000000 0.150000 0.005959 -0.001966 0.066667 0.450000 
 0.003070 -0.002808 0.000000 0.075000 0.003163 -0.002786 0.000000 0.125000 0.006266 -0.001734 0.050000 0.550000 
 0.003088 -0.002819 0.000000 0.075000 0.002987 -0.002766 0.000000 0.125000 0.006221 -0.001771 0.050000 0.500000 
 0.003090 -0.002820 0.000000 0.050000 0.003165 -0.002707 0.000000 0.175000 0.006429 -0.001824 0.066667 0.450000 
 0.003178 -0.002771 0.000000 0.100000 0.003168 -0.002663 0.000000 0.200000 0.006383 -0.001954 0.083333 0.475000 
 0.003105 -0.002776 0.000000 0.075000 0.003443 -0.002636 0.000000 0.250000 0.006311 -0.001859 0.083333 0.525000 
 0.003243 -0.002721 0.016667 0.100000 0.003373 -0.002621 0.000000 0.250000 0.006303 -0.001839 0.116667 0.475000 
 0.003536 -0.002726 0.016667 0.075000 0.003318 -0.002632 0.000000 0.250000 0.006120 -0.001848 0.116667 0.425000 
 0.003373 -0.002758 0.016667 0.075000 0.003246 -0.002653 0.000000 0.250000 0.006164 -0.001927 0.116667 0.400000 
 0.003401 -0.002767 0.016667 0.075000 0.003423 -0.002664 0.000000 0.250000 0.006769 -0.001874 0.083333 0.500000 
 0.003387 -0.002755 0.016667 0.075000 0.003519 -0.002702 0.000000 0.225000 0.007025 -0.001689 0.183333 0.575000 
 0.003459 -0.002697 0.016667 0.125000 0.003483 -0.002757 0.000000 0.175000 0.007205 -0.001690 0.166667 0.550000 
 0.003382 -0.002734 0.016667 0.075000 0.003652 -0.002765 0.000000 0.125000 0.007320 -0.001549 0.166667 0.575000 
 0.003516 -0.002720 0.016667 0.125000 0.003353 -0.002817 0.000000 0.100000 0.007192 -0.001742 0.150000 0.550000 
 0.003620 -0.002760 0.000000 0.125000 0.003498 -0.002762 0.000000 0.150000 0.007262 -0.001912 0.100000 0.500000 
 0.003229 -0.002774 0.000000 0.125000 0.003462 -0.002751 0.000000 0.125000 0.007549 -0.001853 0.116667 0.500000 
 0.003393 -0.002727 0.000000 0.175000 0.003406 -0.002742 0.000000 0.100000 0.007700 -0.001840 0.133333 0.475000 
 0.003448 -0.002694 0.000000 0.175000 0.003438 -0.002764 0.000000 0.100000 0.006707 -0.002109 0.083333 0.375000 
 0.003253 -0.002726 0.000000 0.175000 0.003519 -0.002727 0.016667 0.125000 0.006698 -0.002090 0.116667 0.350000 
 0.003264 -0.002756 0.000000 0.175000 0.003552 -0.002695 0.016667 0.175000 0.006270 -0.002145 0.100000 0.325000 
 0.003303 -0.002772 0.000000 0.150000 0.003363 -0.002721 0.016667 0.175000 0.006593 -0.002052 0.116667 0.400000 
 0.003213 -0.002770 0.000000 0.100000 0.003506 -0.002699 0.016667 0.175000 0.006402 -0.001996 0.116667 0.400000 
 0.002986 -0.002773 0.000000 0.100000 0.003388 -0.002784 0.016667 0.075000 0.006498 -0.001993 0.133333 0.400000 
 0.003231 -0.002733 0.000000 0.125000 0.003399 -0.002813 0.016667 0.100000 0.006336 -0.001931 0.150000 0.425000 
 0.003171 -0.002793 0.000000 0.125000 0.003667 -0.002790 0.016667 0.125000 0.006203 -0.001910 0.116667 0.450000 
 0.003321 -0.002753 0.000000 0.150000 0.003553 -0.002801 0.016667 0.100000 0.006523 -0.001673 0.183333 0.500000 
 0.003494 -0.002719 0.000000 0.150000 0.003529 -0.002848 0.000000 0.050000 0.006355 -0.001701 0.150000 0.500000 
 0.003365 -0.002758 0.000000 0.125000 0.003369 -0.002856 0.000000 0.025000 0.006673 -0.001542 0.133333 0.550000 
 0.003374 -0.002759 0.000000 0.150000 0.003568 -0.002836 0.000000 0.025000 0.006334 -0.001756 0.150000 0.525000 
 0.003463 -0.002753 0.000000 0.125000 0.003615 -0.002832 0.000000 0.025000 0.007022 -0.001573 0.150000 0.600000 
 0.003657 -0.002737 0.000000 0.125000 0.003817 -0.002815 0.000000 0.025000 0.007024 -0.001399 0.133333 0.650000 
 0.003502 -0.002772 0.000000 0.100000 0.003932 -0.002804 0.000000 0.025000 0.006938 -0.001489 0.133333 0.650000 
 0.003579 -0.002784 0.000000 0.075000 0.003870 -0.002827 0.000000 0.025000 0.007061 -0.001465 0.100000 0.650000 
 0.003423 -0.002797 0.000000 0.075000 0.003908 -0.002807 0.000000 0.025000 0.006946 -0.001600 0.100000 0.575000 
 0.003234 -0.002795 0.000000 0.075000 0.003850 -0.002813 0.000000 0.025000 0.007203 -0.001536 0.116667 0.600000 
 0.003341 -0.002777 0.000000 0.050000 0.003870 -0.002794 0.000000 0.025000 0.007336 -0.001542 0.133333 0.575000 
 0.003393 -0.002822 0.000000 0.050000 0.003638 -0.002795 0.000000 0.050000 0.007269 -0.001524 0.100000 0.600000 
 0.003317 -0.002819 0.000000 0.025000 0.003648 -0.002807 0.000000 0.050000 0.007039 -0.001581 0.083333 0.600000 
 0.003283 -0.002803 0.000000 0.075000 0.003518 -0.002815 0.000000 0.075000 0.007300 -0.001687 0.100000 0.575000 
 0.003399 -0.002788 0.000000 0.075000 0.003505 -0.002815 0.000000 0.050000 0.007802 -0.001578 0.150000 0.625000 
 0.003251 -0.002792 0.000000 0.100000 0.003497 -0.002815 0.000000 0.025000 0.007769 -0.001493 0.150000 0.625000 
 0.003343 -0.002820 0.000000 0.075000 0.003473 -0.002787 0.000000 0.100000 0.007567 -0.001560 0.133333 0.650000 
 0.003673 -0.002759 0.000000 0.100000 0.003417 -0.002783 0.000000 0.075000 0.007335 -0.001606 0.133333 0.575000 
 0.003491 -0.002758 0.000000 0.100000 0.003474 -0.002822 0.000000 0.050000 0.007145 -0.001670 0.116667 0.550000 
 0.003528 -0.002743 0.000000 0.100000 0.003448 -0.002819 0.000000 0.050000 0.007490 -0.001453 0.133333 0.600000 
 0.003606 -0.002722 0.000000 0.100000 0.003561 -0.002801 0.000000 0.075000 0.007429 -0.001405 0.133333 0.650000 
 0.003429 -0.002757 0.000000 0.050000 0.003501 -0.002825 0.000000 0.075000 0.007351 -0.001528 0.116667 0.625000 
 0.003331 -0.002750 0.000000 0.075000 0.003384 -0.002823 0.000000 0.075000 0.006987 -0.001482 0.100000 0.600000 
 0.003316 -0.002772 0.000000 0.050000 0.003396 -0.002797 0.000000 0.100000 0.006890 -0.001646 0.166667 0.625000 
 0.003454 -0.002739 0.000000 0.075000 0.003429 -0.002849 0.000000 0.050000 0.007165 -0.001625 0.133333 0.575000 
 0.003203 -0.002793 0.000000 0.025000 0.003489 -0.002839 0.000000 0.075000 0.007341 -0.001484 0.100000 0.625000 
 0.068456 0.059853 0.433333 0.775000 0.014113 0.002642 0.316667 0.900000 0.083833 0.071733 0.466667 1.025000 
 0.069185 0.056606 0.383333 0.775000 0.013360 0.001795 0.283333 0.800000 0.083042 0.066689 0.583333 0.975000 
 0.073566 0.058303 0.416667 0.825000 0.013114 0.001813 0.266667 0.775000 0.087107 0.070427 0.500000 1.075000 
 0.069151 0.049146 0.416667 0.775000 0.013701 0.001742 0.233333 0.725000 0.090314 0.080828 0.466667 0.950000 
 0.067629 0.048830 0.450000 0.825000 0.015087 0.002023 0.233333 0.700000 0.080824 0.072645 0.533333 0.950000 
 0.073966 0.053676 0.433333 0.825000 0.017912 0.002600 0.233333 0.750000 0.088024 0.083704 0.466667 0.925000 
 0.066328 0.048623 0.483333 0.850000 0.016798 0.001623 0.233333 0.675000 0.092796 0.091834 0.483333 1.000000 
 0.059806 0.034524 0.533333 0.875000 0.016192 0.001509 0.366667 0.800000 0.089461 0.095846 0.500000 1.000000 
 0.059636 0.035480 0.533333 0.825000 0.016394 0.001095 0.316667 0.750000 0.086395 0.100354 0.516667 1.000000 
 0.057241 0.034149 0.450000 0.825000 0.016756 0.001423 0.383333 0.800000 0.082123 0.097857 0.500000 0.950000 
 0.057488 0.035274 0.383333 0.825000 0.016899 0.001665 0.400000 0.875000 0.081651 0.094085 0.516667 0.900000 
 0.063047 0.040702 0.416667 0.825000 0.016299 0.001739 0.400000 0.875000 0.076216 0.085819 0.533333 0.950000 
 0.063409 0.040393 0.416667 0.825000 0.015693 0.001773 0.383333 0.950000 0.087750 0.099306 0.616667 0.900000 
 0.061291 0.040181 0.450000 0.850000 0.012890 0.001272 0.383333 1.000000 0.085944 0.096665 0.600000 0.925000 
 0.065416 0.046753 0.416667 0.800000 0.013238 0.001578 0.316667 0.850000 0.083472 0.093003 0.583333 0.925000 
 0.065305 0.045231 0.400000 0.725000 0.012930 0.001462 0.250000 0.825000 0.082056 0.088262 0.583333 0.875000 
 0.067687 0.046549 0.350000 0.725000 0.012060 0.001309 0.233333 0.925000 0.083667 0.090958 0.566667 0.850000 
 0.071820 0.051261 0.450000 0.725000 0.012694 0.001638 0.316667 0.850000 0.090923 0.100620 0.566667 0.950000 
 0.066740 0.048689 0.416667 0.675000 0.012321 0.001495 0.300000 0.750000 0.087111 0.099391 0.566667 1.000000 
 0.063002 0.045932 0.483333 0.775000 0.013219 0.001317 0.300000 0.675000 0.088407 0.099356 0.533333 0.950000 
 0.065063 0.047984 0.466667 0.850000 0.012924 0.001161 0.333333 0.750000 0.087455 0.101495 0.400000 0.950000 
 0.065241 0.048877 0.450000 0.800000 0.014082 0.002133 0.316667 0.850000 0.090335 0.097561 0.466667 0.950000 
 0.062212 0.042940 0.416667 0.825000 0.014840 0.002086 0.400000 0.925000 0.095159 0.094238 0.466667 0.950000 
 0.062950 0.044805 0.416667 0.875000 0.014940 0.002107 0.400000 0.950000 0.097379 0.106156 0.450000 0.950000 
 0.063365 0.044474 0.400000 0.850000 0.015051 0.001714 0.383333 0.975000 0.095105 0.099369 0.500000 0.925000 
 0.060948 0.039271 0.350000 0.900000 0.014982 0.001425 0.416667 0.950000 0.093752 0.104265 0.550000 0.950000 
 0.061653 0.039819 0.316667 0.900000 0.015319 0.001823 0.450000 1.000000 0.097266 0.106722 0.500000 0.900000 
 0.060935 0.042518 0.266667 0.875000 0.014455 0.001790 0.433333 1.050000 0.093371 0.098309 0.583333 0.900000 
 0.056742 0.038261 0.300000 0.875000 0.015391 0.001933 0.483333 1.000000 0.090424 0.088440 0.600000 0.975000 
 0.053078 0.034601 0.333333 0.900000 0.014705 0.001238 0.433333 0.975000 0.087417 0.092365 0.583333 1.025000 
 0.060529 0.043658 0.383333 0.900000 0.014186 0.000823 0.433333 0.925000 0.083764 0.084054 0.550000 1.025000 
 0.060784 0.043113 0.400000 0.925000 0.014341 0.001173 0.433333 0.900000 0.081265 0.073072 0.600000 1.050000 
 0.056510 0.038943 0.450000 0.975000 0.014461 0.001377 0.433333 0.875000 0.084824 0.074422 0.566667 1.000000 
 0.059570 0.044959 0.433333 0.975000 0.014746 0.001647 0.416667 0.925000 0.085605 0.069411 0.483333 1.000000 
 0.062482 0.046208 0.450000 0.950000 0.015383 0.001658 0.383333 0.925000 0.086213 0.069302 0.516667 1.000000 
 0.059962 0.043360 0.500000 0.925000 0.016328 0.002309 0.350000 0.950000 0.099695 0.093271 0.416667 0.925000 
 0.062673 0.042456 0.433333 0.875000 0.015430 0.001908 0.333333 0.800000 0.094484 0.086458 0.500000 0.925000 
 0.069895 0.047697 0.383333 0.825000 0.015625 0.001803 0.300000 0.825000 0.096002 0.089122 0.533333 0.925000 
 0.062195 0.039564 0.366667 0.800000 0.015782 0.001868 0.316667 0.825000 0.094819 0.098648 0.583333 0.925000 
 0.065061 0.043016 0.350000 0.775000 0.015760 0.001783 0.333333 0.850000 0.090112 0.096845 0.666667 0.950000 
 0.064312 0.042431 0.350000 0.700000 0.015191 0.001464 0.350000 0.800000 0.085305 0.093141 0.566667 0.925000 
 0.066923 0.043846 0.350000 0.750000 0.014926 0.001616 0.316667 0.750000 0.083363 0.087142 0.566667 0.975000 
 0.063829 0.042390 0.400000 0.750000 0.014880 0.001855 0.366667 0.800000 0.081994 0.095249 0.666667 0.975000 
 0.068737 0.048094 0.400000 0.775000 0.014521 0.001281 0.400000 0.700000 0.073190 0.076349 0.666667 1.025000 
 0.066320 0.047503 0.433333 0.825000 0.014468 0.001683 0.300000 0.775000 0.075803 0.080684 0.650000 1.025000 
 0.059301 0.043024 0.466667 0.875000 0.014459 0.001722 0.366667 0.775000 0.073283 0.073624 0.666667 1.025000 
 0.059828 0.043152 0.500000 0.850000 0.014289 0.001509 0.333333 0.750000 0.083559 0.082105 0.516667 1.025000 
 0.051614 0.035399 0.500000 0.825000 0.013707 0.001460 0.283333 0.775000 0.084266 0.081122 0.466667 1.050000 
 0.060284 0.045594 0.516667 0.900000 0.014289 0.001579 0.316667 0.825000 0.089971 0.089220 0.466667 1.075000 
 0.053928 0.038144 0.433333 0.925000 0.014384 0.001397 0.316667 0.950000 0.095854 0.102852 0.483333 1.125000 
 0.052546 0.036924 0.416667 0.875000 0.014261 0.000958 0.300000 0.925000 0.098656 0.101331 0.516667 1.075000 
 0.052401 0.034947 0.500000 0.975000 0.013074 0.000554 0.383333 1.025000 0.093663 0.094867 0.450000 1.075000 
 0.053043 0.033411 0.366667 0.900000 0.012759 0.000414 0.333333 0.950000 0.097080 0.094949 0.400000 1.000000 
 0.054945 0.036270 0.350000 0.950000 0.012767 0.000437 0.433333 1.050000 0.096970 0.099854 0.466667 1.000000 
 0.063462 0.050324 0.350000 0.950000 0.012919 0.001029 0.350000 0.975000 0.085193 0.084769 0.383333 1.000000 
 0.063304 0.050742 0.366667 1.000000 0.013538 0.000782 0.383333 0.925000 0.093280 0.096878 0.383333 0.975000 
 0.058741 0.047468 0.483333 0.975000 0.013934 0.000906 0.383333 0.925000 0.093348 0.098524 0.383333 0.900000 
 0.065170 0.051174 0.450000 0.925000 0.014371 0.000830 0.316667 0.825000 0.083466 0.082637 0.466667 0.925000 
 0.066568 0.048916 0.450000 0.900000 0.014290 0.001021 0.300000 0.875000 0.076836 0.075693 0.566667 0.925000 
 0.060690 0.046590 0.450000 0.900000 0.014584 0.001207 0.250000 0.800000 0.075030 0.078512 0.650000 0.950000 
 0.064609 0.055400 0.483333 0.875000 0.014259 0.001117 0.233333 0.775000 0.069664 0.070117 0.733333 1.075000 
 0.062406 0.052777 0.500000 0.875000 0.014142 0.000761 0.183333 0.775000 0.071911 0.073740 0.700000 1.000000 
 0.053940 0.037776 0.433333 0.875000 0.013368 0.000964 0.250000 0.825000 0.070590 0.069704 0.716667 0.975000 
 0.053920 0.036043 0.416667 0.850000 0.013986 0.001764 0.316667 0.850000 0.068625 0.073458 0.783333 1.075000 
 0.052744 0.030061 0.450000 0.825000 0.014428 0.001727 0.266667 0.800000 0.068503 0.078187 0.800000 1.075000 
 0.049422 0.027853 0.416667 0.825000 0.013566 0.001859 0.350000 0.825000 0.074060 0.087389 0.750000 1.100000 
 0.052029 0.032466 0.416667 0.850000 0.013306 0.001602 0.300000 0.825000 0.075635 0.092944 0.716667 1.125000 
 0.051328 0.029950 0.433333 0.800000 0.014183 0.001775 0.366667 0.825000 0.079895 0.097182 0.666667 1.100000 
 0.046930 0.021665 0.350000 0.800000 0.015164 0.002626 0.416667 0.925000 0.080827 0.098164 0.700000 1.025000 
 0.047376 0.022389 0.416667 0.800000 0.015757 0.002349 0.383333 0.925000 0.082776 0.092804 0.733333 1.050000 
 0.047885 0.022849 0.433333 0.875000 0.016164 0.002350 0.466667 0.950000 0.092738 0.109044 0.683333 1.025000 
 0.060494 0.033953 0.383333 0.825000 0.017185 0.002679 0.433333 0.900000 0.092216 0.101259 0.683333 0.975000 
 0.065517 0.046043 0.383333 0.850000 0.018339 0.003359 0.466667 0.925000 0.095091 0.103351 0.650000 0.950000 
 0.060913 0.044788 0.416667 0.875000 0.017576 0.002992 0.400000 0.875000 0.095639 0.102002 0.633333 0.950000 
 0.056696 0.040648 0.383333 0.900000 0.019710 0.003720 0.416667 0.850000 0.097186 0.098910 0.600000 0.950000 
 0.068932 0.048949 0.383333 0.925000 0.021157 0.005189 0.383333 0.875000 0.106530 0.108329 0.550000 0.875000 
 0.073215 0.055795 0.433333 0.900000 0.021929 0.004706 0.400000 0.775000 0.110050 0.114726 0.483333 0.850000 
 0.074442 0.058471 0.383333 0.850000 0.023267 0.006362 0.350000 0.775000 0.103487 0.116003 0.516667 0.950000 
 0.077484 0.063698 0.400000 0.800000 0.023411 0.006148 0.366667 0.825000 0.100184 0.102017 0.533333 1.025000 
 0.072692 0.055658 0.416667 0.825000 0.022396 0.005211 0.366667 0.875000 0.096423 0.100999 0.550000 1.100000 
 0.073365 0.051296 0.366667 0.825000 0.022071 0.006650 0.366667 0.850000 0.092409 0.090035 0.566667 1.025000 
 0.073737 0.050615 0.366667 0.875000 0.022593 0.006713 0.400000 0.900000 0.087315 0.084336 0.550000 1.000000 
 0.080213 0.058863 0.350000 0.825000 0.021479 0.006510 0.383333 0.950000 0.087113 0.084640 0.566667 1.025000 
 0.068696 0.051347 0.366667 0.900000 0.018721 0.004631 0.450000 0.950000 0.079516 0.072889 0.666667 1.000000 
 0.065824 0.046482 0.383333 0.975000 0.018555 0.004972 0.433333 1.000000 0.074962 0.067808 0.583333 1.075000 
 0.064157 0.047725 0.400000 0.975000 0.016978 0.003765 0.433333 0.975000 0.082974 0.073031 0.500000 0.975000 
 0.064238 0.048053 0.450000 1.000000 0.016435 0.003662 0.416667 1.025000 0.078782 0.074124 0.516667 0.975000 
 0.059639 0.046142 0.450000 1.000000 0.016037 0.003393 0.416667 0.950000 0.077099 0.072400 0.516667 0.950000 
 0.054025 0.039836 0.466667 0.950000 0.014790 0.001404 0.400000 0.975000 0.078798 0.073911 0.550000 0.975000 
 0.066292 0.059098 0.483333 0.925000 0.015203 0.001825 0.416667 1.050000 0.079128 0.079310 0.516667 1.000000 
 0.059911 0.049273 0.500000 0.925000 0.015200 0.001861 0.416667 1.000000 0.077817 0.077950 0.516667 1.000000 
 0.057896 0.048085 0.516667 0.925000 0.015655 0.001741 0.383333 1.000000 0.083374 0.080622 0.483333 1.000000 
 0.060409 0.049334 0.500000 0.850000 0.014662 0.001447 0.383333 0.925000 0.081758 0.077059 0.500000 0.950000 
 0.080692 0.069309 0.483333 0.675000 0.015174 0.002211 0.483333 0.875000 0.103172 0.099885 0.466667 1.025000 
 0.080281 0.070487 0.416667 0.675000 0.014509 0.001299 0.466667 0.850000 0.101518 0.105694 0.416667 1.100000 
 0.066818 0.053121 0.483333 0.775000 0.013451 0.000804 0.500000 0.900000 0.083482 0.095015 0.516667 1.125000 
 0.067860 0.053378 0.483333 0.850000 0.013526 0.000614 0.500000 0.900000 0.076576 0.082519 0.533333 1.200000 
 0.068919 0.055527 0.450000 0.775000 0.013496 0.000809 0.466667 0.950000 0.082696 0.091634 0.516667 1.175000 
 0.057586 0.039837 0.466667 0.800000 0.013394 0.000796 0.450000 0.975000 0.072537 0.078604 0.533333 1.175000 
 0.061141 0.042188 0.400000 0.825000 0.013816 0.000588 0.416667 0.950000 0.076683 0.079795 0.533333 1.125000 
 0.067946 0.046820 0.383333 0.800000 0.014764 0.000762 0.450000 0.950000 0.080395 0.085001 0.550000 1.100000 
 0.072291 0.053325 0.350000 0.850000 0.015272 0.000970 0.433333 0.975000 0.079716 0.082523 0.550000 1.050000 
 0.068371 0.048982 0.383333 0.875000 0.015849 0.001174 0.366667 0.950000 0.076016 0.073327 0.583333 1.075000 
 0.065369 0.045773 0.316667 0.850000 0.015693 0.001094 0.316667 0.900000 0.084505 0.085272 0.550000 1.025000 
 0.068811 0.050844 0.316667 0.875000 0.015407 0.001240 0.350000 0.875000 0.091229 0.089821 0.516667 0.950000 
 0.075464 0.055537 0.350000 0.875000 0.016132 0.001125 0.266667 0.900000 0.087572 0.082337 0.533333 0.950000 
 0.070410 0.052351 0.350000 0.950000 0.015658 0.001134 0.300000 0.850000 0.089943 0.082598 0.516667 0.900000 
 0.073632 0.057970 0.400000 0.900000 0.014995 0.000987 0.316667 0.825000 0.084856 0.078288 0.533333 0.875000 
 0.068227 0.053784 0.450000 0.850000 0.014076 0.000826 0.333333 0.800000 0.085985 0.081205 0.450000 0.975000 
 0.060101 0.043495 0.466667 0.875000 0.013829 0.001065 0.383333 0.875000 0.082903 0.075477 0.483333 0.950000 
 0.059288 0.044919 0.483333 0.875000 0.013749 0.001365 0.366667 0.950000 0.090281 0.090541 0.466667 0.925000 
 0.070179 0.052661 0.483333 0.850000 0.014823 0.001741 0.366667 0.950000 0.090661 0.087072 0.450000 0.925000 
 0.062716 0.044941 0.516667 0.850000 0.014744 0.001872 0.350000 0.950000 0.082870 0.081062 0.500000 0.925000 
 0.056136 0.037073 0.466667 0.850000 0.014239 0.002287 0.316667 0.900000 0.087607 0.085901 0.466667 0.900000 
 0.059209 0.039597 0.533333 0.825000 0.014454 0.002423 0.350000 0.875000 0.089965 0.086882 0.466667 0.950000 
 0.061561 0.046423 0.500000 0.825000 0.015751 0.002636 0.283333 0.875000 0.095390 0.088481 0.416667 1.000000 
 0.059034 0.043733 0.583333 0.875000 0.015509 0.002525 0.283333 0.900000 0.094899 0.086433 0.450000 1.000000 
 0.061215 0.040255 0.516667 0.850000 0.015453 0.001942 0.300000 0.850000 0.093689 0.092114 0.516667 1.025000 
 0.061648 0.041563 0.450000 0.900000 0.015911 0.001580 0.250000 0.825000 0.092641 0.094390 0.500000 1.025000 
 0.051089 0.033431 0.516667 0.875000 0.014726 0.001140 0.266667 0.875000 0.085103 0.081791 0.500000 1.025000 
 0.059307 0.040876 0.533333 0.850000 0.015039 0.000583 0.266667 0.825000 0.086079 0.082878 0.483333 1.025000 
 0.059973 0.043357 0.400000 0.825000 0.014339 0.000065 0.283333 0.850000 0.086353 0.087919 0.550000 1.050000 
 0.059674 0.041537 0.383333 0.800000 0.013805 -0.000148 0.250000 0.850000 0.086002 0.088784 0.483333 1.050000 
 0.051017 0.028740 0.416667 0.825000 0.012788 -0.000336 0.283333 0.800000 0.080990 0.088802 0.566667 0.975000 
 0.056823 0.033061 0.400000 0.775000 0.013343 0.000014 0.266667 0.850000 0.090678 0.100908 0.433333 0.950000 
 0.049521 0.029297 0.450000 0.775000 0.013071 -0.000217 0.250000 0.775000 0.094955 0.097427 0.383333 0.950000 
 0.049257 0.029175 0.433333 0.800000 0.012803 -0.000091 0.350000 0.800000 0.086409 0.082790 0.533333 0.950000 
 0.059127 0.036971 0.433333 0.775000 0.014410 0.000934 0.366667 0.775000 0.092367 0.094477 0.550000 1.000000 
 0.055875 0.032662 0.466667 0.800000 0.014674 0.001044 0.366667 0.700000 0.094259 0.096878 0.500000 1.000000 
 0.060713 0.035942 0.433333 0.850000 0.015027 0.001121 0.366667 0.650000 0.088483 0.089476 0.483333 1.000000 
 0.059555 0.039012 0.433333 0.875000 0.015633 0.001399 0.433333 0.700000 0.083171 0.080845 0.583333 1.025000 
 0.063146 0.044277 0.466667 0.900000 0.015406 0.001517 0.450000 0.750000 0.086942 0.085176 0.566667 0.950000 
 0.060548 0.041958 0.416667 0.875000 0.015185 0.001187 0.450000 0.750000 0.072457 0.064283 0.583333 1.075000 
 0.066034 0.048078 0.433333 0.825000 0.015847 0.001831 0.533333 0.850000 0.074656 0.064219 0.616667 1.025000 
 0.065597 0.049948 0.483333 0.825000 0.015850 0.002153 0.466667 0.875000 0.081243 0.066207 0.516667 1.075000 
 0.066992 0.053279 0.500000 0.850000 0.013919 0.001253 0.416667 0.900000 0.075927 0.058489 0.550000 1.025000 
 0.063399 0.050413 0.500000 0.875000 0.014085 0.001280 0.350000 0.900000 0.069871 0.055126 0.616667 1.075000 
 0.062651 0.052654 0.500000 0.875000 0.014535 0.001606 0.500000 0.950000 0.070387 0.055353 0.666667 1.025000 
 0.066140 0.055103 0.466667 0.800000 0.014903 0.001692 0.400000 0.850000 0.073052 0.058454 0.616667 1.000000 
 0.068532 0.052873 0.416667 0.800000 0.015316 0.001739 0.383333 0.800000 0.071369 0.060553 0.550000 1.075000 
 0.066383 0.052510 0.466667 0.825000 0.016197 0.002213 0.400000 0.850000 0.080969 0.068102 0.533333 1.025000 
 0.065905 0.049160 0.450000 0.825000 0.015802 0.002249 0.416667 0.825000 0.076196 0.071502 0.583333 1.025000 
 0.065765 0.047977 0.416667 0.825000 0.016890 0.002882 0.400000 0.875000 0.076432 0.075191 0.616667 1.000000 
 0.058539 0.042774 0.433333 0.875000 0.017502 0.002956 0.416667 0.850000 0.082969 0.077997 0.583333 1.025000 
 0.056821 0.042342 0.483333 0.925000 0.016695 0.002472 0.416667 0.775000 0.086203 0.077712 0.483333 1.000000 
 0.058850 0.042600 0.566667 0.925000 0.018631 0.004104 0.383333 0.825000 0.091679 0.083267 0.483333 1.025000 
 0.058518 0.039102 0.533333 0.925000 0.017580 0.003968 0.383333 0.875000 0.093117 0.086986 0.516667 1.025000 
 0.052824 0.037284 0.583333 0.925000 0.017182 0.003925 0.366667 0.875000 0.091484 0.083170 0.483333 1.075000 
 0.055980 0.039860 0.566667 0.925000 0.015777 0.003100 0.366667 0.850000 0.096745 0.093951 0.466667 1.000000 
 0.052126 0.037274 0.566667 0.950000 0.015236 0.002595 0.350000 0.750000 0.099964 0.096794 0.516667 1.075000 
 0.050548 0.035340 0.516667 0.875000 0.014233 0.001684 0.366667 0.700000 0.097023 0.092533 0.466667 1.050000 
 0.049634 0.029856 0.566667 0.850000 0.013848 0.001946 0.333333 0.700000 0.097200 0.092593 0.550000 1.000000 
 0.052260 0.033383 0.483333 0.875000 0.014579 0.002138 0.366667 0.725000 0.098775 0.099398 0.533333 0.975000 
 0.049234 0.032886 0.433333 0.850000 0.012114 0.000235 0.333333 0.700000 0.094700 0.098842 0.533333 0.950000 
 0.046514 0.030180 0.483333 0.875000 0.012866 0.000282 0.350000 0.650000 0.095140 0.095478 0.516667 0.950000 
 0.049376 0.031735 0.500000 0.850000 0.013174 -0.000104 0.316667 0.650000 0.097879 0.099126 0.583333 0.900000 
 0.047507 0.030829 0.500000 0.850000 0.013495 0.000377 0.316667 0.675000 0.084377 0.095820 0.600000 0.975000 
 0.051473 0.033180 0.483333 0.850000 0.013417 0.000720 0.333333 0.775000 0.076298 0.090853 0.566667 0.975000 
 0.057788 0.041741 0.433333 0.850000 0.012496 0.000797 0.316667 0.800000 0.074388 0.087332 0.583333 1.025000 
 0.060089 0.047287 0.466667 0.875000 0.012673 0.000520 0.366667 0.875000 0.075482 0.086376 0.550000 1.075000 
 0.057920 0.045265 0.516667 0.900000 0.012159 0.000614 0.333333 0.875000 0.071433 0.078699 0.600000 1.100000 
 0.057069 0.038775 0.500000 0.950000 0.012428 0.000566 0.350000 0.900000 0.074277 0.080641 0.500000 1.000000 
 0.061725 0.043895 0.416667 0.925000 0.012267 0.000593 0.366667 0.925000 0.072589 0.073088 0.483333 1.025000 
 0.058925 0.041488 0.433333 0.925000 0.012531 0.001096 0.300000 0.925000 0.069625 0.065849 0.516667 1.000000 
 0.059290 0.042455 0.466667 0.975000 0.012553 0.001274 0.350000 1.000000 0.075696 0.064582 0.466667 0.975000 
 0.057110 0.037592 0.450000 1.000000 0.012723 0.000936 0.350000 0.850000 0.076869 0.062317 0.466667 1.000000 
 0.051137 0.030732 0.450000 0.975000 0.013719 0.000910 0.216667 0.800000 0.086070 0.073421 0.450000 0.975000 
 0.052728 0.029867 0.450000 0.925000 0.013787 0.001139 0.350000 0.850000 0.086519 0.074789 0.483333 0.875000 
 0.054758 0.035830 0.416667 0.900000 0.014560 0.001489 0.383333 0.900000 0.091038 0.082609 0.400000 0.900000 
 0.054482 0.038832 0.450000 0.900000 0.014720 0.002182 0.400000 0.925000 0.094375 0.084600 0.450000 0.900000 
 0.058020 0.042567 0.466667 0.950000 0.016235 0.002612 0.416667 0.900000 0.098360 0.089588 0.416667 0.900000 
 0.060628 0.045727 0.416667 0.950000 0.016159 0.002056 0.466667 0.875000 0.103494 0.095493 0.433333 0.900000 
 0.059057 0.045192 0.416667 0.975000 0.015417 0.001588 0.416667 0.875000 0.099576 0.090719 0.383333 0.925000 
 0.060804 0.044051 0.416667 0.950000 0.015680 0.001602 0.383333 0.900000 0.101096 0.091306 0.400000 0.875000 
 0.063131 0.046098 0.450000 1.000000 0.015625 0.001584 0.433333 0.900000 0.092350 0.082928 0.450000 0.925000 
 0.066780 0.049918 0.433333 0.975000 0.015967 0.002124 0.350000 0.875000 0.090948 0.092796 0.450000 1.000000 
 0.066124 0.049888 0.416667 0.975000 0.015180 0.001321 0.366667 0.775000 0.089535 0.088420 0.433333 1.000000 
 0.066899 0.048135 0.366667 0.975000 0.015124 0.001123 0.350000 0.825000 0.087466 0.091373 0.400000 1.000000 
 0.059758 0.040006 0.333333 1.000000 0.013849 0.000686 0.316667 0.825000 0.083833 0.091753 0.433333 1.050000 
 0.054254 0.035364 0.383333 0.975000 0.013053 0.000514 0.300000 0.800000 0.077974 0.086241 0.433333 1.075000 
 0.059331 0.037635 0.316667 0.925000 0.013750 0.000875 0.266667 0.925000 0.074068 0.082837 0.416667 1.050000 
 0.073340 0.057506 0.300000 0.925000 0.014391 0.001063 0.200000 0.825000 0.075553 0.088855 0.466667 1.125000 
 0.074423 0.060003 0.316667 0.875000 0.014816 0.001137 0.200000 0.900000 0.083825 0.093334 0.450000 1.075000 
 0.064812 0.049465 0.350000 0.900000 0.014175 0.000842 0.233333 0.875000 0.078428 0.076581 0.416667 1.025000 
 0.064161 0.046861 0.333333 0.825000 0.014935 0.001085 0.216667 0.950000 0.074108 0.072027 0.483333 1.000000 
 0.065579 0.048554 0.333333 0.850000 0.015283 0.000991 0.266667 0.925000 0.072742 0.068868 0.500000 1.050000 
 0.069820 0.048282 0.433333 0.900000 0.016543 0.003153 0.550000 0.975000 0.114311 0.132206 0.533333 0.900000 
 0.071569 0.054831 0.383333 0.875000 0.015811 0.002662 0.466667 0.975000 0.100992 0.118748 0.583333 0.950000 
 0.077465 0.061545 0.366667 0.925000 0.016650 0.002559 0.416667 0.975000 0.104229 0.121083 0.533333 0.975000 
 0.079005 0.064712 0.333333 0.850000 0.016794 0.002874 0.433333 1.000000 0.112042 0.125683 0.516667 0.975000 
 0.087834 0.069793 0.316667 0.850000 0.016781 0.002762 0.366667 0.875000 0.113410 0.123061 0.433333 1.000000 
 0.086775 0.070751 0.350000 0.850000 0.016757 0.002828 0.300000 0.875000 0.128110 0.142022 0.450000 0.950000 
 0.083891 0.066975 0.350000 0.800000 0.017176 0.002948 0.316667 0.875000 0.115684 0.130179 0.433333 1.000000 
 0.086749 0.073232 0.366667 0.775000 0.017043 0.002563 0.283333 0.800000 0.114800 0.126771 0.483333 1.000000 
 0.087121 0.071496 0.416667 0.775000 0.016808 0.002291 0.350000 0.875000 0.121679 0.129779 0.466667 1.050000 
 0.088095 0.067163 0.433333 0.775000 0.016666 0.002640 0.316667 0.950000 0.125869 0.133898 0.433333 1.075000 
 0.081136 0.053502 0.400000 0.675000 0.016251 0.002601 0.316667 0.900000 0.127648 0.131515 0.400000 1.050000 
 0.083064 0.060474 0.416667 0.700000 0.016269 0.002626 0.366667 0.975000 0.122626 0.126192 0.400000 1.025000 
 0.072638 0.055249 0.483333 0.750000 0.015688 0.002330 0.416667 1.000000 0.116954 0.118175 0.466667 1.000000 
 0.073484 0.050265 0.433333 0.750000 0.016969 0.002711 0.483333 1.000000 0.113652 0.110699 0.516667 1.075000 
 0.076899 0.051107 0.433333 0.725000 0.017085 0.002563 0.450000 0.900000 0.112336 0.106878 0.583333 1.025000 
 0.073879 0.049976 0.433333 0.800000 0.016829 0.002371 0.450000 0.950000 0.112356 0.103669 0.483333 1.050000 
 0.069459 0.044746 0.400000 0.800000 0.016039 0.002228 0.416667 0.875000 0.098386 0.090646 0.566667 1.000000 
 0.067136 0.044048 0.416667 0.800000 0.017355 0.002683 0.450000 0.850000 0.107092 0.101634 0.550000 0.925000 
 0.066972 0.045177 0.433333 0.800000 0.018488 0.002752 0.416667 0.825000 0.107573 0.106394 0.583333 0.875000 
 0.067026 0.040594 0.450000 0.800000 0.019550 0.003888 0.366667 0.900000 0.101739 0.099548 0.600000 0.925000 
 0.067522 0.040042 0.466667 0.850000 0.019784 0.003570 0.316667 0.850000 0.102801 0.097651 0.533333 0.925000 
 0.064782 0.040763 0.466667 0.800000 0.018729 0.003666 0.300000 0.875000 0.092524 0.079691 0.483333 0.875000 
 0.061366 0.039080 0.516667 0.825000 0.018735 0.003620 0.300000 0.825000 0.092620 0.083195 0.483333 0.875000 
 0.063455 0.042133 0.533333 0.825000 0.019403 0.003641 0.283333 0.775000 0.090839 0.084276 0.550000 0.900000 
 0.063040 0.042614 0.566667 0.800000 0.020443 0.004077 0.283333 0.825000 0.091834 0.081664 0.516667 0.975000 
 0.060767 0.040597 0.550000 0.850000 0.018468 0.003170 0.266667 0.750000 0.093961 0.092615 0.516667 0.975000 
 0.069567 0.053546 0.516667 0.825000 0.017590 0.002705 0.300000 0.750000 0.098403 0.097763 0.500000 0.975000 
 0.069929 0.057965 0.500000 0.800000 0.017353 0.003075 0.333333 0.800000 0.099161 0.104336 0.500000 0.950000 
 0.065860 0.055345 0.500000 0.825000 0.017302 0.003184 0.333333 0.725000 0.098997 0.112838 0.516667 0.975000 
 0.073219 0.067126 0.483333 0.875000 0.017064 0.002605 0.300000 0.700000 0.102856 0.118056 0.483333 0.975000 
 0.073405 0.066966 0.416667 0.850000 0.016764 0.002862 0.266667 0.750000 0.100039 0.111918 0.466667 1.000000 
 0.065606 0.059496 0.416667 0.850000 0.015865 0.002402 0.316667 0.725000 0.100236 0.118715 0.516667 0.950000 
 0.074561 0.067815 0.383333 0.850000 0.016117 0.002476 0.333333 0.750000 0.102631 0.121822 0.516667 0.950000 
 0.076325 0.069515 0.383333 0.875000 0.016124 0.002563 0.350000 0.800000 0.089022 0.096365 0.550000 0.975000 
 0.063394 0.049197 0.383333 0.875000 0.015459 0.002216 0.350000 0.825000 0.080701 0.080770 0.616667 1.000000 
 0.062195 0.045968 0.516667 0.900000 0.014608 0.001905 0.350000 0.800000 0.084373 0.080601 0.616667 0.975000 
 0.067096 0.045961 0.416667 0.875000 0.015481 0.002114 0.383333 0.750000 0.078801 0.066546 0.683333 1.025000 
 0.057235 0.033607 0.466667 0.900000 0.016314 0.002925 0.383333 0.800000 0.087012 0.077046 0.683333 0.950000 
 0.062496 0.037097 0.450000 0.950000 0.016930 0.003046 0.400000 0.800000 0.092149 0.077476 0.600000 1.000000 
 0.066653 0.038836 0.533333 0.950000 0.018374 0.003559 0.400000 0.825000 0.107544 0.084187 0.516667 0.900000 
 0.062917 0.031990 0.500000 0.975000 0.017817 0.002997 0.383333 0.875000 0.104309 0.084247 0.550000 0.850000 
 0.071512 0.043694 0.483333 0.950000 0.019576 0.003658 0.400000 0.850000 0.108884 0.087621 0.466667 0.850000 
 0.077306 0.049144 0.433333 0.925000 0.019808 0.003325 0.366667 0.825000 0.112578 0.089636 0.433333 0.900000 
 0.076927 0.052463 0.350000 0.925000 0.019788 0.003234 0.400000 0.850000 0.106185 0.090175 0.483333 0.900000 
 0.076344 0.054363 0.466667 0.900000 0.018902 0.003486 0.433333 0.875000 0.111851 0.095526 0.483333 0.850000 
 0.076607 0.056430 0.466667 0.925000 0.018398 0.003151 0.433333 0.875000 0.105295 0.093296 0.450000 0.850000 
 0.073616 0.056761 0.516667 0.850000 0.017793 0.003080 0.383333 0.900000 0.100278 0.095039 0.483333 0.900000 
 0.075633 0.057547 0.500000 0.775000 0.016444 0.002727 0.400000 0.900000 0.086874 0.086389 0.533333 0.950000 
 0.071757 0.056356 0.483333 0.825000 0.015805 0.002900 0.466667 0.875000 0.086441 0.094716 0.583333 1.025000 
 0.068028 0.047731 0.483333 0.850000 0.015660 0.002384 0.450000 0.925000 0.088844 0.096070 0.616667 1.050000 
 0.067849 0.047253 0.500000 0.825000 0.014971 0.002508 0.433333 0.925000 0.093003 0.106478 0.600000 0.975000 
 0.063961 0.043485 0.550000 0.850000 0.015111 0.002484 0.433333 0.950000 0.099644 0.116361 0.583333 1.025000 
 0.067807 0.045973 0.433333 0.775000 0.014725 0.002280 0.383333 0.900000 0.092562 0.109681 0.650000 1.025000 
 0.069538 0.047199 0.400000 0.825000 0.014446 0.001534 0.366667 0.900000 0.093982 0.108736 0.633333 1.025000 
 0.066036 0.044188 0.416667 0.875000 0.014552 0.001605 0.383333 0.925000 0.101575 0.116430 0.600000 1.025000 
 0.065829 0.049006 0.466667 0.850000 0.014861 0.001609 0.366667 0.900000 0.100817 0.114270 0.550000 0.975000 
 0.063471 0.046959 0.466667 0.825000 0.015012 0.001478 0.266667 0.775000 0.102855 0.110369 0.516667 1.000000 
 0.063759 0.047799 0.483333 0.800000 0.014366 0.001372 0.266667 0.850000 0.104614 0.112964 0.500000 0.975000 
 0.061315 0.048058 0.516667 0.750000 0.014678 0.000912 0.216667 0.775000 0.091312 0.094632 0.533333 1.025000 
 0.066645 0.050972 0.483333 0.750000 0.014587 0.001056 0.233333 0.800000 0.090341 0.083663 0.533333 1.000000 
 0.067068 0.047366 0.483333 0.750000 0.015582 0.001514 0.316667 0.875000 0.100163 0.103155 0.516667 1.050000 
 0.069138 0.054063 0.433333 0.750000 0.015832 0.002073 0.333333 0.925000 0.104954 0.108479 0.500000 1.000000 
 0.069239 0.055340 0.466667 0.750000 0.015954 0.001972 0.283333 0.900000 0.099193 0.093756 0.516667 1.025000 
 0.068659 0.049654 0.433333 0.775000 0.015907 0.002219 0.350000 1.050000 0.096124 0.094051 0.600000 1.050000 
 0.084807 0.063834 0.416667 0.800000 0.016073 0.002548 0.400000 1.050000 0.104781 0.102085 0.600000 1.025000 
 0.078336 0.060837 0.366667 0.775000 0.015638 0.002892 0.450000 0.975000 0.108358 0.106435 0.566667 1.000000 
 0.084136 0.060959 0.333333 0.825000 0.016978 0.004601 0.450000 1.025000 0.129245 0.120948 0.483333 0.925000 
 0.082292 0.059889 0.366667 0.800000 0.017533 0.004574 0.433333 0.925000 0.119177 0.113819 0.466667 0.950000 
 0.080098 0.056359 0.366667 0.850000 0.017704 0.004794 0.400000 1.025000 0.116637 0.109507 0.483333 0.925000 
 0.077389 0.048832 0.350000 0.900000 0.018218 0.005050 0.383333 1.000000 0.113627 0.104702 0.483333 0.925000 
 0.087103 0.059107 0.350000 0.900000 0.018619 0.005323 0.383333 1.000000 0.115491 0.104790 0.500000 0.925000 
 0.086779 0.061861 0.333333 0.925000 0.019704 0.006451 0.366667 0.925000 0.120269 0.104658 0.400000 1.000000 
 0.074379 0.048477 0.350000 0.950000 0.018796 0.005997 0.416667 0.975000 0.109767 0.096202 0.416667 0.925000 
 0.077089 0.050839 0.400000 0.975000 0.018677 0.005773 0.416667 1.050000 0.101294 0.089506 0.466667 1.000000 
 0.072974 0.048650 0.433333 0.975000 0.017635 0.004348 0.366667 1.025000 0.084372 0.081778 0.516667 1.075000 
 0.078233 0.054275 0.433333 1.000000 0.017291 0.004376 0.383333 1.000000 0.088315 0.084728 0.516667 1.025000 
 0.074985 0.056131 0.433333 0.925000 0.017360 0.004358 0.433333 1.025000 0.095162 0.087873 0.516667 1.025000 
 0.076970 0.061638 0.483333 0.950000 0.016590 0.004405 0.533333 1.025000 0.087141 0.081834 0.500000 1.000000 
 0.068968 0.057460 0.500000 0.950000 0.016089 0.003753 0.516667 0.950000 0.083814 0.075038 0.516667 1.025000 
 0.065848 0.053316 0.583333 0.975000 0.014759 0.001936 0.483333 0.925000 0.082043 0.070758 0.550000 1.025000 
 0.061421 0.049374 0.550000 0.950000 0.015394 0.001978 0.400000 0.900000 0.085955 0.075170 0.533333 1.025000 
 0.063317 0.055019 0.650000 0.950000 0.015473 0.001864 0.450000 0.875000 0.083898 0.071790 0.500000 0.975000 
 0.064980 0.060046 0.650000 0.925000 0.015332 0.002000 0.466667 0.950000 0.094210 0.079210 0.466667 0.950000 
 0.055927 0.054353 0.616667 0.925000 0.015540 0.002132 0.516667 0.975000 0.099408 0.090456 0.466667 0.950000 
 0.050614 0.047879 0.633333 0.925000 0.014717 0.001643 0.500000 0.900000 0.088687 0.079967 0.466667 0.950000 
 0.059801 0.050094 0.616667 0.875000 0.015082 0.001632 0.450000 0.875000 0.091452 0.084682 0.500000 1.000000 
 0.062800 0.049878 0.583333 0.850000 0.016149 0.002033 0.450000 0.925000 0.090883 0.090730 0.600000 1.075000 
 0.063375 0.049421 0.566667 0.850000 0.016719 0.002719 0.466667 0.925000 0.107370 0.119486 0.566667 1.000000 
 0.074013 0.059367 0.566667 0.875000 0.016512 0.002723 0.483333 0.950000 0.110710 0.125958 0.566667 1.000000 
 0.071642 0.052957 0.583333 0.850000 0.015386 0.002201 0.466667 0.850000 0.119931 0.127956 0.533333 1.000000 
 0.065787 0.043458 0.566667 0.850000 0.015515 0.002391 0.483333 0.825000 0.111122 0.121129 0.500000 1.025000 
 0.076747 0.058055 0.550000 0.800000 0.015673 0.001739 0.366667 0.775000 0.123569 0.137043 0.500000 0.975000 
 0.080768 0.060486 0.566667 0.850000 0.016323 0.001855 0.383333 0.750000 0.129229 0.143293 0.450000 1.000000 
 0.016004 0.003612 0.433333 0.900000 0.009095 -0.001408 0.133333 0.600000 0.018522 0.005448 0.633333 1.150000 
 0.016208 0.003789 0.450000 0.975000 0.009370 -0.001430 0.133333 0.525000 0.016771 0.004396 0.550000 1.125000 
 0.017895 0.004474 0.450000 0.975000 0.009526 -0.001348 0.150000 0.500000 0.016826 0.004577 0.566667 1.050000 
 0.018868 0.005083 0.433333 0.975000 0.009532 -0.000988 0.183333 0.525000 0.017050 0.006348 0.500000 0.950000 
 0.017941 0.004558 0.433333 0.950000 0.009455 -0.001107 0.166667 0.450000 0.016817 0.006369 0.483333 1.000000 
 0.017871 0.004640 0.400000 0.825000 0.009004 -0.001083 0.183333 0.500000 0.016751 0.006236 0.566667 1.000000 
 0.019234 0.004691 0.400000 0.850000 0.009494 -0.000916 0.200000 0.575000 0.018049 0.006251 0.600000 1.050000 
 0.019553 0.004238 0.350000 0.800000 0.009297 -0.000956 0.183333 0.550000 0.017821 0.005852 0.600000 1.075000 
 0.019086 0.003636 0.416667 0.775000 0.008950 -0.000983 0.166667 0.575000 0.017654 0.005542 0.583333 1.150000 
 0.019318 0.004595 0.466667 0.800000 0.008696 -0.000962 0.216667 0.675000 0.018051 0.006224 0.600000 1.150000 
 0.018476 0.004715 0.483333 0.825000 0.009220 -0.001114 0.200000 0.600000 0.017750 0.005459 0.600000 1.150000 
 0.017736 0.004162 0.500000 0.775000 0.008648 -0.001647 0.150000 0.625000 0.016205 0.003871 0.633333 1.200000 
 0.017373 0.003809 0.500000 0.875000 0.008312 -0.001607 0.183333 0.650000 0.016537 0.003772 0.650000 1.225000 
 0.017564 0.003783 0.516667 0.875000 0.008257 -0.001703 0.183333 0.575000 0.016411 0.003876 0.550000 1.175000 
 0.018213 0.005254 0.533333 0.950000 0.008258 -0.001740 0.133333 0.600000 0.015290 0.003440 0.583333 1.150000 
 0.016577 0.004761 0.516667 0.950000 0.008464 -0.001761 0.133333 0.550000 0.015338 0.003137 0.650000 1.025000 
 0.016741 0.005190 0.500000 1.000000 0.008431 -0.001681 0.133333 0.525000 0.015024 0.003108 0.666667 1.000000 
 0.016900 0.004573 0.416667 0.925000 0.008522 -0.001932 0.150000 0.475000 0.015395 0.002610 0.616667 1.025000 
 0.016661 0.005334 0.416667 0.975000 0.008106 -0.001463 0.183333 0.500000 0.017507 0.004588 0.783333 0.975000 
 0.016105 0.005336 0.400000 0.925000 0.008076 -0.001544 0.150000 0.475000 0.017907 0.004398 0.583333 0.950000 
 0.016310 0.006156 0.383333 0.875000 0.008763 -0.001468 0.150000 0.500000 0.019672 0.006087 0.533333 0.900000 
 0.017348 0.007149 0.433333 0.900000 0.009005 -0.001261 0.200000 0.550000 0.019943 0.006724 0.533333 0.900000 
 0.015093 0.005521 0.400000 0.850000 0.008359 -0.001325 0.166667 0.550000 0.019431 0.007183 0.500000 0.950000 
 0.015126 0.005672 0.450000 0.900000 0.008681 -0.001120 0.200000 0.575000 0.018548 0.006436 0.583333 0.925000 
 0.014466 0.005312 0.433333 0.850000 0.008565 -0.001257 0.183333 0.625000 0.019226 0.007095 0.566667 0.925000 
 0.014112 0.004358 0.450000 0.850000 0.007922 -0.001330 0.150000 0.550000 0.018713 0.007048 0.483333 0.875000 
 0.017156 0.008883 0.550000 0.850000 0.008154 -0.001462 0.150000 0.550000 0.017164 0.006055 0.466667 0.975000 
 0.016958 0.009358 0.533333 0.950000 0.008171 -0.001434 0.150000 0.550000 0.016851 0.006111 0.500000 1.000000 
 0.017831 0.009437 0.500000 0.975000 0.008111 -0.001360 0.133333 0.550000 0.015108 0.005036 0.566667 1.075000 
 0.015483 0.007746 0.416667 0.925000 0.008001 -0.001530 0.116667 0.475000 0.014884 0.005324 0.566667 1.125000 
 0.016515 0.008435 0.450000 0.950000 0.008868 -0.001342 0.166667 0.600000 0.015794 0.007076 0.566667 1.175000 
 0.016989 0.008915 0.433333 0.900000 0.008598 -0.001320 0.133333 0.575000 0.016691 0.008115 0.533333 1.175000 
 0.017106 0.009227 0.400000 0.875000 0.008213 -0.001268 0.133333 0.625000 0.016814 0.007400 0.600000 1.175000 
 0.017594 0.009482 0.433333 0.925000 0.008561 -0.001311 0.200000 0.600000 0.016959 0.007526 0.616667 1.200000 
 0.015072 0.005116 0.333333 0.850000 0.008534 -0.001291 0.150000 0.625000 0.016292 0.006610 0.600000 1.250000 
 0.015861 0.005313 0.316667 0.800000 0.009174 -0.001181 0.200000 0.625000 0.016524 0.006419 0.616667 1.200000 
 0.016404 0.006495 0.300000 0.825000 0.008926 -0.001276 0.233333 0.600000 0.016271 0.006279 0.550000 1.200000 
 0.016448 0.006383 0.350000 0.850000 0.008728 -0.001286 0.183333 0.600000 0.015976 0.005752 0.516667 1.275000 
 0.016773 0.006350 0.316667 0.800000 0.008385 -0.001518 0.150000 0.525000 0.015382 0.003551 0.550000 1.150000 
 0.015895 0.005635 0.266667 0.675000 0.008284 -0.001401 0.166667 0.600000 0.015148 0.002802 0.600000 1.175000 
 0.016622 0.005060 0.300000 0.750000 0.008636 -0.001428 0.166667 0.550000 0.015006 0.003897 0.550000 1.175000 
 0.015828 0.005671 0.316667 0.800000 0.008424 -0.001196 0.150000 0.600000 0.015568 0.004150 0.533333 1.125000 
 0.015440 0.003663 0.450000 0.750000 0.008018 -0.001324 0.133333 0.575000 0.017328 0.005841 0.550000 1.150000 
 0.014730 0.002928 0.500000 0.725000 0.007560 -0.001395 0.133333 0.600000 0.017309 0.006271 0.550000 1.175000 
 0.013547 0.001930 0.466667 0.675000 0.007706 -0.001355 0.116667 0.575000 0.018377 0.006526 0.583333 1.125000 
 0.014242 0.002293 0.516667 0.775000 0.008023 -0.001290 0.116667 0.575000 0.018147 0.005975 0.566667 1.075000 
 0.015672 0.002101 0.550000 0.775000 0.008010 -0.001249 0.150000 0.700000 0.018748 0.006453 0.566667 1.075000 
 0.017043 0.003158 0.633333 0.875000 0.007841 -0.001262 0.116667 0.675000 0.018585 0.006648 0.533333 1.075000 
 0.016434 0.002700 0.633333 0.875000 0.007567 -0.001495 0.166667 0.650000 0.018130 0.005904 0.650000 1.125000 
 0.016395 0.002480 0.516667 0.825000 0.008162 -0.001456 0.150000 0.650000 0.018128 0.005706 0.566667 1.100000 
 0.015511 0.002539 0.450000 0.775000 0.007964 -0.001473 0.200000 0.700000 0.017206 0.005233 0.633333 1.075000 
 0.017106 0.002907 0.416667 0.875000 0.008133 -0.001502 0.166667 0.650000 0.017633 0.004499 0.683333 1.050000 
 0.017217 0.002603 0.433333 0.825000 0.008209 -0.001538 0.200000 0.675000 0.017218 0.004622 0.633333 1.075000 
 0.017283 0.002674 0.383333 0.850000 0.008022 -0.001587 0.200000 0.650000 0.017022 0.004610 0.600000 1.100000 
 0.015363 0.001742 0.383333 0.825000 0.007632 -0.001807 0.150000 0.550000 0.017038 0.004240 0.650000 1.050000 
 0.016258 0.003566 0.366667 0.850000 0.007937 -0.001794 0.166667 0.600000 0.017189 0.003546 0.666667 1.050000 
 0.015385 0.003196 0.366667 0.825000 0.007679 -0.001876 0.150000 0.525000 0.016869 0.003527 0.600000 1.025000 
 0.014998 0.003153 0.350000 0.900000 0.006889 -0.002076 0.133333 0.475000 0.016078 0.002925 0.616667 0.975000 
 0.015212 0.003794 0.366667 0.850000 0.007087 -0.002003 0.116667 0.500000 0.016492 0.003311 0.583333 1.050000 
 0.015901 0.004789 0.383333 0.825000 0.007212 -0.002081 0.100000 0.525000 0.016615 0.003273 0.583333 1.050000 
 0.016762 0.006102 0.416667 0.825000 0.007178 -0.002095 0.100000 0.525000 0.016919 0.002979 0.533333 0.975000 
 0.016942 0.006184 0.400000 0.925000 0.007170 -0.002071 0.083333 0.550000 0.016945 0.003167 0.566667 0.975000 
 0.016717 0.006490 0.416667 0.875000 0.007605 -0.001825 0.116667 0.550000 0.018309 0.004058 0.516667 0.950000 
 0.016738 0.004260 0.383333 0.850000 0.008154 -0.001714 0.116667 0.475000 0.019415 0.004653 0.450000 0.950000 
 0.017537 0.005034 0.466667 0.925000 0.008421 -0.001602 0.133333 0.550000 0.019396 0.004846 0.466667 0.975000 
 0.019737 0.006454 0.516667 1.025000 0.008810 -0.001583 0.133333 0.525000 0.019336 0.004783 0.500000 0.975000 
 0.021184 0.006187 0.466667 1.025000 0.008630 -0.001606 0.166667 0.500000 0.019260 0.004670 0.466667 0.875000 
 0.018886 0.004920 0.483333 1.025000 0.008656 -0.001576 0.133333 0.475000 0.018852 0.005455 0.466667 0.925000 
 0.018119 0.004405 0.483333 1.000000 0.008926 -0.001334 0.150000 0.575000 0.018704 0.005306 0.416667 0.900000 
 0.018656 0.004300 0.433333 0.925000 0.009061 -0.001447 0.133333 0.475000 0.019792 0.005888 0.433333 0.925000 
 0.019228 0.006655 0.416667 0.900000 0.009041 -0.001324 0.150000 0.550000 0.017784 0.005704 0.483333 0.975000 
 0.017992 0.007291 0.450000 0.900000 0.008552 -0.001425 0.133333 0.525000 0.017609 0.005858 0.466667 1.000000 
 0.018556 0.007811 0.416667 0.850000 0.008683 -0.001338 0.166667 0.550000 0.018727 0.006016 0.466667 1.050000 
 0.017396 0.007533 0.433333 0.800000 0.008772 -0.001212 0.150000 0.600000 0.019389 0.006865 0.450000 1.075000 
 0.015763 0.006831 0.466667 0.725000 0.008730 -0.001266 0.133333 0.575000 0.020411 0.007744 0.500000 1.125000 
 0.016102 0.006942 0.483333 0.725000 0.008651 -0.001213 0.150000 0.575000 0.019725 0.007202 0.483333 1.125000 
 0.016633 0.006959 0.500000 0.750000 0.008070 -0.001367 0.150000 0.525000 0.019373 0.006782 0.566667 1.100000 
 0.015697 0.004679 0.450000 0.750000 0.008037 -0.001427 0.100000 0.575000 0.018791 0.006159 0.533333 1.075000 
 0.014010 0.002843 0.433333 0.725000 0.007636 -0.001531 0.100000 0.575000 0.018232 0.005286 0.566667 1.100000 
 0.014001 0.002764 0.466667 0.725000 0.007672 -0.001485 0.100000 0.550000 0.016974 0.004238 0.516667 1.025000 
 0.015629 0.002608 0.466667 0.675000 0.008016 -0.001493 0.083333 0.550000 0.016102 0.003876 0.583333 1.000000 
 0.014274 0.001712 0.433333 0.675000 0.007546 -0.001697 0.083333 0.450000 0.015569 0.003987 0.583333 1.075000 
 0.015349 0.002937 0.500000 0.750000 0.007909 -0.001676 0.116667 0.500000 0.013645 0.002543 0.616667 1.075000 
 0.015858 0.003644 0.516667 0.825000 0.008307 -0.001609 0.100000 0.525000 0.013889 0.002696 0.533333 1.050000 
 0.016692 0.005286 0.383333 0.850000 0.008887 -0.001557 0.116667 0.525000 0.014482 0.003043 0.566667 1.000000 
 0.017312 0.006095 0.433333 0.825000 0.009320 -0.001568 0.150000 0.500000 0.015903 0.004016 0.500000 1.000000 
 0.018456 0.007485 0.466667 0.850000 0.009702 -0.001419 0.116667 0.450000 0.016049 0.004201 0.500000 1.000000 
 0.018774 0.008873 0.383333 0.850000 0.010079 -0.001553 0.150000 0.525000 0.018042 0.004634 0.550000 0.950000 
 0.017888 0.008339 0.350000 0.850000 0.009610 -0.001634 0.133333 0.475000 0.018509 0.005141 0.500000 0.975000 
 0.019193 0.009389 0.383333 0.875000 0.009857 -0.001568 0.133333 0.525000 0.018732 0.004813 0.516667 1.025000 
 0.018056 0.008132 0.400000 0.825000 0.009333 -0.001691 0.116667 0.475000 0.018467 0.005217 0.533333 1.025000 
 0.018051 0.008355 0.416667 0.800000 0.009357 -0.001717 0.150000 0.600000 0.019386 0.005240 0.650000 1.050000 
 0.016169 0.005925 0.416667 0.750000 0.009037 -0.001805 0.100000 0.600000 0.018318 0.005223 0.616667 1.125000 
 0.015492 0.003955 0.500000 0.900000 0.008316 -0.001316 0.150000 0.700000 0.016142 0.004530 0.550000 1.125000 
 0.014736 0.002827 0.416667 0.825000 0.008130 -0.001458 0.116667 0.600000 0.015817 0.004310 0.516667 1.050000 
 0.015192 0.003366 0.466667 0.950000 0.007818 -0.001505 0.100000 0.625000 0.014913 0.003393 0.466667 1.000000 
 0.016414 0.004524 0.450000 1.000000 0.007848 -0.001415 0.133333 0.650000 0.015841 0.004588 0.566667 1.000000 
 0.017774 0.004821 0.516667 1.050000 0.008494 -0.001515 0.116667 0.600000 0.016237 0.004517 0.583333 1.000000 
 0.016929 0.003780 0.433333 0.975000 0.008489 -0.001690 0.050000 0.525000 0.015559 0.004293 0.566667 0.950000 
 0.015818 0.003297 0.400000 0.925000 0.008198 -0.001772 0.066667 0.475000 0.014928 0.004095 0.566667 0.975000 
 0.016339 0.003337 0.400000 0.850000 0.008340 -0.001856 0.083333 0.425000 0.014333 0.003682 0.616667 0.975000 
 0.016307 0.004142 0.350000 0.875000 0.008520 -0.001546 0.100000 0.425000 0.014665 0.003385 0.616667 1.000000 
 0.016714 0.004416 0.416667 0.875000 0.008239 -0.001571 0.100000 0.450000 0.014004 0.002524 0.616667 1.000000 
 0.019250 0.005137 0.466667 0.825000 0.008998 -0.001569 0.133333 0.500000 0.014569 0.002829 0.650000 1.000000 
 0.018955 0.004431 0.383333 0.825000 0.009717 -0.001525 0.100000 0.525000 0.015364 0.002624 0.616667 1.050000 
 0.018134 0.004390 0.350000 0.725000 0.009302 -0.001468 0.100000 0.550000 0.015103 0.002573 0.633333 1.025000 
 0.018575 0.005260 0.416667 0.800000 0.009424 -0.001255 0.116667 0.575000 0.015352 0.002770 0.650000 1.050000 
 0.020045 0.005886 0.433333 0.875000 0.009772 -0.001173 0.133333 0.600000 0.016880 0.003075 0.583333 1.000000 
 0.020265 0.005973 0.450000 0.900000 0.009518 -0.001143 0.116667 0.650000 0.017582 0.003729 0.566667 1.075000 
 0.021541 0.005984 0.450000 0.875000 0.009363 -0.001322 0.100000 0.650000 0.017031 0.003291 0.583333 1.000000 
 0.020849 0.005042 0.383333 0.875000 0.009858 -0.001250 0.116667 0.675000 0.017452 0.003954 0.566667 1.025000 
 0.018084 0.004184 0.450000 0.850000 0.009205 -0.001226 0.100000 0.675000 0.016901 0.003960 0.516667 1.000000 
 0.017952 0.003784 0.416667 0.875000 0.008296 -0.001443 0.116667 0.600000 0.016050 0.003552 0.533333 0.975000 
 0.016533 0.002404 0.433333 0.900000 0.008050 -0.001613 0.083333 0.525000 0.015529 0.003891 0.500000 1.025000 
 0.017180 0.002807 0.450000 0.900000 0.008095 -0.001558 0.083333 0.575000 0.016461 0.004772 0.566667 1.025000 
 0.018729 0.003550 0.416667 0.925000 0.007785 -0.001597 0.083333 0.625000 0.015848 0.004360 0.583333 0.975000 
 0.019568 0.004141 0.416667 0.925000 0.008072 -0.001434 0.116667 0.625000 0.016588 0.004712 0.566667 0.925000 
 0.017640 0.003927 0.400000 0.925000 0.007981 -0.001624 0.100000 0.550000 0.016255 0.004997 0.516667 1.000000 
 0.016991 0.003955 0.383333 0.825000 0.007412 -0.001709 0.083333 0.525000 0.016082 0.004804 0.516667 0.975000 
 0.016124 0.003459 0.333333 0.775000 0.007672 -0.001724 0.083333 0.525000 0.015967 0.004737 0.516667 0.975000 
 0.016667 0.003941 0.333333 0.750000 0.007586 -0.001735 0.083333 0.525000 0.015493 0.004068 0.550000 0.975000 
 0.018367 0.005511 0.350000 0.775000 0.007891 -0.001588 0.083333 0.600000 0.016073 0.004099 0.566667 0.950000 
 0.019880 0.005130 0.333333 0.825000 0.008820 -0.001408 0.100000 0.575000 0.016500 0.004310 0.500000 1.000000 
 0.017420 0.003844 0.333333 0.750000 0.008905 -0.001463 0.066667 0.525000 0.016462 0.004484 0.500000 1.025000 
 0.016413 0.002984 0.300000 0.775000 0.008740 -0.001641 0.083333 0.450000 0.016544 0.004325 0.533333 1.025000 
 0.016500 0.003515 0.300000 0.750000 0.008708 -0.001656 0.083333 0.500000 0.016996 0.004770 0.500000 0.975000 
 0.016705 0.003654 0.366667 0.875000 0.008747 -0.001542 0.100000 0.550000 0.016604 0.004554 0.566667 1.025000 
 0.017923 0.004139 0.466667 0.950000 0.008286 -0.001652 0.116667 0.425000 0.017097 0.005016 0.466667 1.125000 
 0.018138 0.005272 0.450000 1.000000 0.008621 -0.001427 0.166667 0.475000 0.017361 0.005303 0.450000 1.100000 
 0.016939 0.003997 0.466667 0.975000 0.008753 -0.001445 0.166667 0.500000 0.017252 0.004967 0.450000 1.125000 
 0.014365 0.003583 0.433333 0.975000 0.007497 -0.001779 0.150000 0.500000 0.016564 0.004054 0.500000 1.075000 
 0.014844 0.003790 0.466667 0.950000 0.007308 -0.001670 0.183333 0.550000 0.016045 0.004035 0.483333 1.125000 
 0.015345 0.004575 0.416667 0.950000 0.007231 -0.001749 0.183333 0.550000 0.014940 0.003350 0.500000 1.125000 
 0.016627 0.005031 0.400000 0.950000 0.006908 -0.001723 0.200000 0.525000 0.014635 0.003169 0.550000 1.100000 
 0.017541 0.006159 0.466667 0.950000 0.006871 -0.001827 0.200000 0.525000 0.014601 0.002909 0.583333 1.050000 
 0.016662 0.004997 0.450000 0.850000 0.006976 -0.001812 0.200000 0.550000 0.015084 0.002857 0.666667 1.025000 
 0.016636 0.005323 0.450000 0.900000 0.007151 -0.001825 0.150000 0.525000 0.014985 0.003060 0.583333 1.000000 
 0.018570 0.005546 0.450000 0.900000 0.007036 -0.001903 0.133333 0.475000 0.014669 0.002730 0.633333 0.975000 
 0.018576 0.005457 0.450000 0.875000 0.007285 -0.001917 0.116667 0.400000 0.014077 0.002434 0.650000 1.050000 
 0.018068 0.004995 0.416667 0.875000 0.007176 -0.001989 0.100000 0.425000 0.014581 0.003247 0.616667 1.000000 
 0.018445 0.004999 0.416667 0.950000 0.008096 -0.001662 0.083333 0.450000 0.015372 0.003551 0.600000 1.025000 
 0.017835 0.004260 0.400000 0.900000 0.008249 -0.001762 0.066667 0.450000 0.015224 0.004256 0.533333 0.950000 
 0.017620 0.003778 0.450000 0.800000 0.008376 -0.001666 0.100000 0.475000 0.016105 0.005023 0.500000 0.925000 
 0.017780 0.004597 0.400000 0.825000 0.008525 -0.001673 0.083333 0.500000 0.015710 0.005737 0.516667 1.025000 
 0.016322 0.003238 0.316667 0.725000 0.008478 -0.001629 0.083333 0.550000 0.015651 0.005650 0.533333 1.000000 
 0.014464 0.002382 0.300000 0.725000 0.008497 -0.001621 0.116667 0.575000 0.016567 0.006793 0.466667 1.025000 
 0.014917 0.003266 0.333333 0.775000 0.008601 -0.001431 0.166667 0.675000 0.016795 0.006569 0.516667 1.025000 
 0.015177 0.003921 0.366667 0.750000 0.009354 -0.001266 0.166667 0.550000 0.017272 0.006417 0.533333 0.975000 
 0.013695 0.003531 0.416667 0.800000 0.008653 -0.001474 0.183333 0.625000 0.017147 0.006770 0.500000 0.950000 
 0.015173 0.006134 0.450000 0.875000 0.009209 -0.001207 0.183333 0.700000 0.018259 0.007546 0.500000 0.975000 
 0.014941 0.005917 0.383333 0.900000 0.009008 -0.001246 0.166667 0.650000 0.018062 0.007375 0.516667 1.000000 
 0.014790 0.005668 0.400000 0.925000 0.009155 -0.001263 0.166667 0.625000 0.018389 0.006627 0.516667 1.000000 
 0.016112 0.005519 0.400000 1.000000 0.009193 -0.001085 0.150000 0.625000 0.018826 0.006843 0.500000 1.000000 
 0.015872 0.005338 0.366667 0.925000 0.009973 -0.000781 0.150000 0.650000 0.018563 0.006933 0.550000 1.025000 
 0.016817 0.005557 0.383333 0.950000 0.009899 -0.000960 0.200000 0.625000 0.018603 0.007339 0.516667 1.025000 
 0.016711 0.005604 0.383333 1.000000 0.009741 -0.000893 0.133333 0.625000 0.017976 0.006824 0.516667 1.050000 
 0.018009 0.005848 0.450000 0.950000 0.009691 -0.000869 0.133333 0.650000 0.017281 0.006539 0.500000 1.075000 
 0.016356 0.003673 0.400000 0.950000 0.008977 -0.001082 0.116667 0.575000 0.016027 0.005501 0.533333 1.125000 
 0.017273 0.004180 0.466667 0.975000 0.009340 -0.000996 0.150000 0.600000 0.015929 0.005319 0.550000 1.100000 
 0.017141 0.003750 0.433333 0.925000 0.009636 -0.000858 0.150000 0.650000 0.015757 0.005017 0.516667 1.050000 
 0.016602 0.003639 0.416667 0.900000 0.009525 -0.000978 0.166667 0.675000 0.016543 0.005619 0.516667 1.050000 
 0.017515 0.003701 0.416667 0.875000 0.008690 -0.001372 0.150000 0.625000 0.015668 0.004549 0.433333 0.925000 
 0.017549 0.003994 0.450000 0.825000 0.008808 -0.001080 0.166667 0.775000 0.016501 0.005164 0.483333 0.925000 
 0.018892 0.004799 0.483333 0.800000 0.008155 -0.001306 0.133333 0.750000 0.016055 0.004532 0.533333 0.925000 
 0.017800 0.004285 0.383333 0.800000 0.008438 -0.001322 0.116667 0.775000 0.017644 0.004992 0.583333 0.975000 
 0.016907 0.003734 0.433333 0.775000 0.008931 -0.001353 0.150000 0.750000 0.018734 0.005531 0.500000 0.925000 
 0.016313 0.003189 0.416667 0.775000 0.009658 -0.000902 0.150000 0.675000 0.018434 0.005668 0.550000 1.000000 
 0.017158 0.004223 0.500000 0.825000 0.009183 -0.000918 0.200000 0.675000 0.017997 0.006267 0.583333 1.000000 
 0.017270 0.004633 0.500000 0.850000 0.008765 -0.001102 0.150000 0.600000 0.017237 0.005408 0.600000 0.975000 
 0.017657 0.003900 0.566667 0.825000 0.008874 -0.001031 0.183333 0.575000 0.017444 0.005764 0.666667 1.050000 
 0.016607 0.003416 0.500000 0.825000 0.008806 -0.001294 0.216667 0.450000 0.017084 0.006343 0.616667 1.150000 
 0.016668 0.002838 0.483333 0.775000 0.008813 -0.001274 0.150000 0.475000 0.016951 0.006607 0.633333 1.100000 
 0.017046 0.003247 0.500000 0.800000 0.009204 -0.001159 0.216667 0.475000 0.016509 0.005493 0.616667 1.050000 
 0.019586 0.005101 0.483333 0.800000 0.008864 -0.001259 0.166667 0.550000 0.015524 0.004893 0.650000 1.125000 
 0.018960 0.004750 0.416667 0.775000 0.008216 -0.001493 0.166667 0.600000 0.016553 0.005595 0.666667 1.100000 
 0.018317 0.004169 0.366667 0.675000 0.008434 -0.001656 0.150000 0.525000 0.017032 0.005189 0.650000 1.150000 
 0.019265 0.006314 0.350000 0.725000 0.008644 -0.001655 0.133333 0.550000 0.017325 0.004834 0.633333 1.125000 
 0.017917 0.006015 0.266667 0.775000 0.008345 -0.001654 0.100000 0.600000 0.017263 0.004872 0.566667 1.125000 
 0.017809 0.006569 0.316667 0.825000 0.008076 -0.001618 0.083333 0.625000 0.016711 0.003233 0.500000 1.025000 
 0.016179 0.006122 0.250000 0.750000 0.008175 -0.001599 0.100000 0.600000 0.017613 0.003829 0.533333 1.100000 
 0.017211 0.007389 0.300000 0.800000 0.007408 -0.001815 0.100000 0.600000 0.016427 0.003791 0.516667 1.075000 
 0.015218 0.006965 0.333333 0.875000 0.007405 -0.001715 0.083333 0.625000 0.016683 0.004050 0.483333 1.075000 
 0.016065 0.007653 0.316667 0.850000 0.007197 -0.001874 0.050000 0.575000 0.015690 0.003583 0.516667 1.050000 
 0.015813 0.007298 0.350000 0.775000 0.006864 -0.001924 0.050000 0.550000 0.015760 0.004111 0.600000 1.100000 
 0.015070 0.005387 0.383333 0.850000 0.006687 -0.001913 0.066667 0.550000 0.015347 0.003763 0.600000 1.050000 
 0.016133 0.004961 0.300000 0.725000 0.006717 -0.001951 0.066667 0.525000 0.015545 0.003477 0.583333 1.050000 
 0.017700 0.005441 0.383333 0.850000 0.007477 -0.001751 0.150000 0.550000 0.015445 0.003753 0.650000 1.100000 
 0.017199 0.004902 0.400000 0.875000 0.007340 -0.001752 0.116667 0.575000 0.015206 0.003208 0.600000 1.050000 
 0.016767 0.004714 0.416667 0.850000 0.007288 -0.001725 0.116667 0.600000 0.015425 0.003219 0.500000 1.075000 
 0.018056 0.006086 0.450000 0.900000 0.007359 -0.001785 0.100000 0.575000 0.015959 0.003343 0.516667 1.000000 
 0.016200 0.004337 0.383333 0.825000 0.006991 -0.001902 0.100000 0.575000 0.017032 0.003649 0.550000 1.050000 
 0.015359 0.002776 0.383333 0.800000 0.007056 -0.001992 0.116667 0.475000 0.017347 0.004144 0.550000 1.050000 
 0.013986 0.001614 0.433333 0.725000 0.006295 -0.002127 0.083333 0.450000 0.016378 0.002619 0.583333 1.050000 
 0.015363 0.003392 0.400000 0.800000 0.006413 -0.002056 0.100000 0.500000 0.015367 0.002742 0.533333 1.125000 
 0.014699 0.003189 0.383333 0.775000 0.006058 -0.002150 0.066667 0.475000 0.015231 0.002799 0.566667 1.075000 
 0.014959 0.004996 0.366667 0.800000 0.006467 -0.002085 0.083333 0.500000 0.015219 0.002427 0.600000 1.125000 
 0.015617 0.004640 0.300000 0.750000 0.007009 -0.001984 0.083333 0.500000 0.015751 0.002386 0.683333 1.125000 
 0.015639 0.006198 0.366667 0.700000 0.007331 -0.001821 0.083333 0.475000 0.015300 0.002970 0.650000 1.075000 
 0.019528 0.009533 0.383333 0.800000 0.007596 -0.001627 0.133333 0.575000 0.015042 0.003384 0.650000 1.025000 
 0.018334 0.009235 0.300000 0.725000 0.007461 -0.001634 0.116667 0.550000 0.014498 0.002568 0.666667 1.000000 
 0.018711 0.009343 0.300000 0.775000 0.007858 -0.001622 0.116667 0.525000 0.015393 0.003871 0.666667 0.950000 
 0.017233 0.007959 0.250000 0.750000 0.008142 -0.001519 0.133333 0.575000 0.015166 0.003813 0.700000 0.975000 
 0.017630 0.007617 0.316667 0.700000 0.008049 -0.001493 0.150000 0.550000 0.016094 0.004753 0.650000 1.000000 
 0.018213 0.008933 0.283333 0.750000 0.007795 -0.001513 0.100000 0.525000 0.016428 0.005344 0.666667 0.925000 
 0.017957 0.008454 0.350000 0.750000 0.007526 -0.001572 0.100000 0.475000 0.015794 0.005011 0.700000 0.925000 
 0.016306 0.006009 0.316667 0.800000 0.007428 -0.001787 0.083333 0.450000 0.015844 0.004618 0.633333 0.975000 
 0.013087 0.002323 0.250000 0.725000 0.007464 -0.001889 0.066667 0.400000 0.016310 0.005092 0.733333 0.925000 
 0.016363 0.005537 0.283333 0.750000 0.008311 -0.001591 0.083333 0.425000 0.017554 0.005669 0.666667 0.975000 
 0.016609 0.005991 0.366667 0.775000 0.008552 -0.001582 0.033333 0.425000 0.018693 0.005107 0.633333 0.925000 
 0.017042 0.006878 0.400000 0.825000 0.008147 -0.001698 0.066667 0.350000 0.019887 0.005385 0.666667 0.925000 
 0.018407 0.007785 0.400000 0.875000 0.009196 -0.001469 0.100000 0.350000 0.020220 0.005545 0.633333 0.875000 
 0.016374 0.005414 0.300000 0.875000 0.009629 -0.001557 0.066667 0.300000 0.020832 0.006141 0.533333 0.875000 
 0.017050 0.006529 0.350000 0.975000 0.009554 -0.001534 0.133333 0.325000 0.020196 0.005781 0.550000 0.950000 
 0.018098 0.006869 0.416667 1.025000 0.009547 -0.001522 0.116667 0.375000 0.020757 0.005985 0.483333 0.850000 
 0.019886 0.007621 0.450000 1.000000 0.009638 -0.001421 0.116667 0.400000 0.020648 0.004872 0.500000 0.875000 
 0.017789 0.005554 0.500000 1.050000 0.008887 -0.001610 0.100000 0.400000 0.019438 0.004489 0.483333 0.875000 
 0.017575 0.005281 0.433333 0.975000 0.008485 -0.001595 0.083333 0.375000 0.018054 0.004139 0.533333 0.900000 
 0.017462 0.005210 0.450000 0.900000 0.008794 -0.001475 0.083333 0.475000 0.017548 0.004798 0.516667 0.925000 
 0.016358 0.003942 0.450000 0.800000 0.008082 -0.001689 0.100000 0.475000 0.017162 0.004439 0.566667 0.975000 
 0.017835 0.007085 0.516667 0.825000 0.007835 -0.001680 0.083333 0.500000 0.016138 0.003617 0.616667 1.000000 
 0.016470 0.005931 0.433333 0.800000 0.007844 -0.001684 0.100000 0.500000 0.016220 0.003729 0.583333 0.975000 
 0.015871 0.005539 0.400000 0.725000 0.007690 -0.001698 0.100000 0.450000 0.015648 0.003080 0.516667 0.975000 
 0.015363 0.004810 0.416667 0.700000 0.007944 -0.001631 0.100000 0.450000 0.016161 0.004767 0.516667 1.050000 
 0.014958 0.005138 0.450000 0.800000 0.007735 -0.001561 0.083333 0.525000 0.016122 0.004735 0.466667 1.000000 
 0.015534 0.005384 0.400000 0.850000 0.007642 -0.001590 0.083333 0.500000 0.016587 0.005691 0.500000 1.025000 
 0.016105 0.005369 0.400000 0.850000 0.007658 -0.001578 0.083333 0.500000 0.017153 0.005719 0.516667 1.000000 
 0.016191 0.005667 0.383333 0.900000 0.007491 -0.001606 0.083333 0.475000 0.016655 0.005263 0.500000 0.950000 
 0.015867 0.003767 0.333333 0.900000 0.007384 -0.001713 0.066667 0.450000 0.016586 0.004835 0.500000 0.975000 
 0.015742 0.003616 0.350000 0.900000 0.007273 -0.001701 0.066667 0.500000 0.017160 0.005440 0.550000 1.000000 
 0.017465 0.005348 0.383333 0.900000 0.007736 -0.001570 0.083333 0.525000 0.017054 0.005586 0.550000 1.000000 
 0.015852 0.004229 0.333333 0.900000 0.007593 -0.001617 0.083333 0.575000 0.017486 0.005419 0.616667 1.000000 
 0.016238 0.004582 0.350000 0.825000 0.007713 -0.001675 0.083333 0.575000 0.017410 0.005838 0.583333 1.000000 
 0.015049 0.003987 0.283333 0.775000 0.008023 -0.001619 0.116667 0.575000 0.017505 0.005665 0.666667 0.975000 
 0.016600 0.004929 0.266667 0.800000 0.008650 -0.001570 0.116667 0.675000 0.018051 0.005378 0.633333 0.950000 
 0.016313 0.004836 0.266667 0.750000 0.008771 -0.001508 0.133333 0.700000 0.018198 0.005605 0.583333 1.000000 
 0.014347 0.003571 0.300000 0.725000 0.008546 -0.001485 0.133333 0.675000 0.018052 0.005963 0.616667 0.950000 
 0.015294 0.003810 0.383333 0.725000 0.008785 -0.001379 0.183333 0.725000 0.018501 0.006263 0.616667 0.925000 
 0.014547 0.003162 0.400000 0.775000 0.008555 -0.001334 0.166667 0.750000 0.019245 0.006592 0.566667 0.925000 
 0.014212 0.003070 0.350000 0.775000 0.007961 -0.001511 0.150000 0.650000 0.018115 0.005990 0.466667 0.975000 
 0.013650 0.002339 0.366667 0.775000 0.008114 -0.001508 0.150000 0.575000 0.018601 0.005800 0.500000 1.075000 
 0.017165 0.005484 0.333333 0.725000 0.008823 -0.000873 0.133333 0.550000 0.018803 0.005845 0.483333 1.025000 
 0.015337 0.004312 0.400000 0.800000 0.008123 -0.000951 0.100000 0.500000 0.017133 0.005043 0.583333 1.100000 
 0.015164 0.004190 0.400000 0.825000 0.008328 -0.000784 0.166667 0.575000 0.017530 0.005562 0.583333 1.075000 
 0.014984 0.003791 0.350000 0.850000 0.008394 -0.000836 0.133333 0.575000 0.018005 0.005885 0.483333 1.050000 
 0.016148 0.004200 0.316667 0.850000 0.008254 -0.001013 0.100000 0.475000 0.017877 0.005338 0.616667 1.125000 
 0.016600 0.004610 0.283333 0.875000 0.008361 -0.001028 0.116667 0.525000 0.017014 0.005128 0.633333 1.075000 
 0.017425 0.005121 0.316667 0.900000 0.008394 -0.000977 0.116667 0.550000 0.016604 0.004312 0.650000 1.050000 
 0.017835 0.005444 0.316667 0.975000 0.009093 -0.000854 0.133333 0.625000 0.017758 0.005146 0.600000 1.000000 
 0.016025 0.002623 0.383333 0.925000 0.008029 -0.001565 0.133333 0.650000 0.016288 0.004021 0.600000 1.000000 
 0.016223 0.002270 0.350000 0.825000 0.007957 -0.001669 0.150000 0.575000 0.017074 0.004361 0.583333 0.950000 
 0.016590 0.002264 0.350000 0.825000 0.008251 -0.001652 0.116667 0.550000 0.016844 0.003825 0.633333 0.975000 
 0.017297 0.003017 0.333333 0.875000 0.008362 -0.001595 0.133333 0.575000 0.017361 0.004006 0.583333 0.925000 
 0.016631 0.002344 0.350000 0.875000 0.008140 -0.001623 0.133333 0.525000 0.016661 0.003696 0.500000 0.950000 
 0.016732 0.002321 0.366667 0.800000 0.007838 -0.001687 0.133333 0.475000 0.016677 0.003606 0.516667 0.975000 
 0.016837 0.001968 0.400000 0.775000 0.008196 -0.001537 0.133333 0.500000 0.016843 0.003881 0.566667 1.075000 
 0.016368 0.001779 0.400000 0.725000 0.007877 -0.001720 0.083333 0.475000 0.015567 0.003893 0.583333 1.075000 
 0.016971 0.002199 0.383333 0.750000 0.007842 -0.001767 0.083333 0.450000 0.016589 0.004147 0.550000 1.075000 
 0.017728 0.003209 0.383333 0.850000 0.007981 -0.001828 0.083333 0.425000 0.017186 0.004303 0.533333 1.075000 
 0.017554 0.003315 0.333333 0.750000 0.008018 -0.001897 0.050000 0.500000 0.016867 0.003638 0.466667 1.100000 
 0.018508 0.004229 0.400000 0.750000 0.008124 -0.001870 0.033333 0.525000 0.016137 0.003236 0.550000 1.100000 
 0.018321 0.004222 0.383333 0.725000 0.008689 -0.001834 0.033333 0.550000 0.016552 0.003852 0.566667 1.125000 
 0.017419 0.003764 0.350000 0.700000 0.008738 -0.001905 0.033333 0.625000 0.016305 0.003220 0.600000 1.050000 
 0.017513 0.003915 0.383333 0.725000 0.008739 -0.001895 0.033333 0.625000 0.016711 0.003048 0.566667 1.025000 
 0.017045 0.003786 0.383333 0.750000 0.008090 -0.001862 0.050000 0.525000 0.016600 0.002583 0.633333 0.975000 
 0.016861 0.003916 0.416667 0.800000 0.008124 -0.001821 0.083333 0.550000 0.015975 0.002829 0.566667 0.875000 
 0.017361 0.003882 0.416667 0.875000 0.008772 -0.001539 0.083333 0.575000 0.015806 0.003264 0.583333 0.925000 
 0.016727 0.003692 0.400000 0.825000 0.008322 -0.001602 0.083333 0.625000 0.015691 0.003732 0.566667 1.025000 
 0.014705 0.002068 0.333333 0.750000 0.007969 -0.001676 0.083333 0.550000 0.015542 0.003616 0.566667 0.975000 
 0.013641 0.001907 0.350000 0.775000 0.007765 -0.001590 0.066667 0.500000 0.015783 0.003983 0.466667 0.925000 
 0.015495 0.004128 0.416667 0.800000 0.007906 -0.001537 0.083333 0.550000 0.016219 0.004254 0.416667 1.000000 
 0.015363 0.003957 0.316667 0.750000 0.007782 -0.001600 0.083333 0.550000 0.015888 0.004941 0.400000 1.025000 
 0.015550 0.003973 0.283333 0.725000 0.007855 -0.001706 0.066667 0.525000 0.015992 0.004667 0.400000 0.950000 
 0.013876 0.003179 0.233333 0.700000 0.008233 -0.001654 0.066667 0.525000 0.016429 0.005769 0.366667 1.000000 
 0.012190 0.002270 0.233333 0.625000 0.007435 -0.001966 0.050000 0.500000 0.015582 0.005140 0.383333 1.100000 
 0.013218 0.002974 0.250000 0.750000 0.007342 -0.002036 0.016667 0.500000 0.015571 0.004351 0.433333 1.025000 
 0.015882 0.004374 0.333333 0.875000 0.007986 -0.001607 0.033333 0.550000 0.016342 0.004622 0.500000 1.000000 
 0.016408 0.004187 0.316667 0.825000 0.008037 -0.001749 0.050000 0.550000 0.016018 0.004335 0.616667 1.075000 
 0.014378 0.001638 0.316667 0.825000 0.007905 -0.001758 0.016667 0.500000 0.015647 0.003954 0.666667 1.075000 
 0.014245 0.002222 0.366667 0.875000 0.007952 -0.001662 0.033333 0.525000 0.015363 0.003711 0.666667 0.975000 
 