-0.927004 -0.845685 -1.362832 -1.567936 -0.967959 -0.891842 -0.925287 -1.022778 -0.816281 -0.752673 -0.978587 -0.574309 
 -0.924571 -0.845373 -1.362832 -1.567936 -1.011818 -0.895878 -0.925287 -1.099853 -0.794818 -0.751667 -1.230044 -0.574309 
 -0.928077 -0.845870 -1.362832 -1.567936 -1.032182 -0.921840 -1.030043 -1.331076 -0.794941 -0.750527 -1.397681 -0.455852 
 -0.931292 -0.845860 -1.362832 -1.499437 -1.065288 -0.908953 -1.030043 -1.176927 -0.797305 -0.756575 -1.397681 -0.929680 
 -0.931408 -0.845837 -1.362832 -1.499437 -1.059771 -0.919116 -1.030043 -1.176927 -0.801293 -0.760265 -1.816776 -1.403509 
 -0.930998 -0.846271 -1.362832 -1.499437 -1.021771 -0.912996 -1.030043 -1.331076 -0.794938 -0.761349 -1.732957 -1.403509 
 -0.929828 -0.845980 -1.362832 -1.499437 -1.072726 -0.911825 -1.030043 -1.408150 -0.798776 -0.762050 -1.649138 -1.403509 
 -0.932831 -0.847120 -1.362832 -1.499437 -1.098424 -0.913318 -1.030043 -1.408150 -0.798980 -0.761811 -1.732957 -1.640424 
 -0.941185 -0.848253 -1.362832 -1.567936 -1.121635 -0.916433 -1.030043 -1.331076 -0.808171 -0.760186 -1.565319 -1.403509 
 -0.934781 -0.846472 -1.362832 -1.567936 -1.122535 -0.920125 -1.030043 -1.331076 -0.832543 -0.765579 -1.397681 -1.640424 
 -0.937412 -0.846551 -1.362832 -1.499437 -1.103311 -0.914960 -1.030043 -1.254002 -0.841438 -0.764426 -1.313863 -1.403509 
 -0.941948 -0.846777 -1.362832 -1.499437 -1.107421 -0.913446 -1.030043 -1.254002 -0.840147 -0.762002 -1.062406 -1.048138 
 -0.943790 -0.846768 -1.362832 -1.499437 -1.092121 -0.906956 -1.030043 -1.176927 -0.841772 -0.763395 -0.978587 -1.166595 
 -0.939563 -0.845198 -1.362832 -1.430939 -1.102991 -0.907514 -1.030043 -1.176927 -0.846214 -0.764470 -0.810950 -1.285052 
 -0.941557 -0.844211 -1.362832 -1.362441 -1.070814 -0.899463 -1.030043 -1.176927 -0.846745 -0.764321 -0.810950 -1.166595 
 -0.941044 -0.845095 -1.362832 -1.362441 -1.021916 -0.907998 -1.030043 -1.022778 -0.841066 -0.760583 -0.727131 -0.811223 
 -0.936628 -0.845759 -1.362832 -1.362441 -0.995458 -0.893860 -1.030043 -1.022778 -0.833865 -0.763247 -1.062406 -0.811223 
 -0.936922 -0.846322 -1.362832 -1.293942 -0.980257 -0.900539 -1.030043 -1.022778 -0.832778 -0.764333 -0.978587 -1.285052 
 -0.937423 -0.845494 -1.362832 -1.293942 -0.943780 -0.905146 -1.030043 -1.331076 -0.834088 -0.766742 -1.146225 -1.521966 
 -0.935853 -0.845585 -1.362832 -1.293942 -0.925742 -0.890658 -1.030043 -1.099853 -0.829097 -0.767426 -1.230044 -1.758881 
 -0.928687 -0.843511 -1.362832 -1.293942 -0.937324 -0.894378 -1.030043 -1.176927 -0.835065 -0.766749 -1.230044 -1.758881 
 -0.928368 -0.843285 -1.362832 -1.362441 -0.964190 -0.893093 -1.030043 -1.099853 -0.820921 -0.758338 -1.313863 -1.521966 
 -0.929011 -0.844443 -1.362832 -1.430939 -0.990860 -0.923831 -1.030043 -1.254002 -0.819108 -0.756573 -1.146225 -1.403509 
 -0.926389 -0.841530 -1.362832 -1.293942 -1.063714 -0.933335 -1.030043 -1.254002 -0.815383 -0.758596 -1.062406 -1.521966 
 -0.927185 -0.841290 -1.362832 -1.293942 -1.096590 -0.951812 -1.030043 -1.254002 -0.823159 -0.761881 -1.146225 -1.995795 
 -0.929610 -0.840971 -1.362832 -1.293942 -1.104404 -0.958423 -1.030043 -1.331076 -0.822501 -0.759892 -1.062406 -1.995795 
 -0.928004 -0.842146 -1.362832 -1.362441 -1.146444 -0.952780 -1.030043 -1.331076 -0.814991 -0.759012 -0.978587 -1.521966 
 -0.923672 -0.842716 -1.362832 -1.362441 -1.144550 -0.954475 -1.030043 -1.331076 -0.818433 -0.757572 -0.810950 -1.521966 
 -0.925526 -0.845648 -1.362832 -1.499437 -1.120995 -0.924585 -1.030043 -1.254002 -0.804048 -0.756813 -0.810950 -1.048138 
 -0.926626 -0.846050 -1.362832 -1.499437 -1.089576 -0.910628 -1.030043 -1.331076 -0.818954 -0.765813 -1.230044 -1.403509 
 -0.930871 -0.846546 -1.362832 -1.499437 -1.125124 -0.913446 -1.030043 -1.331076 -0.809819 -0.767828 -1.230044 -1.403509 
 -0.938413 -0.848909 -1.362832 -1.636434 -1.071828 -0.911388 -1.030043 -1.254002 -0.807777 -0.764913 -1.146225 -0.811223 
 -0.937401 -0.849195 -1.362832 -1.636434 -1.057551 -0.910204 -1.030043 -1.254002 -0.790899 -0.764641 -1.397681 -1.048138 
 -0.935063 -0.848801 -1.362832 -1.567936 -1.064943 -0.902658 -1.030043 -1.254002 -0.795058 -0.762869 -1.565319 -1.048138 
 -0.931369 -0.846235 -1.362832 -1.430939 -1.056039 -0.902382 -1.030043 -1.254002 -0.800283 -0.763640 -1.649138 -1.166595 
 -0.933208 -0.845909 -1.362832 -1.430939 -1.065819 -0.911186 -1.030043 -1.176927 -0.803593 -0.766564 -1.565319 -1.285052 
 -0.934741 -0.845787 -1.362832 -1.430939 -1.090668 -0.941057 -1.030043 -1.254002 -0.813619 -0.767430 -1.565319 -1.403509 
 -0.935635 -0.845605 -1.362832 -1.362441 -1.129310 -0.941393 -1.030043 -1.254002 -0.811338 -0.768439 -1.481501 -1.758881 
 -0.935589 -0.844666 -1.362832 -1.362441 -1.081122 -0.936328 -1.030043 -1.254002 -0.797266 -0.766348 -1.565319 -1.640424 
 -0.930000 -0.844549 -1.362832 -1.362441 -1.096368 -0.924316 -1.030043 -1.254002 -0.807642 -0.765919 -1.649138 -1.521966 
 -0.924640 -0.845111 -1.362832 -1.362441 -1.070727 -0.915955 -1.030043 -1.254002 -0.812366 -0.764829 -1.565319 -1.285052 
 -0.925229 -0.846047 -1.362832 -1.499437 -1.072356 -0.923387 -1.030043 -1.331076 -0.810976 -0.766273 -1.481501 -0.811223 
 -0.926804 -0.845951 -1.362832 -1.430939 -1.107929 -0.920818 -1.030043 -1.254002 -0.804157 -0.759078 -1.397681 -0.455852 
 -0.923392 -0.843072 -1.282235 -1.293942 -1.108433 -0.925540 -1.030043 -1.331076 -0.801370 -0.758986 -1.481501 -0.337394 
 -0.925144 -0.843267 -1.282235 -1.362441 -1.114264 -0.930443 -1.030043 -1.408150 -0.802157 -0.758947 -1.313863 -0.574309 
 -0.928130 -0.843557 -1.282235 -1.430939 -1.109403 -0.934035 -1.030043 -1.408150 -0.804528 -0.758939 -1.397681 -0.574309 
 -0.925111 -0.843339 -1.282235 -1.362441 -1.140527 -0.933523 -1.030043 -1.408150 -0.810715 -0.762840 -1.313863 -0.811223 
 -0.925410 -0.843113 -1.282235 -1.293942 -1.117193 -0.947346 -1.030043 -1.485225 -0.807650 -0.763076 -1.397681 -0.692766 
 -0.925360 -0.843239 -1.282235 -1.362441 -1.106404 -0.938030 -1.030043 -1.485225 -0.812066 -0.761294 -1.397681 -1.166595 
 -0.929219 -0.843237 -1.362832 -1.430939 -1.043444 -0.932205 -1.030043 -1.408150 -0.812555 -0.759926 -1.230044 -0.929680 
 -0.929277 -0.845294 -1.362832 -1.430939 -1.012204 -0.907951 -1.030043 -1.254002 -0.808972 -0.764183 -1.146225 -0.811223 
 -0.935205 -0.847541 -1.362832 -1.499437 -1.017884 -0.900256 -1.030043 -1.254002 -0.811917 -0.763102 -0.978587 -0.929680 
 -0.935780 -0.848677 -1.362832 -1.567936 -1.069672 -0.915518 -1.030043 -1.331076 -0.808659 -0.761622 -0.810950 -0.692766 
 -0.934184 -0.847105 -1.362832 -1.499437 -1.043829 -0.912848 -1.030043 -1.254002 -0.798060 -0.760613 -0.308037 -0.574309 
 -0.932514 -0.845690 -1.362832 -1.499437 -0.992483 -0.900734 -1.030043 -1.254002 -0.809790 -0.760507 -0.475674 -0.692766 
 -0.932067 -0.843633 -1.362832 -1.362441 -1.038947 -0.905039 -1.030043 -1.176927 -0.801739 -0.757643 -0.224218 -0.574309 
 -0.937440 -0.843724 -1.362832 -1.362441 -1.065817 -0.944057 -1.030043 -1.331076 -0.799373 -0.756259 -0.308037 -0.692766 
 -0.940417 -0.844713 -1.362832 -1.293942 -1.096760 -0.937559 -1.030043 -1.331076 -0.794229 -0.756756 -0.559493 -0.692766 
 -0.942762 -0.844002 -1.362832 -1.293942 -1.143259 -0.922056 -1.030043 -1.254002 -0.801677 -0.754623 -0.559493 -1.166595 
 -0.938714 -0.844039 -1.362832 -1.293942 -1.145406 -0.926468 -1.030043 -1.254002 -0.803910 -0.756667 -0.810950 -1.285052 
 -0.930419 -0.844019 -1.362832 -1.293942 -1.150293 -0.922244 -1.030043 -1.331076 -0.805038 -0.758323 -1.062406 -1.640424 
 -0.928416 -0.845629 -1.362832 -1.362441 -1.161674 -0.934775 -1.030043 -1.408150 -0.819866 -0.761733 -1.397681 -1.995795 
 -0.930678 -0.846622 -1.362832 -1.430939 -1.183094 -0.924517 -1.030043 -1.331076 -0.806477 -0.761142 -1.397681 -1.877338 
 -0.928881 -0.848802 -1.362832 -1.499437 -1.167523 -0.914428 -1.030043 -1.331076 -0.810247 -0.763815 -1.565319 -2.232710 
 -0.921586 -0.846523 -1.362832 -1.430939 -1.153249 -0.907776 -1.030043 -1.331076 -0.807051 -0.760623 -1.481501 -1.758881 
 -0.918170 -0.845462 -1.362832 -1.362441 -1.127939 -0.922291 -1.030043 -1.408150 -0.812855 -0.764972 -1.565319 -1.877338 
 -0.909412 -0.845314 -1.362832 -1.293942 -1.128290 -0.929071 -1.030043 -1.408150 -0.813921 -0.766159 -1.565319 -1.640424 
 -0.900969 -0.844295 -1.362832 -1.225444 -1.093803 -0.916036 -1.030043 -1.254002 -0.809046 -0.764769 -1.565319 -1.521966 
 -0.904063 -0.842641 -1.362832 -1.156945 -1.092780 -0.908987 -1.030043 -1.099853 -0.811746 -0.760749 -1.481501 -1.285052 
 -0.907913 -0.844648 -1.362832 -1.362441 -1.087873 -0.919823 -1.030043 -1.176927 -0.805401 -0.761353 -1.481501 -1.403509 
 -0.916757 -0.845392 -1.362832 -1.362441 -1.093760 -0.925755 -1.030043 -1.176927 -0.802210 -0.757462 -1.397681 -1.166595 
 -0.935151 -0.847790 -1.362832 -1.499437 -1.092505 -0.927914 -1.030043 -1.331076 -0.800091 -0.759377 -1.397681 -1.166595 
 -0.924048 -0.847998 -1.362832 -1.499437 -1.060820 -0.933026 -1.030043 -1.254002 -0.806347 -0.763607 -1.397681 -1.403509 
 -0.918322 -0.847954 -1.362832 -1.430939 -1.080957 -0.934862 -1.030043 -1.099853 -0.805569 -0.760454 -1.481501 -1.166595 
 -0.919612 -0.848452 -1.362832 -1.567936 -1.052322 -0.933429 -1.030043 -1.022778 -0.812809 -0.762494 -1.313863 -1.403509 
 -0.917891 -0.848497 -1.362832 -1.567936 -1.082607 -0.940895 -1.030043 -1.254002 -0.807100 -0.763189 -1.732957 -1.640424 
 -0.920968 -0.848905 -1.362832 -1.567936 -1.090972 -0.952605 -1.030043 -1.254002 -0.806916 -0.767266 -1.900595 -1.995795 
 -0.923774 -0.846753 -1.362832 -1.430939 -1.079145 -0.954563 -1.030043 -1.254002 -0.797736 -0.765158 -1.732957 -1.995795 
 -0.932093 -0.846830 -1.362832 -1.430939 -1.102699 -0.955962 -1.030043 -1.331076 -0.809331 -0.768763 -1.481501 -1.995795 
 -0.936475 -0.846889 -1.362832 -1.430939 -1.103837 -0.963152 -1.030043 -1.408150 -0.812696 -0.770562 -1.565319 -1.995795 
 -0.932095 -0.845112 -1.362832 -1.362441 -1.125431 -0.971068 -1.030043 -1.485225 -0.816934 -0.767832 -1.481501 -1.758881 
 -0.940429 -0.845062 -1.282235 -1.362441 -1.127977 -0.960024 -1.030043 -1.408150 -0.819386 -0.769141 -1.313863 -1.758881 
 -0.944264 -0.845670 -1.282235 -1.362441 -1.111482 -0.953332 -1.030043 -1.408150 -0.808221 -0.767145 -1.230044 -1.403509 
 -0.944894 -0.846335 -1.282235 -1.430939 -1.094379 -0.949061 -1.030043 -1.331076 -0.813885 -0.766550 -1.146225 -1.521966 
 -0.947559 -0.844151 -1.282235 -1.362441 -1.085139 -0.945059 -1.030043 -1.331076 -0.812356 -0.765970 -1.062406 -1.640424 
 -0.948413 -0.846598 -1.362832 -1.430939 -1.085703 -0.937263 -1.030043 -1.331076 -0.821979 -0.765535 -1.230044 -1.403509 
 -0.944852 -0.846219 -1.362832 -1.430939 -1.085315 -0.937976 -1.030043 -1.408150 -0.824885 -0.766155 -1.230044 -1.403509 
 -0.941573 -0.845797 -1.362832 -1.293942 -1.035882 -0.892683 -1.030043 -1.099853 -0.826620 -0.762103 -1.146225 -1.048138 
 -0.946594 -0.847547 -1.362832 -1.430939 -0.999419 -0.891956 -1.030043 -1.099853 -0.815586 -0.760949 -1.146225 -1.166595 
 -0.936790 -0.846340 -1.362832 -1.362441 -0.987800 -0.891620 -1.030043 -1.099853 -0.814816 -0.759836 -1.397681 -1.166595 
 -0.938106 -0.846057 -1.362832 -1.362441 -1.050114 -0.906814 -1.030043 -1.176927 -0.823744 -0.759973 -1.313863 -1.166595 
 -0.930692 -0.845609 -1.362832 -1.362441 -1.051984 -0.908825 -1.030043 -1.176927 -0.828420 -0.759499 -1.565319 -0.574309 
 -0.927705 -0.844676 -1.362832 -1.225444 -1.028771 -0.891486 -1.030043 -1.022778 -0.833546 -0.758863 -1.397681 -0.574309 
 -0.935971 -0.848030 -1.362832 -1.636434 -1.062373 -0.921437 -1.030043 -1.254002 -0.806034 -0.750533 -0.727131 -0.100480 
 -0.922800 -0.845384 -1.362832 -1.362441 -1.058746 -0.931055 -1.030043 -1.254002 -0.803783 -0.751731 -1.062406 -0.100480 
 -0.917846 -0.844623 -1.362832 -1.225444 -1.045473 -0.933295 -1.030043 -1.254002 -0.816947 -0.754383 -1.062406 0.017977 
 -0.921125 -0.846329 -1.362832 -1.293942 -1.048475 -0.933382 -1.030043 -1.176927 -0.825632 -0.758119 -1.146225 -0.692766 
 -0.931592 -0.848100 -1.362832 -1.499437 -1.059390 -0.937916 -1.030043 -1.408150 -0.828553 -0.761516 -1.230044 -1.285052 
 -0.929793 -0.847792 -1.362832 -1.499437 -1.065758 -0.948428 -1.030043 -1.331076 -0.826703 -0.764413 -1.397681 -1.640424 
 -0.938777 -0.847439 -1.362832 -1.362441 -1.077747 -0.948314 -1.030043 -1.331076 -0.835171 -0.764767 -1.230044 -1.640424 
 -0.936495 -0.847139 -1.362832 -1.362441 -1.086387 -0.927114 -1.030043 -1.176927 -0.829925 -0.767309 -1.230044 -1.640424 
 -0.941857 -0.847293 -1.362832 -1.362441 -1.114049 -0.938460 -1.030043 -1.331076 -0.829263 -0.767302 -1.313863 -1.877338 
 -0.937748 -0.847270 -1.362832 -1.499437 -1.115834 -0.925829 -1.030043 -1.176927 -0.841481 -0.770014 -1.230044 -2.232710 
 -0.938666 -0.847756 -1.362832 -1.499437 -1.071583 -0.893927 -1.030043 -1.022778 -0.835968 -0.770077 -1.062406 -1.995795 
 -0.942286 -0.847423 -1.362832 -1.430939 -1.043465 -0.906290 -1.030043 -1.176927 -0.831638 -0.769682 -1.313863 -1.877338 
 -0.939058 -0.846806 -1.362832 -1.362441 -1.045685 -0.914395 -1.030043 -1.099853 -0.834419 -0.767755 -1.313863 -1.640424 
 -0.937684 -0.845555 -1.362832 -1.362441 -1.049257 -0.921174 -1.030043 -1.176927 -0.830666 -0.766842 -1.230044 -1.640424 
 -0.933659 -0.846235 -1.362832 -1.430939 -1.054339 -0.927470 -1.030043 -1.176927 -0.816973 -0.763760 -1.481501 -1.403509 
 -0.933745 -0.846718 -1.362832 -1.567936 -1.019621 -0.938057 -1.030043 -1.176927 -0.813213 -0.763753 -1.397681 -1.640424 
 -0.929049 -0.847558 -1.362832 -1.567936 -1.031714 -0.929784 -1.030043 -1.176927 -0.817986 -0.764026 -1.313863 -1.403509 
 -0.932174 -0.849360 -1.362832 -1.636434 -1.022460 -0.940895 -1.030043 -1.176927 -0.810078 -0.760819 -1.230044 -1.166595 
 -0.929748 -0.847169 -1.282235 -1.499437 -1.086445 -0.962647 -1.030043 -1.331076 -0.816317 -0.762749 -1.481501 -1.166595 
 -0.931051 -0.847066 -1.362832 -1.499437 -1.118430 -0.955410 -1.030043 -1.331076 -0.821925 -0.763815 -1.397681 -1.166595 
 -0.932609 -0.846533 -1.362832 -1.499437 -1.128860 -0.950029 -1.030043 -1.331076 -0.819515 -0.763250 -1.481501 -1.048138 
 -0.935965 -0.848395 -1.362832 -1.499437 -1.106424 -0.950534 -1.030043 -1.331076 -0.820848 -0.760687 -1.146225 -1.048138 
 -0.935677 -0.848157 -1.362832 -1.499437 -1.089643 -0.925062 -1.030043 -1.254002 -0.822838 -0.761286 -1.062406 -1.166595 
 -0.932577 -0.847151 -1.362832 -1.499437 -1.115319 -0.939954 -1.030043 -1.331076 -0.829364 -0.764202 -1.146225 -1.521966 
 -0.932056 -0.844515 -1.362832 -1.362441 -1.121065 -0.948159 -1.030043 -1.331076 -0.827982 -0.763826 -1.230044 -1.403509 
 -0.932982 -0.845136 -1.282235 -1.430939 -1.123565 -0.941696 -1.030043 -1.254002 -0.818967 -0.759471 -1.062406 -1.048138 
 -0.937555 -0.845585 -1.362832 -1.430939 -1.085716 -0.925217 -1.030043 -1.254002 -0.815422 -0.757155 -1.146225 -0.929680 
 -0.935368 -0.844560 -1.362832 -1.362441 -1.071016 -0.930295 -1.030043 -1.331076 -0.807630 -0.754704 -1.062406 -0.574309 
 -0.932749 -0.845402 -1.362832 -1.362441 -1.072819 -0.925230 -1.030043 -1.331076 -0.800993 -0.756401 -1.146225 -0.574309 
 -0.930044 -0.844621 -1.362832 -1.362441 -1.103673 -0.915585 -1.030043 -1.176927 -0.799285 -0.758507 -1.230044 -1.166595 
 -0.930091 -0.844477 -1.362832 -1.293942 -1.116001 -0.926569 -1.030043 -1.331076 -0.806232 -0.761623 -1.146225 -1.285052 
 -0.927421 -0.843330 -1.362832 -1.225444 -1.139808 -0.919419 -1.030043 -1.331076 -0.796347 -0.759468 -1.313863 -1.048138 
 -0.930252 -0.844058 -1.362832 -1.362441 -1.145101 -0.908906 -1.030043 -1.176927 -0.796364 -0.757747 -1.230044 -1.048138 
 -0.928998 -0.842905 -1.362832 -1.293942 -1.162063 -0.933557 -1.030043 -1.408150 -0.803361 -0.761646 -1.313863 -0.929680 
 -0.922219 -0.843315 -1.362832 -1.430939 -1.188476 -0.932272 -1.030043 -1.408150 -0.799814 -0.757079 -1.062406 -0.811223 
 -0.923101 -0.844125 -1.362832 -1.430939 -1.172139 -0.925519 -1.030043 -1.331076 -0.796941 -0.757497 -1.230044 -1.166595 
 -0.930052 -0.842921 -1.362832 -1.362441 -1.156634 -0.930974 -1.030043 -1.331076 -0.808083 -0.759271 -1.313863 -1.403509 
 -0.931702 -0.843812 -1.362832 -1.362441 -1.153008 -0.928284 -1.030043 -1.408150 -0.811200 -0.758766 -0.894769 -1.048138 
 -0.932155 -0.844918 -1.362832 -1.430939 -1.147498 -0.918255 -1.030043 -1.331076 -0.797332 -0.749753 -0.894769 -0.574309 
 -0.933648 -0.846052 -1.362832 -1.430939 -1.153329 -0.923663 -1.030043 -1.331076 -0.805348 -0.751743 -1.062406 -0.574309 
 -0.933402 -0.846824 -1.362832 -1.430939 -1.109420 -0.922997 -1.030043 -1.331076 -0.807584 -0.754139 -1.146225 -0.929680 
 -0.930379 -0.847767 -1.362832 -1.499437 -1.096111 -0.916587 -1.030043 -1.254002 -0.815153 -0.755366 -1.397681 -0.574309 
 -0.936944 -0.846924 -1.362832 -1.430939 -1.066168 -0.918397 -1.030043 -1.254002 -0.817003 -0.760059 -1.565319 -0.929680 
 -0.934308 -0.848669 -1.362832 -1.430939 -1.092738 -0.919358 -1.030043 -1.176927 -0.822982 -0.761270 -1.565319 -0.811223 
 -0.934514 -0.848193 -1.362832 -1.430939 -1.110440 -0.931674 -1.030043 -1.176927 -0.820995 -0.762155 -1.649138 -0.929680 
 -0.929058 -0.848166 -1.362832 -1.430939 -1.119994 -0.933335 -1.030043 -1.176927 -0.823840 -0.763219 -1.649138 -1.048138 
 -0.925894 -0.847574 -1.362832 -1.362441 -1.140677 -0.946848 -1.030043 -1.254002 -0.830951 -0.771963 -1.649138 -1.403509 
 -0.928616 -0.848515 -1.362832 -1.430939 -1.083747 -0.943404 -1.030043 -1.331076 -0.824654 -0.770307 -1.397681 -1.285052 
 -0.930214 -0.848497 -1.362832 -1.430939 -1.111972 -0.918181 -0.820530 -1.254002 -0.822786 -0.769205 -1.565319 -1.521966 
 -0.937241 -0.848959 -1.362832 -1.430939 -1.077700 -0.915733 -0.820530 -1.254002 -0.812739 -0.768610 -1.649138 -1.758881 
 -0.935502 -0.848917 -1.362832 -1.499437 -1.124051 -0.911597 -0.820530 -1.254002 -0.810937 -0.767106 -1.481501 -1.640424 
 -0.938872 -0.848614 -1.362832 -1.567936 -1.133189 -0.919305 -0.820530 -1.331076 -0.806503 -0.763511 -1.230044 -1.403509 
 -0.936259 -0.847608 -1.362832 -1.567936 -1.080863 -0.911785 -0.820530 -1.331076 -0.810779 -0.762357 -0.978587 -1.285052 
 -0.934747 -0.845695 -1.362832 -1.499437 -1.065713 -0.909168 -0.820530 -1.254002 -0.804780 -0.763071 -1.062406 -1.285052 
 -0.934399 -0.846461 -1.362832 -1.567936 -1.048372 -0.909767 -0.820530 -1.254002 -0.805633 -0.764738 -1.146225 -1.285052 
 -0.930275 -0.845992 -1.362832 -1.567936 -1.095870 -0.928654 -0.820530 -1.331076 -0.821252 -0.766398 -1.230044 -1.285052 
 -0.920761 -0.844157 -1.362832 -1.499437 -1.117822 -0.941413 -1.030043 -1.408150 -0.819082 -0.767436 -1.230044 -1.285052 
 -0.915843 -0.843614 -1.362832 -1.430939 -1.158553 -0.953143 -1.030043 -1.408150 -0.823252 -0.767528 -1.062406 -1.403509 
 -0.917618 -0.843940 -1.362832 -1.430939 -1.147474 -0.958793 -1.030043 -1.408150 -0.825182 -0.768535 -1.313863 -1.403509 
 -0.915537 -0.843644 -1.362832 -1.362441 -1.089339 -0.954112 -1.030043 -1.408150 -0.825637 -0.767193 -1.565319 -1.758881 
 -0.914781 -0.843266 -1.362832 -1.362441 -1.106937 -0.954643 -1.030043 -1.408150 -0.817415 -0.766545 -1.565319 -1.640424 
 -0.915420 -0.841812 -1.362832 -1.362441 -1.095418 -0.937909 -1.030043 -1.408150 -0.818803 -0.764231 -1.649138 -1.403509 
 -0.917329 -0.840958 -1.362832 -1.362441 -1.074654 -0.909680 -1.030043 -1.176927 -0.825100 -0.762982 -1.565319 -1.521966 
 -0.927629 -0.840907 -1.282235 -1.362441 -1.061301 -0.898097 -1.030043 -1.099853 -0.815082 -0.760365 -1.481501 -1.285052 
 -0.935424 -0.844545 -1.362832 -1.430939 -1.076015 -0.903808 -1.030043 -1.099853 -0.819069 -0.759461 -1.481501 -1.166595 
 -0.938442 -0.844101 -1.362832 -1.430939 -1.071895 -0.892777 -1.030043 -1.099853 -0.822129 -0.761505 -1.481501 -1.166595 
 -0.938864 -0.842971 -1.362832 -1.362441 -1.037232 -0.878282 -1.030043 -1.099853 -0.818284 -0.760584 -1.732957 -1.285052 
 -0.942346 -0.843665 -1.362832 -1.430939 -1.065391 -0.881565 -1.030043 -1.331076 -0.822031 -0.762859 -1.565319 -1.048138 
 -0.944941 -0.843549 -1.362832 -1.362441 -1.074868 -0.877213 -1.030043 -1.254002 -0.821156 -0.761578 -1.565319 -1.048138 
 -0.945935 -0.846689 -1.362832 -1.430939 -1.067994 -0.873419 -0.925287 -1.099853 -0.817118 -0.762996 -1.397681 -1.285052 
 -0.944448 -0.846951 -1.362832 -1.430939 -1.100870 -0.888015 -0.925287 -1.176927 -0.806799 -0.764030 -1.230044 -1.166595 
 -0.937024 -0.846271 -1.362832 -1.430939 -1.117268 -0.903377 -0.925287 -1.254002 -0.807915 -0.761993 -1.230044 -0.929680 
 -0.934144 -0.845446 -1.362832 -1.430939 -1.138557 -0.906781 -0.925287 -1.254002 -0.807389 -0.761690 -1.146225 -0.811223 
 -0.934714 -0.845467 -1.362832 -1.430939 -1.149956 -0.916607 -0.925287 -1.254002 -0.819677 -0.765076 -1.230044 -1.166595 
 -0.936410 -0.846242 -1.362832 -1.430939 -1.173815 -0.925318 -0.925287 -1.254002 -0.815163 -0.761332 -1.062406 -1.166595 
 -0.931725 -0.846826 -1.362832 -1.499437 -1.155554 -0.916217 -0.925287 -1.099853 -0.820838 -0.762913 -1.230044 -1.285052 
 -0.930698 -0.845655 -1.362832 -1.362441 -1.183739 -0.926697 -0.925287 -1.331076 -0.829427 -0.765200 -1.146225 -1.285052 
 -0.935243 -0.845823 -1.362832 -1.430939 -1.180337 -0.936853 -1.030043 -1.485225 -0.825569 -0.763234 -1.062406 -1.403509 
 -0.938862 -0.846204 -1.362832 -1.430939 -1.165568 -0.936685 -1.030043 -1.331076 -0.830587 -0.763028 -1.397681 -1.521966 
 -0.935700 -0.845105 -1.362832 -1.362441 -1.171326 -0.920226 -1.030043 -1.331076 -0.834345 -0.764180 -1.397681 -1.758881 
 -0.940599 -0.845006 -1.362832 -1.293942 -1.124665 -0.918491 -1.030043 -1.331076 -0.825463 -0.763099 -0.978587 -1.521966 
 -0.940055 -0.844884 -1.362832 -1.430939 -1.098449 -0.919722 -1.030043 -1.331076 -0.813932 -0.760008 -1.062406 -1.048138 
 -0.931299 -0.846286 -1.362832 -1.499437 -1.079246 -0.919769 -1.030043 -1.331076 -0.814654 -0.759573 -0.978587 -1.403509 
 -0.937253 -0.846335 -1.362832 -1.430939 -1.085056 -0.921739 -1.030043 -1.254002 -0.801148 -0.756842 -1.230044 -1.048138 
 -0.940281 -0.846864 -1.362832 -1.430939 -1.050857 -0.925277 -1.030043 -1.254002 -0.797962 -0.749236 -1.062406 -0.455852 
 -0.938463 -0.845692 -1.362832 -1.362441 -1.041144 -0.918746 -1.030043 -1.176927 -0.794580 -0.749341 -1.313863 -0.337394 
 -0.934301 -0.844909 -1.362832 -1.362441 -1.045660 -0.916042 -1.030043 -1.254002 -0.809546 -0.754218 -1.313863 -0.811223 
 -0.935341 -0.846906 -1.362832 -1.430939 -1.038306 -0.933355 -1.030043 -1.331076 -0.800747 -0.753630 -1.481501 -0.455852 
 -0.928992 -0.845949 -1.362832 -1.430939 -1.064707 -0.926253 -1.030043 -1.331076 -0.807476 -0.757315 -1.565319 -0.811223 
 -0.928950 -0.844959 -1.362832 -1.362441 -1.066049 -0.936308 -1.030043 -1.331076 -0.804009 -0.758325 -1.481501 -0.929680 
 -0.935403 -0.845277 -1.362832 -1.430939 -1.068091 -0.944016 -1.030043 -1.408150 -0.809919 -0.760824 -1.649138 -1.048138 
 -0.933959 -0.847058 -1.362832 -1.499437 -1.080556 -0.934351 -1.030043 -1.408150 -0.808380 -0.761620 -1.397681 -1.640424 
 -0.932983 -0.846720 -1.362832 -1.499437 -1.127475 -0.948059 -1.030043 -1.408150 -0.808334 -0.763466 -1.397681 -1.521966 
 -0.913936 -0.845304 -1.362832 -1.293942 -1.038598 -0.931438 -1.030043 -1.099853 -0.814476 -0.767753 -1.313863 -1.640424 
 -0.920176 -0.847195 -1.362832 -1.430939 -1.035975 -0.911502 -1.030043 -0.945704 -0.821559 -0.769301 -1.481501 -1.877338 
 -0.927595 -0.848425 -1.362832 -1.430939 -1.032157 -0.915625 -1.030043 -0.945704 -0.811941 -0.763752 -1.397681 -1.521966 
 -0.926432 -0.848758 -1.362832 -1.430939 -1.041317 -0.932064 -1.030043 -1.022778 -0.821860 -0.766888 -1.397681 -1.640424 
 -0.915582 -0.847221 -1.362832 -1.430939 -1.100397 -0.949316 -1.030043 -1.176927 -0.827085 -0.765997 -1.397681 -1.521966 
 -0.911301 -0.846935 -1.362832 -1.567936 -1.109491 -0.946155 -1.030043 -1.254002 -0.825238 -0.766862 -1.313863 -1.640424 
 -0.911926 -0.847648 -1.362832 -1.430939 -1.089925 -0.928540 -1.030043 -1.254002 -0.829592 -0.760512 -1.062406 -1.166595 
 -0.922307 -0.847180 -1.362832 -1.362441 -1.091139 -0.933369 -1.030043 -1.176927 -0.830908 -0.760308 -1.230044 -1.166595 
 -0.926016 -0.845826 -1.362832 -1.362441 -1.125046 -0.957065 -1.030043 -1.331076 -0.833225 -0.759244 -1.062406 -0.929680 
 -0.924278 -0.845385 -1.362832 -1.293942 -1.113473 -0.959722 -1.030043 -1.176927 -0.815640 -0.757471 -0.894769 -0.337394 
 -0.904597 -0.843006 -1.362832 -1.293942 -1.114737 -0.943646 -1.030043 -1.099853 -0.829161 -0.760593 -0.894769 -1.048138 
 -0.901650 -0.841727 -1.362832 -1.293942 -1.127864 -0.934896 -1.030043 -1.099853 -0.827028 -0.760017 -1.313863 -1.048138 
 -0.906912 -0.843138 -1.282235 -1.293942 -1.102330 -0.916634 -1.030043 -1.022778 -0.815295 -0.759465 -1.146225 -0.929680 
 -0.916322 -0.843831 -1.282235 -1.362441 -1.121363 -0.917838 -1.030043 -1.176927 -0.818478 -0.758286 -1.146225 -0.811223 
 -0.912085 -0.841430 -1.362832 -1.156945 -1.159347 -0.917899 -1.030043 -1.176927 -0.820314 -0.763860 -1.481501 -1.048138 
 -0.915396 -0.841670 -1.362832 -1.156945 -1.150969 -0.915027 -1.030043 -1.022778 -0.811195 -0.759379 -1.230044 -0.811223 
 -0.916506 -0.840649 -1.362832 -1.088447 -1.159465 -0.919453 -1.030043 -1.022778 -0.811980 -0.760832 -1.313863 -0.929680 
 -0.925936 -0.844146 -1.282235 -1.293942 -1.183293 -0.932669 -1.030043 -1.176927 -0.820913 -0.761799 -1.481501 -1.403509 
 -0.924918 -0.844860 -1.282235 -1.362441 -1.144385 -0.933772 -1.030043 -1.331076 -0.809447 -0.758543 -1.397681 -0.929680 
 -0.921458 -0.841219 -1.362832 -1.225444 -1.142456 -0.926791 -1.030043 -1.176927 -0.815720 -0.759648 -1.313863 -1.048138 
 -0.921066 -0.839739 -1.362832 -1.156945 -1.169467 -0.957145 -1.030043 -1.254002 -0.811453 -0.756783 -1.481501 -1.166595 
 -0.925565 -0.839700 -1.362832 -1.088447 -1.155672 -0.953903 -1.030043 -1.254002 -0.810627 -0.756562 -1.481501 -0.929680 
 -0.928787 -0.841459 -1.362832 -1.156945 -1.129613 -0.955632 -1.030043 -1.331076 -0.807825 -0.756385 -1.397681 -1.166595 
 -0.927638 -0.840430 -1.362832 -1.088447 -1.125439 -0.965661 -1.030043 -1.408150 -0.812951 -0.761086 -1.649138 -1.521966 
 -0.931253 -0.840883 -1.362832 -1.088447 -1.101158 -0.947151 -1.030043 -1.331076 -0.817802 -0.763409 -1.732957 -1.521966 
 -0.924224 -0.839580 -1.362832 -1.019948 -1.070661 -0.950144 -1.030043 -1.408150 -0.812069 -0.760911 -1.732957 -1.403509 
 -0.929119 -0.839150 -1.362832 -1.019948 -1.094789 -0.955020 -1.030043 -1.408150 -0.823638 -0.762642 -1.481501 -1.640424 
 -0.935594 -0.843672 -1.362832 -1.225444 -1.092283 -0.963771 -1.030043 -1.562299 -0.814737 -0.759439 -1.313863 -1.521966 
 -0.934217 -0.845444 -1.362832 -1.225444 -1.050042 -0.963481 -1.030043 -1.562299 -0.820564 -0.761527 -1.397681 -1.403509 
 -0.930035 -0.845034 -1.362832 -1.225444 -1.046524 -0.934021 -1.030043 -1.408150 -0.816746 -0.762215 -1.313863 -1.521966 
 -0.936573 -0.846320 -1.362832 -1.362441 -1.067042 -0.910742 -1.030043 -1.331076 -0.817738 -0.764932 -1.313863 -1.877338 
 -0.925180 -0.845559 -1.362832 -1.362441 -1.047893 -0.897990 -1.030043 -1.254002 -0.824486 -0.762129 -1.230044 -1.403509 
 -0.925837 -0.845311 -1.362832 -1.293942 -1.069013 -0.904231 -1.030043 -1.254002 -0.811938 -0.759775 -1.313863 -1.048138 
 -0.927899 -0.844438 -1.362832 -1.225444 -1.104155 -0.907669 -1.030043 -1.254002 -0.815386 -0.765381 -1.397681 -1.285052 
 -0.930554 -0.844772 -1.362832 -1.293942 -1.119523 -0.894620 -1.030043 -1.176927 -0.816467 -0.763526 -1.565319 -1.048138 
 -0.934479 -0.844438 -1.362832 -1.293942 -1.102486 -0.862839 -1.030043 -1.022778 -0.823320 -0.768328 -1.565319 -1.403509 
 -0.935829 -0.845010 -1.362832 -1.293942 -1.091410 -0.849273 -1.030043 -0.945704 -0.830831 -0.769400 -1.649138 -1.285052 
 -0.936714 -0.845555 -1.362832 -1.293942 -1.116704 -0.878558 -1.030043 -1.099853 -0.837343 -0.768083 -1.732957 -1.403509 
 -0.936972 -0.844638 -1.362832 -1.225444 -1.111070 -0.892817 -1.030043 -1.176927 -0.839340 -0.766491 -1.816776 -1.403509 
 -0.940511 -0.845066 -1.362832 -1.225444 -1.164447 -0.928930 -1.030043 -1.254002 -0.833440 -0.767323 -1.816776 -1.640424 
 -0.942949 -0.845545 -1.362832 -1.362441 -1.170095 -0.929448 -1.030043 -1.176927 -0.844240 -0.769381 -1.900595 -1.758881 
 -0.942988 -0.847524 -1.362832 -1.362441 -1.141400 -0.920381 -1.030043 -1.176927 -0.848196 -0.769260 -1.565319 -1.640424 
 -0.938325 -0.847071 -1.362832 -1.430939 -1.138107 -0.912787 -1.030043 -1.099853 -0.845520 -0.769407 -1.732957 -1.995795 
 -0.935149 -0.846441 -1.362832 -1.430939 -1.168467 -0.931748 -1.030043 -1.176927 -0.837528 -0.764087 -1.816776 -1.521966 
 -0.934490 -0.846895 -1.362832 -1.430939 -1.202722 -0.922708 -1.030043 -1.176927 -0.838709 -0.764921 -1.816776 -1.758881 
 -0.934411 -0.846941 -1.362832 -1.499437 -1.167994 -0.895810 -1.030043 -1.022778 -0.833282 -0.766149 -1.732957 -1.995795 
 -0.931162 -0.844774 -1.362832 -1.362441 -1.167381 -0.875969 -1.030043 -0.945704 -0.834488 -0.769117 -1.649138 -1.877338 
 -0.933861 -0.845015 -1.362832 -1.430939 -1.113897 -0.863828 -1.030043 -0.791555 -0.836364 -0.766948 -1.649138 -1.640424 
 -0.928767 -0.842552 -1.282235 -1.362441 -1.127423 -0.857041 -1.030043 -0.791555 -0.836552 -0.766482 -1.481501 -1.877338 
 -0.917877 -0.842783 -1.282235 -1.430939 -1.138217 -0.862046 -1.030043 -0.791555 -0.841328 -0.766685 -1.481501 -2.114252 
 -0.923925 -0.844210 -1.282235 -1.430939 -1.152234 -0.871852 -1.030043 -0.791555 -0.840168 -0.768514 -1.481501 -2.232710 
 -0.922894 -0.844611 -1.282235 -1.430939 -1.117779 -0.876809 -1.030043 -0.791555 -0.824436 -0.767290 -1.649138 -1.758881 
 -0.923391 -0.844090 -1.282235 -1.430939 -1.098979 -0.893638 -1.030043 -0.868629 -0.817788 -0.763049 -1.146225 -1.403509 
 -0.920720 -0.841498 -1.282235 -1.293942 -1.106126 -0.918605 -1.030043 -1.022778 -0.813091 -0.763077 -1.230044 -1.521966 
 -0.923591 -0.843161 -1.282235 -1.430939 -1.073191 -0.922318 -1.030043 -1.176927 -0.810114 -0.759836 -1.230044 -1.403509 
 -0.918621 -0.842544 -1.282235 -1.293942 -1.131383 -0.945462 -1.030043 -1.254002 -0.813430 -0.764269 -1.313863 -1.521966 
 -0.914760 -0.844311 -1.362832 -1.293942 -1.103104 -0.920993 -1.030043 -1.099853 -0.811633 -0.768164 -1.565319 -1.758881 
 -0.929259 -0.844923 -1.362832 -1.293942 -1.110079 -0.916069 -1.030043 -1.176927 -0.804148 -0.766814 -1.481501 -1.758881 
 -0.923180 -0.842827 -1.362832 -1.156945 -1.121144 -0.911839 -1.030043 -1.254002 -0.800219 -0.766504 -1.397681 -1.877338 
 -0.921162 -0.841361 -1.362832 -1.156945 -1.114875 -0.921719 -1.030043 -1.254002 -0.826053 -0.772677 -1.649138 -2.351167 
 -0.928369 -0.842801 -1.362832 -1.156945 -1.099092 -0.905274 -0.925287 -1.176927 -0.826296 -0.772244 -1.481501 -2.469624 
 -0.927978 -0.844103 -1.362832 -1.156945 -1.092524 -0.890591 -0.925287 -1.022778 -0.837430 -0.773512 -1.565319 -2.588081 
 -0.926521 -0.844811 -1.362832 -1.225444 -1.129399 -0.902429 -0.925287 -1.022778 -0.829027 -0.771374 -1.481501 -2.232710 
 -0.929860 -0.844756 -1.362832 -1.362441 -1.101540 -0.892468 -0.925287 -1.022778 -0.833989 -0.770086 -1.481501 -2.232710 
 -0.938266 -0.844886 -1.362832 -1.362441 -1.124628 -0.930578 -0.925287 -1.331076 -0.831505 -0.770021 -1.397681 -2.232710 
 -0.929199 -0.843103 -1.362832 -1.293942 -1.122431 -0.944070 -0.925287 -1.254002 -0.835708 -0.768603 -1.313863 -2.114252 
 -0.931402 -0.845738 -1.362832 -1.293942 -1.070233 -0.933544 -0.925287 -1.176927 -0.839152 -0.768123 -1.481501 -1.995795 
 -0.925851 -0.843975 -1.362832 -1.225444 -1.092328 -0.938319 -0.925287 -1.254002 -0.830835 -0.762684 -1.146225 -1.758881 
 -0.919447 -0.842480 -1.362832 -1.225444 -1.097053 -0.959735 -1.030043 -1.408150 -0.835204 -0.763316 -1.313863 -1.758881 
 -0.924209 -0.844186 -1.362832 -1.293942 -1.128205 -0.963280 -1.030043 -1.485225 -0.826941 -0.759662 -1.397681 -1.521966 
 -0.923905 -0.844251 -1.362832 -1.225444 -1.089550 -0.954408 -1.030043 -1.485225 -0.835749 -0.764589 -1.313863 -1.640424 
 -0.920593 -0.843989 -1.362832 -1.293942 -1.080374 -0.952276 -1.030043 -1.485225 -0.817854 -0.760370 -1.313863 -1.285052 
 -0.913405 -0.843280 -1.362832 -1.293942 -1.040976 -0.944810 -1.030043 -1.485225 -0.817820 -0.756376 -1.397681 -1.048138 
 -0.919150 -0.844841 -1.362832 -1.362441 -1.018571 -0.939745 -1.030043 -1.485225 -0.820047 -0.758456 -1.397681 -1.048138 
 -0.916287 -0.845347 -1.362832 -1.430939 -1.030663 -0.950413 -1.030043 -1.485225 -0.816846 -0.757904 -1.565319 -1.048138 
 -0.922080 -0.845924 -1.362832 -1.430939 -1.023202 -0.941184 -1.030043 -1.485225 -0.819842 -0.760990 -1.565319 -1.403509 
 -0.929089 -0.845866 -1.362832 -1.430939 -1.034531 -0.943781 -1.030043 -1.485225 -0.813164 -0.759526 -1.481501 -1.285052 
 -0.925122 -0.845064 -1.362832 -1.499437 -1.030668 -0.935400 -1.030043 -1.485225 -0.809694 -0.759673 -1.397681 -1.403509 
 -0.923204 -0.847023 -1.362832 -1.499437 -1.075786 -0.935548 -1.030043 -1.408150 -0.811449 -0.759251 -1.565319 -1.285052 
 -0.926007 -0.846904 -1.362832 -1.567936 -1.073928 -0.941178 -1.030043 -1.408150 -0.817416 -0.760555 -1.649138 -1.285052 
 -0.927265 -0.846202 -1.362832 -1.430939 -1.099324 -0.944810 -1.030043 -1.331076 -0.810634 -0.762987 -1.565319 -1.403509 
 -0.922955 -0.845539 -1.362832 -1.430939 -1.101828 -0.944675 -1.030043 -1.408150 -0.797576 -0.760484 -1.313863 -1.166595 
 -0.928454 -0.845735 -1.362832 -1.362441 -1.103243 -0.944554 -1.030043 -1.485225 -0.798440 -0.758552 -1.313863 -1.166595 
 -0.925042 -0.846970 -1.362832 -1.430939 -1.108096 -0.932178 -1.030043 -1.254002 -0.803686 -0.760077 -1.397681 -1.048138 
 -0.912816 -0.844232 -1.362832 -1.362441 -1.118982 -0.930436 -1.030043 -1.331076 -0.809730 -0.761140 -1.397681 -1.403509 
 -0.919559 -0.844220 -1.362832 -1.362441 -1.107815 -0.947716 -1.030043 -1.408150 -0.814670 -0.762612 -1.481501 -1.521966 
 -0.918196 -0.843565 -1.362832 -1.362441 -1.112898 -0.946384 -1.030043 -1.408150 -0.805700 -0.757622 -1.397681 -1.285052 
 -0.915299 -0.842596 -1.362832 -1.362441 -1.090834 -0.938602 -1.030043 -1.331076 -0.807280 -0.756534 -1.397681 -1.048138 
 -0.921833 -0.844185 -1.362832 -1.499437 -1.102648 -0.949511 -1.030043 -1.331076 -0.809308 -0.759337 -1.481501 -1.166595 
 -0.925492 -0.843853 -1.362832 -1.430939 -1.125399 -0.948321 -1.030043 -1.331076 -0.818785 -0.758287 -1.565319 -1.285052 
 -0.926032 -0.844846 -1.362832 -1.499437 -1.123000 -0.936570 -1.030043 -1.254002 -0.821289 -0.762046 -1.230044 -1.166595 
 -0.920936 -0.843354 -1.362832 -1.430939 -1.116507 -0.960213 -1.030043 -1.408150 -0.814147 -0.761584 -1.397681 -1.403509 
 -0.930225 -0.845762 -1.362832 -1.567936 -1.104847 -0.955437 -1.030043 -1.331076 -0.809553 -0.758337 -1.565319 -1.166595 
 1.490148 1.929010 0.732693 0.487018 0.965534 1.518569 0.960332 1.212381 1.179971 0.922550 0.278695 0.728720 
 1.517196 1.785230 0.490901 0.487018 0.818722 1.135924 0.750819 0.904083 1.159398 0.806753 0.865427 0.491806 
 1.679684 1.860379 0.652096 0.624015 0.770830 1.144345 0.646062 0.827008 1.265126 0.892565 0.446333 0.965635 
 1.515927 1.454788 0.652096 0.487018 0.885159 1.112275 0.436549 0.672860 1.348530 1.131358 0.278695 0.373349 
 1.459502 1.440776 0.813290 0.624015 1.155249 1.238913 0.436549 0.595785 1.101696 0.943504 0.613971 0.373349 
 1.694525 1.655418 0.732693 0.624015 1.705794 1.499293 0.436549 0.749934 1.288969 1.197383 0.278695 0.254892 
 1.411226 1.431604 0.974484 0.692513 1.488817 1.058467 0.436549 0.518711 1.413095 1.384037 0.362514 0.610263 
 1.169320 0.807116 1.216276 0.761011 1.370671 1.007039 1.274602 0.904083 1.326334 1.476143 0.446333 0.610263 
 1.163006 0.849459 1.216276 0.624015 1.409947 0.820041 0.960332 0.749934 1.246585 1.579619 0.530152 0.610263 
 1.074170 0.790521 0.813290 0.624015 1.480606 0.968284 1.379358 0.904083 1.135490 1.522301 0.446333 0.373349 
 1.083314 0.840346 0.490901 0.624015 1.508504 1.077542 1.484115 1.135306 1.123206 1.435713 0.530152 0.136434 
 1.289520 1.080780 0.652096 0.624015 1.391411 1.110997 1.484115 1.135306 0.981836 1.245943 0.613971 0.373349 
 1.302937 1.067090 0.652096 0.624015 1.273381 1.125996 1.379358 1.366530 1.281846 1.555573 1.033065 0.136434 
 1.224407 1.057678 0.813290 0.692513 0.727187 0.900149 1.379358 1.520679 1.234867 1.494938 0.949246 0.254892 
 1.377413 1.348789 0.652096 0.555516 0.794873 1.038248 0.960332 1.058232 1.170570 1.410868 0.865427 0.254892 
 1.373269 1.281371 0.571499 0.350021 0.734858 0.985919 0.541306 0.981157 1.133748 1.302020 0.865427 0.017977 
 1.461618 1.339761 0.329707 0.350021 0.565304 0.916816 0.436549 1.289455 1.175646 1.363927 0.781609 -0.100480 
 1.614932 1.548481 0.813290 0.350021 0.689050 1.065125 0.960332 1.058232 1.364374 1.585725 0.781609 0.373349 
 1.426504 1.434523 0.652096 0.213024 0.616311 1.000784 0.855575 0.749934 1.265225 1.557516 0.781609 0.610263 
 1.287844 1.312423 0.974484 0.487018 0.791188 0.920407 0.855575 0.518711 1.298933 1.556708 0.613971 0.373349 
 1.364316 1.403309 0.893887 0.692513 0.733842 0.849986 1.065089 0.749934 1.274170 1.605815 -0.056580 0.373349 
 1.370913 1.442859 0.813290 0.555516 0.959472 1.288444 0.960332 1.058232 1.349062 1.515504 0.278695 0.373349 
 1.258572 1.179903 0.652096 0.624015 1.107105 1.267311 1.484115 1.289455 1.474541 1.439224 0.278695 0.373349 
 1.285911 1.262524 0.652096 0.761011 1.126575 1.276942 1.484115 1.366530 1.532275 1.712827 0.194877 0.373349 
 1.301334 1.247859 0.571499 0.692513 1.148268 1.099321 1.379358 1.443604 1.473136 1.557025 0.446333 0.254892 
 1.211685 1.017397 0.329707 0.829510 1.134821 0.968983 1.588871 1.366530 1.437943 1.669413 0.697790 0.373349 
 1.237838 1.041670 0.168513 0.829510 1.200423 1.148542 1.798384 1.520679 1.529350 1.725821 0.446333 0.136434 
 1.211171 1.161189 -0.073278 0.761011 1.032104 1.133637 1.693628 1.674827 1.428039 1.532686 0.865427 0.136434 
 1.055644 0.972662 0.087916 0.761011 1.214507 1.198409 2.007897 1.520679 1.351380 1.306111 0.949246 0.491806 
 0.919746 0.810556 0.249110 0.829510 1.080950 0.884490 1.693628 1.443604 1.273176 1.396218 0.865427 0.728720 
 1.196119 1.211689 0.490901 0.829510 0.979646 0.697170 1.693628 1.289455 1.178153 1.205419 0.697790 0.728720 
 1.205578 1.187574 0.571499 0.898008 1.009858 0.855420 1.693628 1.212381 1.113162 0.953300 0.949246 0.847177 
 1.047048 1.002860 0.813290 1.035005 1.033399 0.947244 1.693628 1.135306 1.205724 0.984280 0.781609 0.610263 
 1.160564 1.269345 0.732693 1.035005 1.088795 1.069067 1.588871 1.289455 1.226037 0.869257 0.362514 0.610263 
 1.268586 1.324638 0.813290 0.966507 1.212923 1.074246 1.379358 1.289455 1.241871 0.866742 0.530152 0.610263 
 1.175090 1.198505 1.055081 0.898008 1.397216 1.367959 1.169845 1.366530 1.592516 1.417026 0.027239 0.254892 
 1.275659 1.158479 0.732693 0.761011 1.222167 1.187176 1.065089 0.904083 1.456988 1.260613 0.446333 0.254892 
 1.543553 1.390600 0.490901 0.624015 1.260132 1.139812 0.855575 0.981157 1.496460 1.321761 0.613971 0.254892 
 1.257921 1.030369 0.410304 0.555516 1.290673 1.169164 0.960332 0.981157 1.465709 1.540467 0.865427 0.254892 
 1.364249 1.183287 0.329707 0.487018 1.286415 1.130489 1.065089 1.058232 1.343275 1.499066 1.284522 0.373349 
 1.336453 1.157345 0.329707 0.281522 1.175505 0.986646 1.169845 0.904083 1.218240 1.414038 0.781609 0.254892 
 1.433307 1.220036 0.329707 0.418519 1.123916 1.055252 0.960332 0.749934 1.167740 1.276322 0.781609 0.491806 
 1.318549 1.155554 0.571499 0.418519 1.114966 1.163111 1.274602 0.904083 1.132115 1.462427 1.284522 0.491806 
 1.500587 1.408175 0.571499 0.487018 1.044977 0.903861 1.484115 0.595785 0.903132 1.028520 1.284522 0.728720 
 1.410912 1.382003 0.732693 0.624015 1.034705 1.085707 0.855575 0.827008 0.971110 1.128054 1.200703 0.728720 
 1.150586 1.183635 0.893887 0.761011 1.032989 1.102980 1.274602 0.827008 0.905559 0.965974 1.284522 0.728720 
 1.170117 1.189286 1.055081 0.692513 0.999822 1.006824 1.065089 0.749934 1.172824 1.160663 0.530152 0.728720 
 0.865446 0.845895 1.055081 0.624015 0.886342 0.985058 0.750819 0.827008 1.191218 1.138099 0.278695 0.847177 
 1.187028 1.297434 1.135678 0.829510 0.999716 1.038584 0.960332 0.981157 1.339619 1.324021 0.278695 0.965635 
 0.951266 0.967476 0.732693 0.898008 1.018390 0.956257 0.960332 1.366530 1.492615 1.636987 0.362514 1.202549 
 0.900004 0.913412 0.652096 0.761011 0.994416 0.758121 0.855575 1.289455 1.565508 1.602053 0.530152 0.965635 
 0.894642 0.825857 1.055081 1.035005 0.763076 0.575979 1.379358 1.597753 1.435627 1.453661 0.194877 0.965635 
 0.918450 0.757825 0.410304 0.829510 0.701543 0.512553 1.065089 1.366530 1.524517 1.455531 -0.056580 0.610263 
 0.988992 0.884469 0.329707 0.966507 0.703175 0.522938 1.693628 1.674827 1.521653 1.568141 0.278695 0.610263 
 1.304926 1.506948 0.329707 0.966507 0.732735 0.790204 1.169845 1.443604 1.215343 1.221828 -0.140399 0.610263 
 1.299042 1.525483 0.410304 1.103504 0.853368 0.679049 1.379358 1.289455 1.425683 1.499826 -0.140399 0.491806 
 1.129815 1.380471 0.974484 1.035005 0.930596 0.734930 1.379358 1.289455 1.427447 1.537617 -0.140399 0.136434 
 1.368282 1.544596 0.813290 0.898008 1.015735 0.700344 0.960332 0.981157 1.170411 1.172880 0.278695 0.254892 
 1.420131 1.444591 0.813290 0.829510 1.000076 0.786814 0.855575 1.135306 0.997964 1.013465 0.781609 0.254892 
 1.202111 1.341571 0.813290 0.829510 1.057210 0.870594 0.541306 0.904083 0.951005 1.078181 1.200703 0.373349 
 1.347469 1.731810 0.974484 0.761011 0.994022 0.829942 0.436549 0.827008 0.811421 0.885452 1.619797 0.965635 
 1.265747 1.615634 1.055081 0.761011 0.971146 0.669539 0.122279 0.827008 0.869867 0.968627 1.452159 0.610263 
 0.951735 0.951166 0.732693 0.761011 0.820293 0.761081 0.541306 0.981157 0.835510 0.875985 1.535978 0.491806 
 0.950978 0.874411 0.652096 0.692513 0.940802 1.122068 0.960332 1.058232 0.784406 0.962164 1.871254 0.965635 
 0.907366 0.609470 0.813290 0.624015 1.026827 1.105441 0.646062 0.904083 0.781226 1.070737 1.955073 0.965635 
 0.784146 0.511631 0.652096 0.624015 0.858840 1.165102 1.169845 0.981157 0.925764 1.281992 1.703616 1.084092 
 0.880853 0.715978 0.652096 0.692513 0.808133 1.048969 0.855575 0.981157 0.966746 1.409502 1.535978 1.202549 
 0.854838 0.604511 0.732693 0.555516 0.979121 1.126965 1.274602 0.981157 1.077529 1.506807 1.284522 1.084092 
 0.691705 0.237551 0.329707 0.555516 1.170262 1.511171 1.588871 1.289455 1.101772 1.529354 1.452159 0.728720 
 0.708258 0.269631 0.652096 0.555516 1.285946 1.385918 1.379358 1.289455 1.152458 1.406293 1.619797 0.847177 
 0.727144 0.290019 0.732693 0.761011 1.365213 1.386497 1.903141 1.366530 1.411585 1.779139 1.368341 0.728720 
 1.194828 0.781851 0.490901 0.624015 1.564214 1.534968 1.693628 1.212381 1.397993 1.600406 1.368341 0.491806 
 1.381130 1.317340 0.490901 0.692513 1.788975 1.841972 1.903141 1.289455 1.472765 1.648439 1.200703 0.373349 
 1.210364 1.261734 0.652096 0.761011 1.640365 1.676551 1.484115 1.135306 1.487025 1.617467 1.116884 0.373349 
 1.053968 1.078392 0.490901 0.829510 2.056132 2.004945 1.588871 1.058232 1.527272 1.546467 0.949246 0.373349 
 1.507827 1.446059 0.490901 0.898008 2.338209 2.667946 1.379358 1.135306 1.770311 1.762715 0.697790 0.017977 
 1.666677 1.749298 0.732693 0.829510 2.488582 2.450129 1.484115 0.827008 1.861840 1.909585 0.362514 -0.100480 
 1.712198 1.867838 0.490901 0.692513 2.749436 3.197731 1.169845 0.827008 1.691141 1.938885 0.530152 0.373349 
 1.825046 2.099322 0.571499 0.555516 2.777375 3.100754 1.274602 0.981157 1.605252 1.617803 0.613971 0.728720 
 1.647275 1.743202 0.652096 0.624015 2.579741 2.678183 1.274602 1.135306 1.507420 1.594446 0.697790 1.084092 
 1.672234 1.550003 0.410304 0.624015 2.516366 3.327732 1.274602 1.058232 1.403010 1.342733 0.781609 0.728720 
 1.686045 1.519860 0.410304 0.761011 2.618087 3.355739 1.484115 1.212381 1.270520 1.211897 0.697790 0.610263 
 1.926246 1.885174 0.329707 0.624015 2.401019 3.264184 1.379358 1.366530 1.265273 1.218862 0.781609 0.728720 
 1.499076 1.552263 0.410304 0.829510 1.863432 2.416001 1.798384 1.366530 1.067674 0.949095 1.284522 0.610263 
 1.392526 1.336778 0.490901 1.035005 1.831145 2.570256 1.693628 1.520679 0.949224 0.832453 0.865427 0.965635 
 1.330709 1.391824 0.571499 1.035005 1.523847 2.025432 1.693628 1.443604 1.157611 0.952345 0.446333 0.491806 
 1.333701 1.406355 0.813290 1.103504 1.418072 1.978686 1.588871 1.597753 1.048581 0.977458 0.530152 0.491806 
 1.163109 1.321707 0.813290 1.103504 1.340453 1.857254 1.588871 1.366530 1.004821 0.937860 0.530152 0.373349 
 0.954871 1.042425 0.893887 0.966507 1.097389 0.959661 1.484115 1.443604 1.048991 0.972567 0.697790 0.491806 
 1.409890 1.895570 0.974484 0.898008 1.177819 1.149511 1.588871 1.674827 1.057586 1.096505 0.530152 0.610263 
 1.173209 1.460408 1.055081 0.898008 1.177264 1.165815 1.588871 1.520679 1.023483 1.065275 0.530152 0.610263 
 1.098453 1.407805 1.135678 0.898008 1.265927 1.111737 1.379358 1.520679 1.168009 1.126638 0.362514 0.610263 
 1.191669 1.463128 1.055081 0.692513 1.072530 0.978911 1.379358 1.289455 1.125982 1.044822 0.446333 0.373349 
 1.944017 2.347855 0.974484 0.213024 1.172202 1.323702 2.007897 1.135306 1.682963 1.568862 0.278695 0.728720 
 1.928787 2.400048 0.652096 0.213024 1.042661 0.912067 1.903141 1.058232 1.639951 1.702218 0.027239 1.084092 
 1.429394 1.630837 0.974484 0.487018 0.836448 0.688614 2.112654 1.212381 1.170833 1.457058 0.530152 1.202549 
 1.468059 1.642251 0.974484 0.692513 0.851072 0.603166 2.112654 1.212381 0.991217 1.170168 0.613971 1.557921 
 1.507339 1.737430 0.813290 0.487018 0.845202 0.691197 1.903141 1.366530 1.150387 1.379434 0.530152 1.439463 
 1.086956 1.042479 0.893887 0.555516 0.825291 0.685305 1.798384 1.443604 0.886161 1.080294 0.613971 1.439463 
 1.218836 1.146591 0.571499 0.624015 0.907660 0.591369 1.588871 1.366530 0.993995 1.107647 0.613971 1.202549 
 1.471232 1.351754 0.490901 0.555516 1.092267 0.669848 1.798384 1.366530 1.090540 1.227164 0.697790 1.084092 
 1.632427 1.639893 0.329707 0.692513 1.191307 0.763650 1.693628 1.443604 1.072877 1.170271 0.697790 0.847177 
 1.487007 1.447520 0.490901 0.761011 1.303865 0.855891 1.274602 1.366530 0.976642 0.959156 0.865427 0.965635 
 1.375673 1.305382 0.168513 0.692513 1.273315 0.819799 0.960332 1.212381 1.197443 1.233373 0.697790 0.728720 
 1.503327 1.530009 0.168513 0.761011 1.217580 0.885607 1.169845 1.135306 1.372320 1.337824 0.530152 0.373349 
 1.750096 1.737857 0.329707 0.761011 1.358972 0.833830 0.646062 1.212381 1.277213 1.165997 0.613971 0.373349 
 1.562624 1.596724 0.329707 0.966507 1.266549 0.837717 0.855575 1.058232 1.338880 1.171982 0.530152 0.136434 
 1.682151 1.845615 0.571499 0.829510 1.137370 0.771210 0.960332 0.981157 1.206559 1.073055 0.613971 0.017977 
 1.481647 1.660196 0.813290 0.692513 0.958337 0.698690 1.065089 0.904083 1.235935 1.140010 0.194877 0.491806 
 1.180241 1.204469 0.893887 0.761011 0.910044 0.806576 1.379358 1.135306 1.155761 1.008507 0.362514 0.373349 
 1.150080 1.267571 0.974484 0.761011 0.894607 0.942092 1.274602 1.366530 1.347679 1.354344 0.278695 0.254892 
 1.554072 1.610476 0.974484 0.692513 1.103870 1.111871 1.274602 1.366530 1.357563 1.274701 0.194877 0.254892 
 1.277267 1.268511 1.135678 0.692513 1.088467 1.170940 1.169845 1.366530 1.154901 1.136738 0.446333 0.254892 
 1.033167 0.920038 0.893887 0.692513 0.990111 1.358018 0.960332 1.212381 1.278112 1.247813 0.278695 0.136434 
 1.147151 1.031820 1.216276 0.624015 1.031993 1.419737 1.169845 1.135306 1.339456 1.270344 0.278695 0.373349 
 1.234417 1.334177 1.055081 0.624015 1.284717 1.515597 0.750819 1.135306 1.480565 1.307053 0.027239 0.610263 
 1.140669 1.215015 1.458067 0.761011 1.237562 1.465420 0.750819 1.212381 1.467794 1.260045 0.194877 0.610263 
 1.221585 1.060955 1.135678 0.692513 1.226577 1.202552 0.855575 1.058232 1.436306 1.390453 0.530152 0.728720 
 1.237636 1.118907 0.813290 0.829510 1.315960 1.039136 0.541306 0.981157 1.409049 1.442710 0.446333 0.728720 
 0.845964 0.758708 1.135678 0.761011 1.084952 0.840314 0.646062 1.135306 1.213003 1.153462 0.446333 0.728720 
 1.150803 1.088471 1.216276 0.692513 1.146007 0.588866 0.646062 0.981157 1.238372 1.178416 0.362514 0.728720 
 1.175494 1.198384 0.571499 0.624015 1.009508 0.355042 0.750819 1.058232 1.245493 1.294144 0.697790 0.847177 
 1.164414 1.117758 0.490901 0.555516 0.905389 0.259115 0.541306 1.058232 1.236383 1.314020 0.362514 0.847177 
 0.843323 0.550919 0.652096 0.624015 0.707276 0.174117 0.750819 0.904083 1.106003 1.314411 0.781609 0.491806 
 1.058672 0.742326 0.571499 0.487018 0.815465 0.332361 0.646062 1.058232 1.357998 1.592346 0.111058 0.373349 
 0.787822 0.575626 0.813290 0.487018 0.762463 0.227764 0.541306 0.827008 1.469229 1.512423 -0.140399 0.373349 
 0.778037 0.570204 0.732693 0.555516 0.710187 0.284902 1.169845 0.904083 1.246969 1.176392 0.613971 0.373349 
 1.144114 0.915527 0.732693 0.487018 1.023460 0.747306 1.274602 0.827008 1.401917 1.444704 0.697790 0.610263 
 1.023507 0.724648 0.893887 0.555516 1.074751 0.797052 1.274602 0.595785 1.451126 1.499831 0.446333 0.610263 
 1.202943 0.869917 0.732693 0.692513 1.143646 0.831704 1.274602 0.441636 1.300907 1.329904 0.362514 0.610263 
 1.159992 1.005934 0.732693 0.761011 1.261732 0.957428 1.693628 0.595785 1.162739 1.131752 0.865427 0.728720 
 1.293209 1.239143 0.893887 0.829510 1.217522 1.010564 1.798384 0.749934 1.260811 1.231172 0.781609 0.373349 
 1.196829 1.136396 0.652096 0.761011 1.174474 0.861447 1.798384 0.749934 0.884072 0.751517 0.865427 0.965635 
 1.400314 1.407499 0.732693 0.624015 1.303330 1.152483 2.322168 1.058232 0.941272 0.750045 1.033065 0.728720 
 1.384118 1.490300 0.974484 0.624015 1.303904 1.297470 1.903141 1.135306 1.112605 0.795698 0.530152 0.965635 
 1.435870 1.637834 1.055081 0.692513 0.927603 0.891257 1.588871 1.212381 0.974324 0.618504 0.697790 0.728720 
 1.302600 1.510887 1.055081 0.761011 0.959940 0.903391 1.169845 1.212381 0.816820 0.541306 1.033065 0.965635 
 1.274828 1.610170 1.055081 0.761011 1.047667 1.050772 2.112654 1.366530 0.830244 0.546511 1.284522 0.728720 
 1.404254 1.718639 0.893887 0.555516 1.119351 1.089702 1.484115 1.058232 0.899553 0.617705 1.033065 0.610263 
 1.492974 1.619884 0.652096 0.555516 1.199908 1.110782 1.379358 0.904083 0.855780 0.665884 0.697790 0.965635 
 1.413263 1.603801 0.893887 0.624015 1.371553 1.324846 1.484115 1.058232 1.105476 0.839207 0.613971 0.728720 
 1.395529 1.455397 0.813290 0.624015 1.294712 1.341136 1.588871 0.981157 0.981331 0.917256 0.865427 0.728720 
 1.390333 1.402986 0.652096 0.624015 1.506754 1.626832 1.484115 1.135306 0.987475 1.001943 1.033065 0.610263 
 1.122319 1.172564 0.732693 0.761011 1.625864 1.660261 1.588871 1.058232 1.157493 1.066359 0.865427 0.728720 
 1.058599 1.153404 0.974484 0.898008 1.468676 1.441731 1.588871 0.827008 1.241615 1.059821 0.362514 0.610263 
 1.133858 1.164831 1.377470 0.898008 1.846027 2.178490 1.379358 0.981157 1.384030 1.187359 0.362514 0.728720 
 1.121528 1.009901 1.216276 0.898008 1.641148 2.116839 1.379358 1.135306 1.421429 1.272729 0.530152 0.728720 
 0.910335 0.929399 1.458067 0.898008 1.563498 2.097656 1.274602 1.135306 1.378959 1.185117 0.362514 0.965635 
 1.027412 1.043467 1.377470 0.898008 1.289738 1.724992 1.274602 1.058232 1.515797 1.432635 0.278695 0.610263 
 0.884441 0.928919 1.377470 0.966507 1.184273 1.497033 1.169845 0.749934 1.599514 1.497905 0.530152 0.965635 
 0.825902 0.843281 1.135678 0.761011 0.988788 1.086084 1.274602 0.595785 1.523016 1.400068 0.278695 0.847177 
 0.792003 0.600367 1.377470 0.692513 0.913758 1.204086 1.065089 0.595785 1.527637 1.401453 0.697790 0.610263 
 0.889427 0.756571 0.974484 0.761011 1.056370 1.290717 1.274602 0.672860 1.568606 1.557673 0.613971 0.491806 
 0.777175 0.734581 0.732693 0.692513 0.575858 0.431719 1.065089 0.595785 1.462615 1.544915 0.613971 0.373349 
 0.676288 0.614699 0.974484 0.761011 0.722475 0.453121 1.169845 0.441636 1.474048 1.467676 0.530152 0.373349 
 0.782418 0.683609 1.055081 0.692513 0.782433 0.278842 0.960332 0.441636 1.545286 1.551441 0.865427 0.136434 
 0.713107 0.643451 1.055081 0.692513 0.844971 0.496074 0.960332 0.518711 1.194100 1.475547 0.949246 0.491806 
 0.860236 0.747597 0.974484 0.692513 0.829935 0.650746 1.065089 0.827008 0.983976 1.361500 0.781609 0.491806 
 1.094458 1.126785 0.732693 0.692513 0.650400 0.685776 0.960332 0.904083 0.934304 1.280685 0.865427 0.728720 
 1.179791 1.372451 0.893887 0.761011 0.684850 0.560738 1.274602 1.135306 0.962756 1.258738 0.697790 0.965635 
 1.099361 1.282873 1.135678 0.829510 0.584717 0.602991 1.065089 1.135306 0.857433 1.082490 0.949246 1.084092 
 1.067789 0.995413 1.055081 0.966507 0.637203 0.581118 1.169845 1.212381 0.931409 1.127064 0.446333 0.610263 
 1.240487 1.222200 0.652096 0.898008 0.605796 0.593521 1.274602 1.289455 0.887507 0.953672 0.362514 0.728720 
 1.136640 1.115567 0.732693 0.898008 0.657279 0.820418 0.855575 1.289455 0.810413 0.787484 0.530152 0.610263 
 1.150180 1.158409 0.893887 1.035005 0.661421 0.900969 1.169845 1.520679 0.968312 0.758378 0.278695 0.491806 
 1.069299 0.943010 0.813290 1.103504 0.694638 0.748274 1.169845 1.058232 0.998838 0.706394 0.278695 0.610263 
 0.847746 0.639170 0.813290 1.035005 0.888668 0.736490 0.331792 0.904083 1.238142 0.961303 0.194877 0.491806 
 0.906774 0.600872 0.813290 0.898008 0.902051 0.840071 1.169845 1.058232 1.249812 0.992724 0.362514 0.017977 
 0.982057 0.864971 0.652096 0.829510 1.052594 0.997798 1.379358 1.212381 1.367358 1.172241 -0.056580 0.136434 
 0.971817 0.997946 0.813290 0.829510 1.083757 1.310627 1.484115 1.289455 1.454162 1.217953 0.194877 0.136434 
 1.103070 1.163395 0.893887 0.966507 1.378972 1.504687 1.588871 1.212381 1.557796 1.332472 0.027239 0.136434 
 1.199790 1.303359 0.652096 0.966507 1.364129 1.253980 1.903141 1.135306 1.691326 1.468030 0.111058 0.136434 
 1.141535 1.279663 0.652096 1.035005 1.219570 1.042687 1.588871 1.135306 1.589430 1.358428 -0.140399 0.254892 
 1.206338 1.229120 0.652096 0.966507 1.270850 1.049117 1.379358 1.212381 1.628973 1.371903 -0.056580 0.017977 
 1.292625 1.319779 0.813290 1.103504 1.260195 1.041033 1.693628 1.212381 1.401490 1.179568 0.194877 0.254892 
 1.427985 1.488959 0.732693 1.035005 1.326722 1.284745 1.169845 1.135306 1.365015 1.406117 0.194877 0.610263 
 1.403651 1.487652 0.652096 1.035005 1.173379 0.922345 1.274602 0.827008 1.328274 1.305661 0.111058 0.610263 
 1.432394 1.410012 0.410304 1.035005 1.162442 0.832848 1.169845 0.981157 1.274442 1.373436 -0.056580 0.610263 
 1.167528 1.049963 0.249110 1.103504 0.913987 0.635626 0.960332 0.981157 1.179952 1.382169 0.111058 0.847177 
 0.963391 0.844339 0.490901 1.035005 0.758889 0.557900 0.855575 0.904083 1.027567 1.255627 0.111058 0.965635 
 1.151682 0.944919 0.168513 0.898008 0.894659 0.720993 0.646062 1.289455 0.925988 1.177482 0.027239 0.847177 
 1.671312 1.825067 0.087916 0.898008 1.019716 0.805459 0.227036 0.981157 0.964591 1.315633 0.278695 1.202549 
 1.711489 1.935661 0.168513 0.761011 1.102435 0.839184 0.227036 1.212381 1.179754 1.418469 0.194877 0.965635 
 1.354985 1.468901 0.329707 0.829510 0.977496 0.705752 0.436549 1.135306 1.039384 1.033867 0.027239 0.728720 
 1.330859 1.353556 0.249110 0.624015 1.125704 0.815737 0.331792 1.366530 0.927004 0.929296 0.362514 0.610263 
 1.383458 1.428556 0.249110 0.692513 1.193531 0.773107 0.646062 1.289455 0.891477 0.856791 0.446333 0.847177 
 1.540762 1.416535 0.732693 0.829510 1.438969 1.748870 2.426924 1.443604 1.972683 2.310878 0.613971 0.136434 
 1.605617 1.706598 0.490901 0.761011 1.296392 1.527542 1.903141 1.443604 1.626250 2.001902 0.865427 0.373349 
 1.824319 2.003992 0.410304 0.898008 1.459982 1.480998 1.588871 1.443604 1.710450 2.055515 0.613971 0.491806 
 1.881466 2.144242 0.249110 0.692513 1.488046 1.622958 1.693628 1.520679 1.913656 2.161120 0.530152 0.491806 
 2.208936 2.369313 0.168513 0.692513 1.485361 1.572553 1.274602 1.135306 1.949258 2.100940 0.111058 0.610263 
 2.169672 2.411739 0.329707 0.692513 1.480692 1.602282 0.855575 1.135306 2.331597 2.536232 0.194877 0.373349 
 2.062678 2.244487 0.329707 0.555516 1.562406 1.656548 0.960332 1.135306 2.008398 2.264348 0.111058 0.610263 
 2.168695 2.521628 0.410304 0.487018 1.536529 1.482773 0.750819 0.904083 1.985410 2.186110 0.362514 0.610263 
 2.182505 2.444750 0.652096 0.487018 1.490660 1.359740 1.169845 1.135306 2.164308 2.255162 0.278695 0.847177 
 2.218634 2.252832 0.732693 0.487018 1.462950 1.517588 0.960332 1.366530 2.273306 2.349720 0.111058 0.965635 
 1.960507 1.647726 0.571499 0.213024 1.382106 1.499683 0.960332 1.212381 2.319574 2.295018 -0.056580 0.847177 
 2.031998 1.956539 0.652096 0.281522 1.385677 1.511373 1.274602 1.443604 2.188960 2.172805 -0.056580 0.728720 
 1.645278 1.725127 0.974484 0.418519 1.272341 1.377376 1.588871 1.520679 2.041417 1.988760 0.278695 0.610263 
 1.676646 1.504364 0.732693 0.418519 1.521979 1.549361 2.007897 1.520679 1.955536 1.817133 0.530152 0.965635 
 1.803323 1.541639 0.732693 0.350021 1.544596 1.482935 1.798384 1.212381 1.921306 1.729397 0.865427 0.728720 
 1.691295 1.491566 0.732693 0.555516 1.494726 1.395994 1.798384 1.366530 1.921825 1.655736 0.362514 0.847177 
 1.527365 1.259887 0.571499 0.555516 1.340725 1.331356 1.588871 1.135306 1.558484 1.356756 0.781609 0.610263 
 1.441192 1.228963 0.652096 0.555516 1.597252 1.536999 1.798384 1.058232 1.784904 1.609018 0.697790 0.254892 
 1.435110 1.278991 0.732693 0.555516 1.818032 1.568167 1.588871 0.981157 1.797431 1.718284 0.865427 0.017977 
 1.437125 1.076003 0.813290 0.555516 2.025100 2.080774 1.274602 1.212381 1.645684 1.561125 0.949246 0.254892 
 1.455507 1.051536 0.893887 0.692513 2.070619 1.937065 0.960332 1.058232 1.673307 1.517575 0.613971 0.254892 
 1.353899 1.083469 0.893887 0.555516 1.865081 1.980717 0.855575 1.135306 1.406000 1.105264 0.362514 0.017977 
 1.227176 1.008913 1.135678 0.624015 1.866132 1.960001 0.855575 0.981157 1.408510 1.185688 0.362514 0.017977 
 1.304676 1.144145 1.216276 0.624015 1.996312 1.969283 0.750819 0.827008 1.362182 1.210525 0.697790 0.136434 
 1.289250 1.165475 1.377470 0.555516 2.199044 2.166034 0.750819 0.981157 1.388050 1.150546 0.530152 0.491806 
 1.204950 1.076140 1.296873 0.692513 1.814139 1.756766 0.646062 0.749934 1.443375 1.401958 0.530152 0.491806 
 1.531374 1.649655 1.135678 0.624015 1.643101 1.546913 0.855575 0.749934 1.558907 1.520137 0.446333 0.491806 
 1.544803 1.845418 1.055081 0.555516 1.596962 1.713625 1.065089 0.904083 1.578629 1.671036 0.446333 0.373349 
 1.393876 1.729374 1.055081 0.624015 1.586954 1.762927 1.065089 0.672860 1.574375 1.866234 0.530152 0.491806 
 1.666825 2.251178 0.974484 0.761011 1.540644 1.501862 0.855575 0.595785 1.674736 1.986029 0.362514 0.491806 
 1.673726 2.244082 0.652096 0.692513 1.482117 1.617685 0.646062 0.749934 1.601462 1.845106 0.278695 0.610263 
 1.384445 1.913206 0.652096 0.692513 1.306837 1.409984 0.960332 0.672860 1.606592 2.001154 0.530152 0.373349 
 1.716626 2.281709 0.490901 0.692513 1.355991 1.443641 1.065089 0.749934 1.668885 2.072491 0.530152 0.373349 
 1.782039 2.356998 0.490901 0.761011 1.357396 1.482948 1.169845 0.904083 1.314923 1.488056 0.697790 0.491806 
 1.302386 1.457036 0.490901 0.761011 1.227774 1.326191 1.169845 0.981157 1.098500 1.130020 1.033065 0.610263 
 1.257928 1.314002 1.135678 0.829510 1.061956 1.185764 1.169845 0.904083 1.194006 1.126145 1.033065 0.491806 
 1.439706 1.313713 0.652096 0.761011 1.232139 1.280144 1.379358 0.749934 1.049088 0.803476 1.368341 0.728720 
 1.073943 0.766520 0.893887 0.829510 1.394338 1.646271 1.379358 0.904083 1.262646 1.044520 1.368341 0.373349 
 1.269107 0.921082 0.813290 0.966507 1.514471 1.700631 1.484115 0.904083 1.396247 1.054407 0.949246 0.610263 
 1.423296 0.998114 1.216276 0.966507 1.795856 1.932438 1.484115 0.981157 1.796678 1.208468 0.530152 0.136434 
 1.284718 0.694887 1.055081 1.035005 1.687268 1.678461 1.379358 1.135306 1.712532 1.209858 0.697790 -0.100480 
 1.603526 1.213319 0.974484 0.966507 2.030189 1.976870 1.484115 1.058232 1.831533 1.287308 0.278695 -0.100480 
 1.818414 1.454677 0.732693 0.898008 2.075352 1.826462 1.274602 0.981157 1.927611 1.333561 0.111058 0.136434 
 1.804376 1.601706 0.329707 0.898008 2.071416 1.785608 1.484115 1.058232 1.761320 1.345945 0.362514 0.136434 
 1.782743 1.685864 0.893887 0.829510 1.898813 1.899305 1.693628 1.135306 1.908693 1.468783 0.362514 -0.100480 
 1.792489 1.777412 0.893887 0.898008 1.800471 1.747982 1.693628 1.135306 1.738170 1.417589 0.194877 -0.100480 
 1.681539 1.792077 1.135678 0.692513 1.682617 1.716141 1.379358 1.212381 1.607700 1.457614 0.362514 0.136434 
 1.756357 1.826886 1.055081 0.487018 1.419829 1.556948 1.484115 1.212381 1.259046 1.259027 0.613971 0.373349 
 1.612603 1.774139 0.974484 0.624015 1.295291 1.634903 1.903141 1.135306 1.247794 1.450191 0.865427 0.728720 
 1.474295 1.392090 0.974484 0.692513 1.266907 1.401966 1.798384 1.289455 1.310284 1.481267 1.033065 0.847177 
 1.467631 1.370934 1.055081 0.624015 1.132690 1.457806 1.693628 1.289455 1.418460 1.720231 0.949246 0.491806 
 1.323444 1.204030 1.296873 0.692513 1.159877 1.447085 1.693628 1.366530 1.591202 1.947107 0.865427 0.728720 
 1.466075 1.314262 0.732693 0.487018 1.084703 1.355126 1.379358 1.212381 1.406995 1.793760 1.200703 0.728720 
 1.530306 1.368563 0.571499 0.624015 1.030333 1.018433 1.274602 1.212381 1.443938 1.772059 1.116884 0.728720 
 1.400398 1.235160 0.652096 0.761011 1.051057 1.050476 1.379358 1.289455 1.641425 1.948701 0.949246 0.728720 
 1.392730 1.448563 0.893887 0.692513 1.111297 1.052050 1.274602 1.212381 1.621696 1.899098 0.697790 0.491806 
 1.305263 1.357921 0.893887 0.624015 1.140662 0.992928 0.646062 0.827008 1.674716 1.809543 0.530152 0.610263 
 1.315932 1.395126 0.974484 0.555516 1.014738 0.945267 0.646062 1.058232 1.720459 1.869134 0.446333 0.491806 
 1.225281 1.406592 1.135678 0.418519 1.075548 0.737311 0.331792 0.827008 1.374478 1.448275 0.613971 0.728720 
 1.422985 1.535643 0.974484 0.418519 1.057795 0.802607 0.436549 0.904083 1.349224 1.196437 0.613971 0.610263 
 1.438684 1.375961 0.974484 0.418519 1.251688 1.009057 0.960332 1.135306 1.604686 1.643937 0.530152 0.847177 
 1.515467 1.672585 0.732693 0.418519 1.300551 1.261742 1.065089 1.289455 1.729308 1.766153 0.446333 0.610263 
 1.519193 1.729133 0.893887 0.418519 1.324220 1.215843 0.750819 1.212381 1.579471 1.428143 0.530152 0.728720 
 1.497681 1.477274 0.732693 0.487018 1.315117 1.327428 1.169845 1.674827 1.499635 1.434928 0.949246 0.847177 
 2.096672 2.105340 0.652096 0.555516 1.347534 1.476020 1.484115 1.674827 1.724796 1.619376 0.949246 0.728720 
 1.856631 1.972620 0.410304 0.487018 1.262706 1.631191 1.798384 1.443604 1.817836 1.719243 0.781609 0.610263 
 2.071755 1.978017 0.249110 0.624015 1.523772 2.402643 1.798384 1.597753 2.361095 2.052410 0.362514 0.254892 
 2.003371 1.930644 0.410304 0.555516 1.631891 2.390240 1.693628 1.289455 2.099234 1.888761 0.278695 0.373349 
 1.921974 1.774251 0.410304 0.692513 1.665343 2.489719 1.484115 1.597753 2.033175 1.789769 0.362514 0.254892 
 1.821505 1.440883 0.329707 0.829510 1.765464 2.605420 1.379358 1.520679 1.954894 1.679455 0.362514 0.254892 
 2.181836 1.895968 0.329707 0.829510 1.843608 2.728521 1.379358 1.520679 2.003379 1.681470 0.446333 0.254892 
 2.169790 2.017961 0.249110 0.898008 2.054984 3.237818 1.274602 1.289455 2.127657 1.678433 -0.056580 0.610263 
 1.709846 1.425156 0.329707 0.966507 1.878143 3.032983 1.588871 1.443604 1.854497 1.484315 0.027239 0.254892 
 1.810376 1.529759 0.571499 1.035005 1.854844 2.931836 1.588871 1.674827 1.634108 1.330575 0.278695 0.610263 
 1.657737 1.432798 0.732693 1.035005 1.651856 2.288313 1.274602 1.597753 1.193989 1.153170 0.530152 0.965635 
 1.852830 1.681950 0.732693 1.103504 1.584796 2.301039 1.379358 1.520679 1.296535 1.220887 0.530152 0.728720 
 1.732327 1.764159 0.732693 0.898008 1.598246 2.293022 1.693628 1.597753 1.474613 1.293086 0.530152 0.728720 
 1.805976 2.008112 0.974484 0.966507 1.448264 2.314236 2.322168 1.597753 1.265987 1.154450 0.446333 0.610263 
 1.509155 1.823016 1.055081 0.966507 1.350610 2.020078 2.217411 1.366530 1.179463 0.998425 0.530152 0.728720 
 1.393436 1.639501 1.458067 1.035005 1.091375 1.199700 2.007897 1.289455 1.133395 0.900184 0.697790 0.728720 
 1.229214 1.464879 1.296873 0.966507 1.215160 1.218641 1.484115 1.212381 1.235149 1.001453 0.613971 0.728720 
 1.299538 1.714930 1.780455 0.966507 1.230444 1.167079 1.798384 1.135306 1.181644 0.923864 0.446333 0.491806 
 1.361242 1.937574 1.780455 0.898008 1.203095 1.228407 1.903141 1.366530 1.449865 1.094207 0.278695 0.373349 
 1.025428 1.685408 1.619261 0.898008 1.243631 1.288027 2.217411 1.443604 1.585052 1.352393 0.278695 0.373349 
 0.828375 1.398644 1.699858 0.898008 1.083139 1.067479 2.112654 1.212381 1.306214 1.111594 0.278695 0.373349 
 1.169135 1.496755 1.619261 0.761011 1.154236 1.062717 1.798384 1.135306 1.378121 1.219845 0.446333 0.610263 
 1.280355 1.487200 1.458067 0.692513 1.362232 1.243554 1.798384 1.289455 1.363329 1.358681 0.949246 0.965635 
 1.301711 1.466981 1.377470 0.692513 1.473361 1.553020 1.903141 1.289455 1.792157 2.018852 0.781609 0.610263 
 1.696296 1.907486 1.377470 0.761011 1.433032 1.555119 2.007897 1.366530 1.879030 2.167447 0.781609 0.610263 
 1.608348 1.623582 1.458067 0.692513 1.213615 1.319384 1.903141 1.058232 2.118842 2.213296 0.613971 0.610263 
 1.391160 1.202863 1.377470 0.692513 1.238759 1.405101 2.007897 0.981157 1.889726 2.056584 0.446333 0.728720 
 1.797677 1.849397 1.296873 0.555516 1.269498 1.110688 1.274602 0.827008 2.213481 2.421929 0.446333 0.491806 
 1.946833 1.957054 1.377470 0.692513 1.396234 1.163380 1.379358 0.749934 2.360688 2.565409 0.194877 0.610263 
 -0.455416 -0.562081 0.732693 0.829510 -0.012317 -0.309702 -0.191991 0.287487 -0.518741 -0.599198 1.116884 1.321006 
 -0.447844 -0.554214 0.813290 1.035005 0.041142 -0.319582 -0.191991 0.056264 -0.564308 -0.623350 0.697790 1.202549 
 -0.385262 -0.523884 0.813290 1.035005 0.071609 -0.282535 -0.087234 -0.020810 -0.562864 -0.619179 0.781609 0.847177 
 -0.349174 -0.496911 0.732693 1.035005 0.072663 -0.120067 0.122279 0.056264 -0.557028 -0.578542 0.446333 0.373349 
 -0.383566 -0.520166 0.732693 0.966507 0.057800 -0.173741 0.017523 -0.174959 -0.563092 -0.578058 0.362514 0.610263 
 -0.386161 -0.516525 0.571499 0.624015 -0.030077 -0.162771 0.122279 -0.020810 -0.564822 -0.581110 0.781609 0.610263 
 -0.335597 -0.514288 0.571499 0.692513 0.065330 -0.087432 0.227036 0.210413 -0.531067 -0.580758 0.949246 0.847177 
 -0.323789 -0.534314 0.329707 0.555516 0.026866 -0.105640 0.122279 0.133338 -0.536985 -0.589927 0.949246 0.965635 
 -0.341083 -0.561001 0.652096 0.487018 -0.040588 -0.117794 0.017523 0.210413 -0.541325 -0.597034 0.865427 1.321006 
 -0.332491 -0.518534 0.893887 0.555516 -0.090117 -0.108491 0.331792 0.518711 -0.531003 -0.581384 0.949246 1.321006 
 -0.363736 -0.513213 0.974484 0.624015 0.012029 -0.176909 0.227036 0.287487 -0.538833 -0.598940 0.949246 1.321006 
 -0.391169 -0.537687 1.055081 0.487018 -0.099581 -0.417789 -0.087234 0.364562 -0.579030 -0.635395 1.116884 1.557921 
 -0.404629 -0.553325 1.055081 0.761011 -0.164912 -0.399400 0.122279 0.441636 -0.570390 -0.637681 1.200703 1.676378 
 -0.397558 -0.554505 1.135678 0.761011 -0.175737 -0.442790 0.122279 0.210413 -0.573653 -0.635276 0.697790 1.439463 
 -0.373475 -0.489344 1.216276 0.966507 -0.175454 -0.459686 -0.191991 0.287487 -0.602812 -0.645292 0.865427 1.321006 
 -0.434148 -0.511178 1.135678 0.966507 -0.135446 -0.469150 -0.191991 0.133338 -0.601561 -0.652241 1.200703 0.728720 
 -0.428080 -0.492181 1.055081 1.103504 -0.141872 -0.432768 -0.191991 0.056264 -0.609727 -0.652915 1.284522 0.610263 
 -0.422166 -0.519514 0.652096 0.898008 -0.124007 -0.546096 -0.087234 -0.097885 -0.600081 -0.664344 1.033065 0.728720 
 -0.431032 -0.485781 0.652096 1.035005 -0.205169 -0.334326 0.122279 -0.020810 -0.545146 -0.618931 1.871254 0.491806 
 -0.451678 -0.485700 0.571499 0.898008 -0.210923 -0.371218 -0.087234 -0.097885 -0.534737 -0.623310 0.865427 0.373349 
 -0.444046 -0.449379 0.490901 0.761011 -0.077156 -0.336653 -0.087234 -0.020810 -0.488848 -0.584535 0.613971 0.136434 
 -0.405543 -0.405408 0.732693 0.829510 -0.029980 -0.243349 0.227036 0.133338 -0.481800 -0.569904 0.613971 0.136434 
 -0.489190 -0.477525 0.571499 0.692513 -0.155901 -0.272022 0.017523 0.133338 -0.495120 -0.559368 0.446333 0.373349 
 -0.487969 -0.470809 0.813290 0.829510 -0.093008 -0.179734 0.227036 0.210413 -0.518067 -0.576507 0.865427 0.254892 
 -0.512459 -0.486745 0.732693 0.692513 -0.115692 -0.241593 0.122279 0.364562 -0.500432 -0.561373 0.781609 0.254892 
 -0.525590 -0.529009 0.813290 0.692513 -0.240919 -0.274302 -0.087234 0.133338 -0.513774 -0.562462 0.362514 0.017977 
 -0.412698 -0.328585 1.296873 0.692513 -0.195820 -0.333922 -0.087234 0.133338 -0.554070 -0.585256 0.278695 0.491806 
 -0.420032 -0.307556 1.216276 0.966507 -0.192519 -0.321620 -0.087234 0.133338 -0.562207 -0.583978 0.446333 0.610263 
 -0.387640 -0.304041 1.055081 1.035005 -0.204126 -0.288044 -0.191991 0.133338 -0.607546 -0.608654 0.781609 0.965635 
 -0.474723 -0.378964 0.652096 0.898008 -0.225689 -0.364701 -0.296747 -0.097885 -0.613386 -0.602034 0.781609 1.202549 
 -0.436468 -0.348430 0.813290 0.966507 -0.056627 -0.280019 0.017523 0.287487 -0.589703 -0.561826 0.781609 1.439463 
 -0.418887 -0.327162 0.732693 0.829510 -0.109316 -0.269930 -0.191991 0.210413 -0.566372 -0.537962 0.613971 1.439463 
 -0.414532 -0.313353 0.571499 0.761011 -0.184221 -0.246524 -0.191991 0.364562 -0.563164 -0.554384 0.949246 1.439463 
 -0.396435 -0.302074 0.732693 0.898008 -0.116379 -0.265727 0.227036 0.287487 -0.559393 -0.551492 1.033065 1.557921 
 -0.489973 -0.495433 0.249110 0.692513 -0.121670 -0.256734 -0.087234 0.364562 -0.576745 -0.572506 0.949246 1.794835 
 -0.460706 -0.486705 0.168513 0.555516 0.003080 -0.207439 0.227036 0.364562 -0.570728 -0.576902 1.033065 1.557921 
 -0.440575 -0.434362 0.087916 0.624015 -0.045280 -0.250075 0.436549 0.287487 -0.577300 -0.580106 0.697790 1.557921 
 -0.438928 -0.439315 0.329707 0.692513 -0.083854 -0.254602 0.122279 0.287487 -0.584962 -0.592216 0.530152 1.913292 
 -0.426904 -0.440776 0.168513 0.555516 -0.150774 -0.359320 -0.087234 0.056264 -0.600421 -0.642751 0.697790 1.321006 
 -0.459441 -0.472456 -0.073278 0.213024 -0.170522 -0.306601 0.017523 0.287487 -0.606505 -0.659947 0.949246 1.439463 
 -0.432487 -0.497944 0.087916 0.418519 -0.101792 -0.318540 0.017523 0.133338 -0.610194 -0.634793 0.697790 1.439463 
 -0.461940 -0.470848 0.168513 0.555516 -0.143086 -0.213976 -0.087234 0.287487 -0.595589 -0.628997 0.613971 1.202549 
 -0.476337 -0.559803 0.813290 0.418519 -0.222390 -0.271672 -0.191991 0.210413 -0.549796 -0.590179 0.697790 1.321006 
 -0.502684 -0.592369 1.055081 0.350021 -0.311571 -0.303688 -0.191991 0.287487 -0.550292 -0.580310 0.697790 1.439463 
 -0.546552 -0.636560 0.893887 0.213024 -0.283063 -0.285912 -0.296747 0.210413 -0.522527 -0.574454 0.865427 1.202549 
 -0.520778 -0.620494 1.135678 0.487018 -0.221332 -0.256404 -0.296747 0.210413 -0.528514 -0.587093 0.781609 0.965635 
 -0.467727 -0.628992 1.296873 0.487018 -0.223911 -0.237921 -0.087234 0.595785 -0.512868 -0.576128 0.781609 0.965635 
 -0.416862 -0.582165 1.699858 0.761011 -0.256743 -0.243901 -0.296747 0.518711 -0.517111 -0.571651 0.613971 0.965635 
 -0.439471 -0.602448 1.699858 0.761011 -0.310124 -0.349076 0.017523 0.441636 -0.528957 -0.588716 1.200703 1.202549 
 -0.440915 -0.612221 1.135678 0.624015 -0.194253 -0.331507 -0.087234 0.441636 -0.528999 -0.593281 0.781609 1.084092 
 -0.473707 -0.609590 0.813290 0.487018 -0.232796 -0.338879 0.227036 0.595785 -0.552992 -0.604137 1.116884 0.965635 
 -0.414527 -0.593279 0.652096 0.761011 -0.199807 -0.351968 0.017523 0.441636 -0.541869 -0.620975 1.368341 0.847177 
 -0.410422 -0.606734 0.732693 0.624015 -0.185024 -0.368205 0.227036 0.518711 -0.552681 -0.618156 1.116884 0.965635 
 -0.407980 -0.603601 0.490901 0.692513 -0.221539 -0.390414 0.227036 0.441636 -0.557775 -0.618443 0.949246 1.084092 
 -0.479175 -0.644896 0.490901 0.624015 -0.297576 -0.489913 -0.087234 0.133338 -0.557338 -0.626933 1.200703 0.847177 
 -0.446004 -0.564106 0.410304 0.692513 -0.237991 -0.483859 0.017523 0.287487 -0.553415 -0.642849 1.284522 0.847177 
 -0.478361 -0.580468 0.410304 0.624015 -0.288339 -0.520880 -0.087234 0.056264 -0.561742 -0.643286 0.949246 0.728720 
 -0.492742 -0.582399 0.329707 0.829510 -0.442223 -0.611392 -0.191991 -0.097885 -0.582323 -0.657118 1.033065 0.491806 
 -0.484772 -0.554017 0.410304 0.692513 -0.403676 -0.578482 -0.296747 -0.020810 -0.571540 -0.648265 0.865427 0.847177 
 -0.459249 -0.509935 0.490901 0.624015 -0.379388 -0.613329 -0.401504 0.056264 -0.568348 -0.649116 0.865427 0.847177 
 -0.427306 -0.451786 0.652096 0.624015 -0.385996 -0.619571 -0.401504 0.056264 -0.560442 -0.655868 0.613971 0.491806 
 -0.420631 -0.448150 0.571499 0.898008 -0.387500 -0.609099 -0.506260 0.133338 -0.559764 -0.651568 0.781609 0.491806 
 -0.428971 -0.434576 0.652096 0.761011 -0.302777 -0.497890 -0.296747 0.133338 -0.524302 -0.631103 0.530152 0.373349 
 -0.428184 -0.533361 0.490901 0.692513 -0.195770 -0.447976 -0.296747 -0.097885 -0.495514 -0.617444 0.194877 0.373349 
 -0.398563 -0.499064 0.893887 0.898008 -0.143772 -0.397295 -0.191991 0.133338 -0.496030 -0.613008 0.278695 0.491806 
 -0.316962 -0.436182 1.135678 1.172002 -0.067926 -0.388713 -0.191991 0.056264 -0.497572 -0.614469 0.446333 0.491806 
 -0.263263 -0.448018 0.893887 1.172002 -0.103107 -0.398896 0.017523 -0.020810 -0.499562 -0.617045 0.278695 0.017977 
 -0.348514 -0.504123 0.974484 1.172002 -0.098010 -0.385625 -0.191991 -0.097885 -0.510159 -0.599029 0.278695 0.254892 
 -0.376950 -0.526945 0.974484 1.103504 -0.045322 -0.276065 -0.087234 0.210413 -0.514018 -0.602449 0.027239 0.136434 
 -0.357041 -0.531577 0.732693 0.898008 -0.019036 -0.327210 -0.191991 -0.097885 -0.485724 -0.589085 0.111058 0.254892 
 -0.335831 -0.427269 0.652096 0.829510 -0.022972 -0.271948 -0.087234 0.133338 -0.537950 -0.593322 0.362514 0.491806 
 -0.381672 -0.399090 0.813290 0.829510 -0.118309 -0.317383 -0.191991 0.056264 -0.542502 -0.589786 0.278695 0.610263 
 -0.360753 -0.376054 0.652096 0.692513 -0.092615 -0.277887 0.017523 0.133338 -0.513409 -0.586155 0.278695 0.847177 
 -0.403784 -0.388386 0.732693 0.555516 -0.075398 -0.221294 -0.087234 0.287487 -0.496190 -0.566665 0.194877 0.965635 
 -0.464349 -0.419502 0.893887 0.350021 -0.083444 -0.245474 -0.191991 0.210413 -0.469620 -0.546483 0.446333 1.202549 
 -0.451794 -0.414573 0.974484 0.350021 -0.098980 -0.221799 -0.087234 0.210413 -0.487470 -0.558934 0.362514 1.202549 
 -0.432071 -0.413831 1.055081 0.418519 -0.212201 -0.290990 -0.087234 0.056264 -0.496628 -0.568574 0.781609 1.084092 
 -0.466800 -0.514808 0.813290 0.418519 -0.218644 -0.318439 -0.401504 0.210413 -0.511749 -0.582882 0.613971 0.965635 
 -0.529377 -0.596108 0.732693 0.350021 -0.296766 -0.365326 -0.401504 0.210413 -0.526299 -0.602905 0.781609 1.084092 
 -0.529692 -0.599620 0.893887 0.350021 -0.289757 -0.344374 -0.401504 0.133338 -0.559015 -0.626969 0.530152 0.728720 
 -0.469315 -0.606529 0.893887 0.213024 -0.222590 -0.347939 -0.506260 0.133338 -0.581707 -0.635279 0.865427 0.610263 
 -0.519588 -0.646198 0.732693 0.213024 -0.314337 -0.440012 -0.506260 -0.174959 -0.595554 -0.632739 0.865427 0.965635 
 -0.479712 -0.591957 1.055081 0.418519 -0.243462 -0.430818 -0.296747 -0.020810 -0.645594 -0.665895 1.033065 0.965635 
 -0.460820 -0.560628 1.135678 0.624015 -0.165931 -0.400288 -0.401504 0.056264 -0.639261 -0.662375 0.613971 0.847177 
 -0.429879 -0.487918 0.490901 0.692513 -0.052921 -0.377056 -0.296747 0.056264 -0.623836 -0.654412 0.781609 0.610263 
 -0.406899 -0.452073 0.732693 0.624015 0.031471 -0.382074 -0.087234 -0.020810 -0.586860 -0.632077 0.446333 0.610263 
 -0.364450 -0.390505 0.893887 0.692513 0.105917 -0.314793 -0.296747 -0.174959 -0.583069 -0.627820 0.446333 0.610263 
 -0.352663 -0.329044 0.490901 0.692513 0.179302 -0.375281 -0.087234 0.056264 -0.531229 -0.617881 0.697790 0.373349 
 -0.385521 -0.352707 0.329707 0.692513 0.087884 -0.411662 -0.191991 -0.097885 -0.519080 -0.606239 0.446333 0.491806 
 -0.337113 -0.306157 0.490901 0.761011 0.136078 -0.382061 -0.191991 0.056264 -0.513303 -0.613763 0.530152 0.728720 
 -0.379311 -0.361851 0.571499 0.624015 0.033993 -0.437416 -0.296747 -0.097885 -0.520173 -0.604508 0.613971 0.728720 
 -0.379495 -0.351973 0.652096 0.555516 0.038708 -0.449288 -0.087234 0.287487 -0.496276 -0.603962 1.200703 0.847177 
 -0.449298 -0.459621 0.652096 0.418519 -0.023628 -0.489092 -0.401504 0.287487 -0.524049 -0.604365 1.033065 1.202549 
 -0.474388 -0.546881 1.055081 0.829510 -0.164221 -0.267980 -0.087234 0.595785 -0.580655 -0.620278 0.697790 1.202549 
 -0.502430 -0.596812 0.652096 0.624015 -0.200429 -0.332389 -0.296747 0.287487 -0.589106 -0.625313 0.530152 0.847177 
 -0.485550 -0.572951 0.893887 0.966507 -0.261362 -0.353616 -0.401504 0.364562 -0.612623 -0.646372 0.278695 0.610263 
 -0.440222 -0.521648 0.813290 1.103504 -0.255328 -0.312742 -0.191991 0.441636 -0.588474 -0.618936 0.781609 0.610263 
 -0.389770 -0.508490 1.135678 1.240500 -0.129617 -0.358109 -0.296747 0.287487 -0.578176 -0.620574 0.865427 0.610263 
 -0.421114 -0.554629 0.732693 1.035005 -0.130553 -0.436999 -0.715774 0.056264 -0.595808 -0.625706 0.781609 0.373349 
 -0.462299 -0.576013 0.571499 0.898008 -0.187232 -0.474006 -0.611017 -0.097885 -0.612225 -0.630245 0.781609 0.491806 
 -0.442979 -0.574249 0.571499 0.692513 -0.159494 -0.512048 -0.506260 -0.252034 -0.627702 -0.639729 1.033065 0.491806 
 -0.444181 -0.538567 0.329707 0.761011 -0.124484 -0.372032 -0.401504 -0.252034 -0.619073 -0.646559 1.033065 0.610263 
 -0.429073 -0.526445 0.652096 0.761011 -0.179185 -0.383446 -0.401504 -0.174959 -0.636252 -0.666313 1.033065 0.610263 
 -0.335021 -0.494499 0.893887 0.624015 -0.031313 -0.382249 -0.191991 -0.020810 -0.621561 -0.659311 1.200703 0.610263 
 -0.345955 -0.525802 0.490901 0.624015 0.108875 -0.362562 -0.401504 0.056264 -0.600893 -0.664027 1.033065 0.847177 
 -0.376405 -0.527616 0.329707 0.350021 0.027980 -0.336841 -0.401504 0.133338 -0.607671 -0.665198 1.116884 0.728720 
 -0.360044 -0.489064 0.652096 0.555516 0.051771 -0.240659 -0.296747 0.210413 -0.601208 -0.660668 1.200703 0.847177 
 -0.305510 -0.461317 0.732693 0.761011 0.119493 -0.203766 -0.191991 0.287487 -0.561452 -0.653671 0.865427 0.610263 
 -0.297358 -0.457486 0.813290 0.829510 0.069947 -0.190247 -0.296747 0.441636 -0.543195 -0.638657 0.781609 0.965635 
 -0.250031 -0.457003 0.813290 0.761011 0.039818 -0.271013 -0.401504 0.441636 -0.557523 -0.648704 0.865427 0.610263 
 -0.275708 -0.498739 0.490901 0.761011 0.136353 -0.238304 -0.296747 0.518711 -0.546572 -0.633486 0.781609 0.728720 
 -0.378258 -0.536741 0.813290 0.692513 0.009083 -0.227650 -0.401504 0.518711 -0.560904 -0.633363 0.530152 0.610263 
 -0.383168 -0.554442 0.652096 0.761011 -0.168175 -0.325602 -0.296747 0.287487 -0.583041 -0.642729 0.613971 0.491806 
 -0.435778 -0.615548 0.732693 0.829510 -0.216069 -0.402400 -0.506260 0.056264 -0.596606 -0.634935 0.446333 0.728720 
 -0.411801 -0.597721 0.813290 0.829510 -0.207296 -0.377440 -0.506260 0.210413 -0.572364 -0.614702 0.781609 0.728720 
 -0.354322 -0.564820 0.652096 0.898008 -0.267625 -0.394880 -0.506260 0.364562 -0.588299 -0.624175 0.865427 0.491806 
 -0.323204 -0.538629 0.652096 0.898008 -0.211822 -0.321378 -0.296747 0.364562 -0.569059 -0.616097 0.781609 0.254892 
 -0.394716 -0.548114 0.571499 0.898008 -0.229460 -0.407155 -0.401504 0.133338 -0.577728 -0.609549 0.530152 0.610263 
 -0.418800 -0.546849 0.490901 0.624015 -0.340378 -0.445770 -0.506260 0.056264 -0.582207 -0.613977 0.530152 0.491806 
 -0.450943 -0.568851 0.249110 0.487018 -0.289677 -0.452455 -0.506260 0.056264 -0.585207 -0.615507 0.530152 0.491806 
 -0.430804 -0.547477 0.249110 0.418519 -0.306489 -0.457083 -0.506260 0.056264 -0.597531 -0.630865 0.697790 0.491806 
 -0.367772 -0.477968 0.329707 0.487018 -0.247111 -0.390966 -0.506260 0.287487 -0.582447 -0.630171 0.781609 0.373349 
 -0.311640 -0.494841 0.249110 0.624015 -0.066005 -0.309500 -0.401504 0.210413 -0.571351 -0.625318 0.446333 0.610263 
 -0.402882 -0.551781 0.249110 0.418519 -0.049483 -0.334615 -0.611017 0.056264 -0.572322 -0.621317 0.446333 0.728720 
 -0.440258 -0.589881 0.087916 0.487018 -0.081603 -0.414837 -0.506260 -0.174959 -0.570201 -0.624981 0.613971 0.728720 
 -0.437021 -0.566370 0.087916 0.418519 -0.087740 -0.421455 -0.506260 -0.020810 -0.558431 -0.614750 0.446333 0.491806 
 -0.429421 -0.560197 0.410304 0.761011 -0.080185 -0.370357 -0.401504 0.133338 -0.568648 -0.619721 0.781609 0.728720 
 -0.384247 -0.538724 0.893887 0.966507 -0.170125 -0.419626 -0.296747 -0.252034 -0.555810 -0.609118 0.278695 1.202549 
 -0.376275 -0.488536 0.813290 1.103504 -0.104724 -0.318358 0.017523 -0.097885 -0.548940 -0.602534 0.194877 1.084092 
 -0.420716 -0.545021 0.893887 1.035005 -0.078998 -0.326483 0.017523 -0.020810 -0.551779 -0.610238 0.194877 1.202549 
 -0.516215 -0.563347 0.732693 1.035005 -0.323858 -0.477066 -0.087234 -0.020810 -0.569682 -0.631186 0.446333 0.965635 
 -0.498423 -0.554165 0.893887 0.966507 -0.360723 -0.427946 0.122279 0.133338 -0.583181 -0.631637 0.362514 1.202549 
 -0.479860 -0.519405 0.652096 0.966507 -0.375664 -0.463681 0.122279 0.133338 -0.611909 -0.647365 0.446333 1.202549 
 -0.432321 -0.499213 0.571499 0.966507 -0.438671 -0.451810 0.227036 0.056264 -0.619847 -0.651516 0.697790 1.084092 
 -0.398397 -0.449237 0.893887 0.966507 -0.445820 -0.498704 0.227036 0.056264 -0.620729 -0.657481 0.865427 0.847177 
 -0.431001 -0.500720 0.813290 0.692513 -0.425284 -0.491931 0.227036 0.133338 -0.608185 -0.658681 1.284522 0.728720 
 -0.431973 -0.486291 0.813290 0.829510 -0.391289 -0.497695 -0.087234 0.056264 -0.610751 -0.654006 0.865427 0.610263 
 -0.360216 -0.476393 0.813290 0.829510 -0.413699 -0.532980 -0.191991 -0.097885 -0.618976 -0.661584 1.116884 0.491806 
 -0.360003 -0.480341 0.813290 0.761011 -0.365096 -0.539296 -0.296747 -0.329108 -0.634357 -0.668390 1.200703 0.847177 
 -0.378869 -0.500795 0.652096 0.761011 -0.386339 -0.571836 -0.401504 -0.252034 -0.621267 -0.649731 1.033065 0.610263 
 -0.364863 -0.500629 0.652096 0.966507 -0.207167 -0.424462 -0.506260 -0.174959 -0.600681 -0.642749 0.949246 0.728720 
 -0.387500 -0.533341 0.571499 0.829510 -0.177286 -0.469694 -0.611017 -0.174959 -0.604530 -0.626564 0.613971 0.373349 
 -0.395485 -0.554723 0.813290 0.555516 -0.152441 -0.426062 -0.401504 -0.097885 -0.581617 -0.608960 0.446333 0.254892 
 -0.389539 -0.518448 0.571499 0.624015 -0.123482 -0.429466 -0.506260 -0.020810 -0.591896 -0.592566 0.530152 0.728720 
 -0.443603 -0.578621 0.168513 0.350021 -0.132631 -0.409355 -0.506260 0.133338 -0.593426 -0.594560 0.613971 0.610263 
 -0.512524 -0.616544 0.087916 0.350021 -0.128914 -0.405756 -0.296747 0.210413 -0.569613 -0.568312 0.278695 0.728720 
 -0.495747 -0.577378 0.249110 0.487018 -0.108694 -0.320013 0.017523 0.518711 -0.563675 -0.573453 0.530152 0.728720 
 -0.486102 -0.548375 0.410304 0.418519 0.038097 -0.245508 0.017523 0.133338 -0.551268 -0.576952 0.613971 0.491806 
 -0.541043 -0.565668 0.652096 0.555516 -0.098611 -0.339545 0.122279 0.364562 -0.554527 -0.568852 0.446333 0.373349 
 -0.486232 -0.450370 0.813290 0.761011 0.009719 -0.219061 0.122279 0.595785 -0.525590 -0.551024 0.446333 0.491806 
 -0.494857 -0.459986 0.490901 0.829510 -0.029311 -0.236778 0.017523 0.441636 -0.530726 -0.554953 0.530152 0.610263 
 -0.500446 -0.471004 0.571499 0.898008 -0.000771 -0.244129 0.017523 0.364562 -0.522216 -0.572134 0.530152 0.610263 
 -0.451421 -0.477612 0.571499 1.103504 0.006762 -0.163854 -0.087234 0.364562 -0.510846 -0.567157 0.446333 0.610263 
 -0.460293 -0.485623 0.410304 0.898008 0.158685 -0.026561 -0.087234 0.441636 -0.517680 -0.565096 0.697790 0.728720 
 -0.425268 -0.475906 0.490901 0.966507 0.144283 -0.107348 0.227036 0.364562 -0.516639 -0.555775 0.530152 0.728720 
 -0.429203 -0.473826 0.490901 1.103504 0.113494 -0.077377 -0.191991 0.364562 -0.532958 -0.567606 0.530152 0.847177 
 -0.381025 -0.463032 0.813290 0.966507 0.103729 -0.066561 -0.191991 0.441636 -0.551041 -0.574138 0.446333 0.965635 
 -0.442368 -0.559379 0.571499 0.966507 -0.035417 -0.162744 -0.296747 0.210413 -0.583646 -0.597967 0.613971 1.202549 
 -0.408326 -0.536913 0.893887 1.035005 0.035312 -0.123807 -0.087234 0.287487 -0.586195 -0.602148 0.697790 1.084092 
 -0.413220 -0.555930 0.732693 0.898008 0.093111 -0.061530 -0.087234 0.441636 -0.590662 -0.609094 0.530152 0.847177 
 -0.433244 -0.560857 0.652096 0.829510 0.071462 -0.115547 0.017523 0.518711 -0.570233 -0.595278 0.530152 0.847177 
 -0.399371 -0.558125 0.652096 0.761011 -0.091362 -0.293599 -0.087234 0.364562 -0.592992 -0.619831 0.111058 0.254892 
 -0.398108 -0.545133 0.813290 0.624015 -0.068437 -0.161594 0.017523 0.827008 -0.571306 -0.605723 0.362514 0.254892 
 -0.348296 -0.509505 0.974484 0.555516 -0.195599 -0.263715 -0.191991 0.749934 -0.582915 -0.620214 0.613971 0.254892 
 -0.388797 -0.532240 0.490901 0.555516 -0.140517 -0.271047 -0.296747 0.827008 -0.541594 -0.609666 0.865427 0.491806 
 -0.421928 -0.556665 0.732693 0.487018 -0.044407 -0.284855 -0.087234 0.749934 -0.513232 -0.597285 0.446333 0.254892 
 -0.443934 -0.580804 0.652096 0.487018 0.097225 -0.081345 -0.087234 0.518711 -0.521033 -0.594136 0.697790 0.610263 
 -0.412615 -0.535002 1.055081 0.624015 0.004757 -0.088340 0.227036 0.518711 -0.532401 -0.580397 0.865427 0.610263 
 -0.408447 -0.516821 1.055081 0.692513 -0.076764 -0.171555 -0.087234 0.287487 -0.552177 -0.600109 0.949246 0.491806 
 -0.394114 -0.549304 1.377470 0.624015 -0.055446 -0.139620 0.122279 0.210413 -0.546786 -0.591949 1.284522 0.847177 
 -0.433029 -0.570750 1.055081 0.624015 -0.068641 -0.258301 0.331792 -0.174959 -0.556152 -0.578651 1.033065 1.321006 
 -0.430766 -0.596336 0.974484 0.487018 -0.067274 -0.249154 -0.087234 -0.097885 -0.559626 -0.572594 1.116884 1.084092 
 -0.416755 -0.578207 1.055081 0.555516 0.008776 -0.197175 0.331792 -0.097885 -0.571103 -0.598154 1.033065 0.847177 
 -0.322540 -0.496120 0.974484 0.555516 -0.057458 -0.242656 0.017523 0.133338 -0.596717 -0.611927 1.200703 1.202549 
 -0.345764 -0.511652 0.652096 0.487018 -0.183643 -0.348114 0.017523 0.287487 -0.569959 -0.595809 1.284522 1.084092 
 -0.369608 -0.537399 0.410304 0.213024 -0.141177 -0.421435 -0.087234 0.056264 -0.557496 -0.605147 1.200703 1.321006 
 -0.334450 -0.442364 0.329707 0.350021 -0.100289 -0.420991 -0.191991 0.133338 -0.549875 -0.613282 1.116884 1.202549 
 -0.384466 -0.455613 -0.073278 0.487018 -0.158641 -0.420816 -0.401504 0.287487 -0.551506 -0.612428 0.781609 1.202549 
 -0.388450 -0.431095 0.168513 0.624015 -0.210913 -0.404505 -0.506260 0.364562 -0.565861 -0.650040 0.446333 0.728720 
 -0.448911 -0.450887 -0.153875 0.418519 -0.191686 -0.395762 -0.401504 0.287487 -0.542402 -0.636358 0.613971 1.084092 
 -0.410639 -0.394749 0.087916 0.555516 -0.341083 -0.493545 -0.401504 0.287487 -0.573250 -0.637238 0.530152 0.965635 
 -0.484573 -0.413524 0.249110 0.761011 -0.341797 -0.448158 -0.506260 0.364562 -0.566587 -0.631287 0.362514 0.965635 
 -0.453133 -0.383090 0.168513 0.692513 -0.382386 -0.520046 -0.715774 0.210413 -0.592412 -0.642004 0.530152 0.847177 
 -0.462481 -0.398793 0.329707 0.487018 -0.447277 -0.542497 -0.715774 0.133338 -0.590585 -0.629890 0.949246 1.084092 
 -0.490054 -0.483442 0.490901 0.692513 -0.481601 -0.537513 -0.611017 0.133338 -0.601341 -0.637867 0.949246 0.847177 
 -0.450632 -0.502328 0.087916 0.350021 -0.475892 -0.554981 -0.611017 0.056264 -0.596190 -0.644436 0.865427 0.847177 
 -0.392488 -0.481032 0.490901 0.692513 -0.327739 -0.464616 -0.087234 0.133338 -0.598784 -0.638114 1.200703 1.084092 
 -0.411078 -0.504913 0.571499 0.761011 -0.354488 -0.464878 -0.296747 0.210413 -0.605012 -0.650609 0.949246 0.847177 
 -0.427111 -0.513254 0.652096 0.692513 -0.364504 -0.452637 -0.296747 0.287487 -0.599304 -0.650372 0.446333 0.965635 
 -0.379288 -0.452493 0.813290 0.829510 -0.350720 -0.479985 -0.401504 0.210413 -0.585410 -0.647524 0.530152 0.610263 
 -0.448136 -0.529949 0.490901 0.624015 -0.422510 -0.532879 -0.401504 0.210413 -0.557508 -0.640485 0.697790 0.847177 
 -0.479335 -0.599092 0.490901 0.555516 -0.409793 -0.573148 -0.296747 -0.097885 -0.549304 -0.629123 0.697790 0.847177 
 -0.530281 -0.650571 0.732693 0.350021 -0.558103 -0.634422 -0.506260 -0.174959 -0.574525 -0.664142 0.865427 0.847177 
 -0.479185 -0.571783 0.571499 0.555516 -0.535005 -0.602016 -0.401504 -0.020810 -0.600802 -0.661322 0.613971 1.202549 
 -0.503831 -0.580812 0.490901 0.487018 -0.604322 -0.644592 -0.611017 -0.097885 -0.604356 -0.660013 0.781609 0.965635 
 -0.494162 -0.500757 0.410304 0.555516 -0.524635 -0.615179 -0.506260 -0.020810 -0.604661 -0.668551 0.949246 1.202549 
 -0.469753 -0.516549 0.087916 0.418519 -0.418902 -0.569771 -0.506260 -0.020810 -0.590836 -0.669494 1.368341 1.202549 
 -0.468945 -0.447539 0.410304 0.281522 -0.356174 -0.496256 -0.506260 -0.097885 -0.602550 -0.656073 1.200703 0.965635 
 -0.324708 -0.299800 0.490901 0.555516 -0.304534 -0.408696 -0.191991 0.210413 -0.609276 -0.646580 1.200703 0.728720 
 -0.368997 -0.313013 0.087916 0.350021 -0.330906 -0.411857 -0.296747 0.133338 -0.623418 -0.665315 1.284522 0.610263 
 -0.355005 -0.308216 0.087916 0.487018 -0.253537 -0.406147 -0.296747 0.056264 -0.600136 -0.635408 1.284522 0.373349 
 -0.409813 -0.369512 -0.153875 0.418519 -0.198174 -0.359764 -0.191991 0.210413 -0.606046 -0.636730 1.452159 0.491806 
 -0.395101 -0.384674 0.168513 0.281522 -0.216231 -0.347939 -0.087234 0.133338 -0.581898 -0.615148 1.200703 0.610263 
 -0.373483 -0.326376 0.007319 0.418519 -0.265774 -0.357208 -0.401504 0.056264 -0.573210 -0.601590 1.284522 0.254892 
 -0.382970 -0.347573 0.329707 0.418519 -0.318209 -0.383742 -0.401504 -0.097885 -0.589695 -0.609232 1.452159 0.254892 
 -0.444205 -0.455872 0.168513 0.555516 -0.337319 -0.480752 -0.506260 -0.174959 -0.588413 -0.618250 1.116884 0.491806 
 -0.563602 -0.619134 -0.153875 0.350021 -0.330269 -0.526879 -0.611017 -0.329108 -0.576287 -0.607361 1.619797 0.254892 
 -0.442096 -0.476791 0.007319 0.418519 -0.165291 -0.392385 -0.506260 -0.252034 -0.543935 -0.594122 1.284522 0.491806 
 -0.432978 -0.456709 0.410304 0.487018 -0.118272 -0.388235 -0.820530 -0.252034 -0.514296 -0.607013 1.116884 0.254892 
 -0.416902 -0.417384 0.571499 0.624015 -0.197193 -0.440402 -0.611017 -0.483257 -0.483261 -0.600649 1.284522 0.254892 
 -0.366272 -0.377211 0.571499 0.761011 0.007194 -0.337393 -0.401504 -0.483257 -0.474582 -0.596975 1.116884 0.017977 
 -0.441673 -0.482245 0.087916 0.761011 0.091733 -0.376908 -0.611017 -0.637406 -0.458670 -0.583283 0.613971 0.017977 
 -0.416602 -0.432873 0.329707 1.035005 0.077128 -0.366631 -0.191991 -0.560332 -0.475205 -0.591555 0.697790 0.373349 
 -0.377749 -0.417778 0.652096 1.172002 0.075639 -0.361082 -0.296747 -0.406183 -0.460620 -0.586870 0.362514 -0.100480 
 -0.311427 -0.384476 0.813290 1.103504 0.093405 -0.315338 -0.296747 -0.329108 -0.463444 -0.612413 0.446333 0.017977 
 -0.389197 -0.476038 1.055081 1.240500 -0.052859 -0.401089 -0.401504 -0.329108 -0.494920 -0.621216 0.362514 0.017977 
 -0.397130 -0.488140 0.732693 1.035005 -0.131320 -0.394174 -0.506260 -0.406183 -0.530923 -0.629242 0.613971 0.136434 
 -0.401348 -0.491300 0.813290 0.829510 -0.071049 -0.340137 -0.506260 -0.097885 -0.544083 -0.614120 0.530152 0.254892 
 -0.442300 -0.547451 0.813290 0.555516 -0.209835 -0.436434 -0.401504 -0.097885 -0.554129 -0.622357 0.781609 0.491806 
 -0.387506 -0.408248 1.135678 0.624015 -0.257862 -0.432573 -0.506260 -0.020810 -0.580757 -0.641218 1.033065 0.610263 
 -0.438142 -0.459324 0.732693 0.555516 -0.256109 -0.434342 -0.401504 -0.020810 -0.578635 -0.638652 0.865427 0.491806 
 -0.460335 -0.476729 0.571499 0.350021 -0.286296 -0.440530 -0.401504 -0.174959 -0.593509 -0.653557 0.530152 0.491806 
 -0.479180 -0.508981 0.652096 0.281522 -0.236787 -0.410397 -0.401504 -0.174959 -0.580168 -0.614823 0.530152 0.847177 
 -0.494225 -0.494488 0.813290 0.555516 -0.277374 -0.378859 -0.506260 0.056264 -0.581182 -0.615561 0.278695 0.610263 
 -0.472837 -0.483552 0.571499 0.692513 -0.295643 -0.392042 -0.506260 -0.020810 -0.569075 -0.593608 0.446333 0.728720 
 -0.451658 -0.484220 0.571499 0.692513 -0.292539 -0.386224 -0.506260 -0.020810 -0.554353 -0.592967 0.530152 0.610263 
 -0.448466 -0.471051 0.490901 0.829510 -0.325026 -0.399225 -0.506260 -0.097885 -0.567303 -0.603441 0.446333 0.373349 
 -0.460483 -0.555193 0.249110 0.829510 -0.345808 -0.447397 -0.611017 -0.174959 -0.569097 -0.613263 0.446333 0.491806 
 -0.465117 -0.561884 0.329707 0.829510 -0.367509 -0.441889 -0.611017 -0.020810 -0.554186 -0.599387 0.697790 0.610263 
 -0.401204 -0.485146 0.490901 0.829510 -0.277221 -0.383009 -0.506260 0.056264 -0.556938 -0.596037 0.697790 0.610263 
 -0.461061 -0.534732 0.249110 0.829510 -0.305159 -0.404068 -0.506260 0.210413 -0.545691 -0.599868 1.033065 0.610263 
 -0.446744 -0.519095 0.329707 0.624015 -0.281750 -0.430327 -0.506260 0.210413 -0.547686 -0.590250 0.865427 0.610263 
 -0.490824 -0.545462 0.007319 0.487018 -0.221228 -0.404963 -0.296747 0.210413 -0.545212 -0.594205 1.284522 0.491806 
 -0.433296 -0.503717 -0.073278 0.555516 -0.099185 -0.382639 -0.296747 0.518711 -0.531005 -0.600808 1.116884 0.373349 
 -0.443957 -0.507839 -0.073278 0.418519 -0.075513 -0.354934 -0.191991 0.595785 -0.527174 -0.595580 0.865427 0.610263 
 -0.516892 -0.563855 0.087916 0.350021 -0.119395 -0.344583 -0.191991 0.518711 -0.530967 -0.587379 1.033065 0.373349 
 -0.481752 -0.553280 0.490901 0.350021 -0.072874 -0.296445 0.122279 0.672860 -0.519287 -0.580476 1.033065 0.254892 
 -0.509464 -0.581971 0.571499 0.487018 -0.117615 -0.276461 0.017523 0.749934 -0.499953 -0.572940 0.781609 0.254892 
 -0.521896 -0.586071 0.329707 0.487018 -0.233474 -0.356239 -0.087234 0.441636 -0.529338 -0.586743 0.278695 0.491806 
 -0.542723 -0.618431 0.410304 0.487018 -0.203508 -0.354921 -0.087234 0.210413 -0.516687 -0.591114 0.446333 0.965635 
 -0.412358 -0.479132 0.249110 0.350021 -0.065442 -0.068001 -0.191991 0.133338 -0.511435 -0.590088 0.362514 0.728720 
 -0.480145 -0.531056 0.571499 0.555516 -0.201825 -0.103507 -0.401504 -0.020810 -0.554875 -0.608503 0.865427 1.084092 
 -0.486568 -0.536438 0.571499 0.624015 -0.161933 -0.028122 0.017523 0.210413 -0.544560 -0.596576 0.865427 0.965635 
 -0.493238 -0.554140 0.329707 0.692513 -0.148970 -0.051589 -0.191991 0.210413 -0.532200 -0.589156 0.362514 0.847177 
 -0.450088 -0.536010 0.168513 0.692513 -0.176268 -0.131569 -0.401504 -0.097885 -0.535524 -0.601721 1.033065 1.202549 
 -0.433310 -0.517864 0.007319 0.761011 -0.155418 -0.138254 -0.296747 0.056264 -0.557980 -0.606540 1.116884 0.965635 
 -0.402710 -0.495208 0.168513 0.829510 -0.148928 -0.114982 -0.296747 0.133338 -0.568637 -0.625273 1.200703 0.847177 
 -0.387510 -0.480930 0.168513 1.035005 -0.012839 -0.059788 -0.191991 0.364562 -0.538630 -0.606122 0.949246 0.610263 
 -0.454640 -0.605888 0.490901 0.898008 -0.220148 -0.380345 -0.191991 0.441636 -0.576850 -0.631948 0.949246 0.610263 
 -0.447282 -0.621512 0.329707 0.624015 -0.234269 -0.427690 -0.087234 0.210413 -0.556405 -0.624156 0.865427 0.373349 
 -0.433680 -0.621752 0.329707 0.624015 -0.176902 -0.419713 -0.296747 0.133338 -0.562395 -0.636455 1.116884 0.491806 
 -0.407447 -0.588396 0.249110 0.761011 -0.155175 -0.393898 -0.191991 0.210413 -0.548959 -0.632291 0.865427 0.254892 
 -0.432169 -0.618206 0.329707 0.761011 -0.198610 -0.406685 -0.191991 0.056264 -0.567150 -0.639412 0.446333 0.373349 
 -0.428392 -0.619243 0.410304 0.555516 -0.257441 -0.435600 -0.191991 -0.097885 -0.566740 -0.641482 0.530152 0.491806 
 -0.424530 -0.634872 0.571499 0.487018 -0.187603 -0.367875 -0.191991 -0.020810 -0.562429 -0.635164 0.781609 0.965635 
 -0.441927 -0.643230 0.571499 0.350021 -0.249680 -0.450343 -0.506260 -0.097885 -0.595613 -0.634891 0.865427 0.965635 
 -0.419526 -0.624655 0.490901 0.418519 -0.256631 -0.471524 -0.506260 -0.174959 -0.569026 -0.629066 0.697790 0.965635 
 -0.391452 -0.579898 0.490901 0.692513 -0.229570 -0.499262 -0.506260 -0.252034 -0.553494 -0.625483 0.613971 0.965635 
 -0.397933 -0.575236 0.249110 0.418519 -0.222329 -0.530639 -0.715774 -0.020810 -0.561802 -0.640755 0.278695 1.084092 
 -0.362535 -0.534752 0.571499 0.418519 -0.201692 -0.518048 -0.820530 0.056264 -0.580793 -0.649984 0.697790 1.084092 
 -0.369457 -0.535045 0.490901 0.350021 -0.091558 -0.501872 -0.820530 0.133338 -0.569990 -0.635824 0.781609 1.202549 
 -0.402917 -0.555318 0.329707 0.281522 -0.082027 -0.533800 -0.820530 0.364562 -0.576412 -0.650339 0.949246 0.847177 
 -0.399451 -0.548643 0.490901 0.350021 -0.081800 -0.529657 -0.820530 0.364562 -0.565843 -0.654288 0.781609 0.728720 
 -0.416789 -0.554357 0.490901 0.418519 -0.208175 -0.514820 -0.715774 0.056264 -0.568751 -0.664972 1.116884 0.491806 
 -0.423621 -0.548576 0.652096 0.555516 -0.201681 -0.495939 -0.506260 0.133338 -0.584993 -0.659309 0.781609 0.017977 
 -0.405086 -0.550079 0.652096 0.761011 -0.075447 -0.368669 -0.506260 0.210413 -0.589382 -0.649326 0.865427 0.254892 
 -0.428583 -0.558501 0.571499 0.624015 -0.163076 -0.397322 -0.506260 0.364562 -0.592382 -0.638585 0.781609 0.728720 
 -0.503581 -0.630442 0.249110 0.418519 -0.231818 -0.430529 -0.506260 0.133338 -0.596249 -0.641263 0.781609 0.491806 
 -0.543055 -0.637598 0.329707 0.487018 -0.271610 -0.391780 -0.611017 -0.020810 -0.589983 -0.632838 0.278695 0.254892 
 -0.474301 -0.539191 0.652096 0.555516 -0.244075 -0.367875 -0.506260 0.133338 -0.578642 -0.626606 0.027239 0.610263 
 -0.479207 -0.546772 0.168513 0.418519 -0.268270 -0.396239 -0.506260 0.133338 -0.587249 -0.610823 -0.056580 0.728720 
 -0.472261 -0.546073 0.007319 0.350021 -0.254107 -0.444236 -0.611017 0.056264 -0.584557 -0.617115 -0.056580 0.373349 
 -0.534341 -0.581257 -0.234472 0.281522 -0.180333 -0.420863 -0.611017 0.056264 -0.573185 -0.591829 -0.224218 0.610263 
 -0.596901 -0.621516 -0.234472 0.076027 -0.335915 -0.561714 -0.715774 -0.020810 -0.595209 -0.606266 -0.140399 1.084092 
 -0.558770 -0.590321 -0.153875 0.418519 -0.354129 -0.593131 -0.925287 -0.020810 -0.595508 -0.624372 0.111058 0.728720 
 -0.459926 -0.528317 0.249110 0.761011 -0.228491 -0.399434 -0.820530 0.133338 -0.575466 -0.618160 0.446333 0.610263 
 -0.440421 -0.536600 0.168513 0.624015 -0.218651 -0.463661 -0.715774 0.133338 -0.583886 -0.624754 1.033065 0.965635 
 -0.515719 -0.649501 0.168513 0.624015 -0.244400 -0.467455 -0.925287 -0.020810 -0.593530 -0.633487 1.284522 0.965635 
 -0.520676 -0.623608 0.410304 0.761011 -0.235151 -0.424381 -0.820530 0.056264 -0.600915 -0.639067 1.284522 0.491806 
 