0.052949	0.120699	0.298314
0.047456	0.085908	0.296788
-0.050813	0.021820	0.066987
-0.016022	-0.072786	-0.281834
-0.088350	-0.102998	-0.566567
-0.136873	-0.097200	-0.726482
0.009003	-0.016632	-0.514076
0.107271	0.041962	-0.180819
0.146639	0.030365	0.003204
0.143587	-0.016938	0.022431
0.169833	-0.034333	0.185092
0.197910	-0.043488	0.303807
0.055390	-0.036469	0.320897
-0.116732	-0.040436	0.422522
-0.193637	-0.052033	0.424659
-0.193637	0.034028	0.386206
-0.066987	0.046845	0.280003
0.051423	-0.008087	-0.061189
-0.037690	-0.009613	-0.320897
0.035859	0.001678	-0.225681
0.040436	0.048066	-0.178073
0.039826	0.066987	-0.076753
0.138094	-0.030060	-0.228122
0.239719	-0.059358	-0.346532
0.258946	0.003510	-0.107271
0.057221	-0.031281	0.016938
-0.139620	-0.037690	0.083162
-0.237278	0.017853	0.119478
-0.176547	0.039216	0.135042
-0.126192	0.004730	-0.016022
-0.043488	0.008087	0.038605
0.105745	0.009918	-0.117342
0.347448	0.034943	-0.031586
0.234836	-0.016938	-0.047150
0.207370	0.012055	0.041962
0.116426	-0.009613	-0.062104
0.085908	0.035554	0.248264
0.025788	0.011749	0.302892
0.004425	-0.005951	0.164034
0.064851	0.028840	0.081941
0.048676	0.060578	0.152132
0.070039	0.065461	0.053559
0.112764	0.037079	-0.086213
0.092927	-0.012055	-0.247044
0.003815	-0.020600	-0.097505
-0.083162	-0.025177	0.084077
-0.136873	-0.012970	0.179599
-0.081331	-0.012970	0.271763
0.005646	-0.001373	0.500649
-0.028229	-0.008698	0.570840
-0.033112	0.003204	0.421302
0.036774	-0.008392	0.272679
0.074617	-0.001678	0.141756
-0.062715	0.014191	-0.245518
-0.113375	-0.001068	-0.655985
-0.136568	0.016938	-0.372168
-0.129549	0.032807	-0.119783
-0.110323	0.014496	-0.202487
-0.291905	-0.066987	-0.351415
-0.307774	-0.068513	-0.067597
-0.133516	-0.075837	0.106661
0.024872	-0.099947	-0.124056
0.149996	-0.102083	-0.034943
0.243381	0.004730	0.283055
0.356603	0.049897	0.467689
0.424048	0.069734	0.275731
0.299840	0.004730	-0.251316
0.186313	-0.024262	-0.261387
0.100862	0.045319	0.268406
0.051728	0.012665	0.257725
0.005646	-0.032807	0.083772
-0.081331	-0.016327	0.129549
-0.122530	-0.043488	0.105440
-0.085298	-0.042267	-0.437781
-0.004730	-0.001068	-0.940719
0.058137	0.017853	-0.522927
0.055695	-0.007477	-0.189975
-0.087129	-0.015412	-0.072786
-0.215305	-0.002594	0.015412
-0.314794	0.001068	0.063630
-0.406043	-0.043488	0.077974
-0.344396	-0.042573	0.100862
-0.067903	0.008392	0.178073
0.323949	0.029145	0.306249
0.270848	-0.008087	0.089876
0.222629	0.021820	0.134127
0.282750	-0.048676	-0.049287
0.126802	-0.005951	-0.062104
0.092317	0.030671	0.031586
0.048371	0.028840	0.185092
0.147555	0.031586	0.049592
0.200961	0.003815	0.038911
0.155489	0.019074	0.140841
0.088045	0.004730	0.221408
-0.013581	-0.007782	0.136263
-0.031891	0.017853	0.062715
-0.072175	0.037385	-0.128328
-0.274815	0.030671	-0.179599
-0.313878	0.069734	0.040131
-0.243992	0.024567	0.105135
-0.112459	-0.022126	0.181430
0.077668	-0.015717	0.254673
0.332189	0.005951	0.389258
0.529641	0.034943	0.464027
0.491188	-0.000153	0.169833
0.256504	-0.034028	-0.217441
0.085908	-0.028229	-0.427405
0.023651	0.005035	-0.223850
0.019074	-0.003815	-0.159762
-0.053254	-0.026703	0.264439
-0.085603	-0.038911	0.384070
-0.052338	-0.046235	0.449989
-0.097810	-0.083162	0.521706
-0.115511	-0.068818	0.291905
-0.026703	0.027314	-0.248264
-0.017853	0.013275	-0.961776
-0.078889	-0.012970	-0.974289
-0.095369	-0.010224	-0.595560
-0.081331	0.037995	-0.131685
-0.110628	0.016632	0.003510
-0.177462	-0.005341	-0.077974
-0.168612	0.007477	-0.109407
-0.180819	0.034333	0.080720
-0.234836	-0.019074	0.146334
-0.202792	-0.046845	0.057527
-0.056001	-0.044404	0.117952
0.070649	-0.051728	0.128023
-0.071870	-0.004120	0.115206
-0.011749	0.073701	0.297704
-0.057221	0.035248	0.211337
-0.013275	0.070954	0.319066
0.067292	0.021820	0.368505
0.177462	-0.064546	0.197910
0.203403	-0.094759	0.275120
0.252842	-0.045930	0.330358
0.320897	-0.030976	0.116426
0.311742	-0.013581	0.004425
0.288853	-0.027924	-0.298009
0.101778	-0.089876	-0.561990
-0.134432	-0.049592	-0.203098
-0.164034	-0.011749	-0.192111
-0.116732	0.007477	-0.090181
-0.106355	0.004730	-0.036774
-0.152438	0.005951	0.042267
-0.051728	0.034028	-0.003510
0.212863	0.070954	-0.124971
0.530251	0.144503	-0.085603
0.411231	0.074617	-0.055085
0.147555	0.012360	0.043793
0.012055	-0.022431	0.162509
-0.027314	-0.012055	0.374609
-0.050202	-0.004730	0.550393
-0.042878	0.034028	0.526284
-0.028840	0.038300	-0.034638
-0.015412	-0.026093	-0.424048
-0.168002	-0.070649	-0.692912
-0.240024	-0.081331	-0.617227
-0.247959	-0.069734	-0.362402
-0.203403	-0.080110	-0.212558
-0.145113	-0.042267	-0.071565
0.040436	0.038300	0.019684
0.370031	0.083162	0.016022
0.215915	0.118868	0.136873
0.018769	0.096895	0.128023
-0.045014	0.073396	0.305333
0.021210	0.083772	0.294347
0.056001	0.020905	0.171359
0.167086	-0.008392	0.042878
0.343481	0.003815	0.058137
0.247349	-0.009918	0.097200
0.154269	-0.027924	-0.028840
0.096590	-0.018769	0.046845
0.049897	-0.006561	0.057832
0.025177	-0.006561	0.046845
-0.006867	-0.009308	0.034943
-0.028840	-0.010224	0.079194
-0.015412	0.001373	0.067903
-0.119478	-0.024872	-0.039826
-0.257725	-0.027619	0.161593
-0.209201	-0.001678	0.173495
-0.175021	0.007477	0.176242
-0.177157	-0.025177	0.016632
-0.157321	-0.050813	-0.136873
-0.005646	-0.031586	-0.037385
0.181430	0.021820	0.152132
0.176547	0.005951	0.115206
0.032197	-0.043183	-0.119173
0.091402	-0.049592	-0.407263
0.206149	-0.012360	-0.248264
0.120089	0.005341	-0.081025
0.183566	0.032197	0.052033
0.249790	0.022126	0.091096
0.057527	0.010529	0.062409
-0.366674	-0.054475	0.153048
-0.581827	-0.092927	0.200351
-0.560159	-0.114595	0.154574
-0.517739	-0.096895	0.386206
-0.351110	-0.058137	0.425574
-0.009003	-0.025483	0.369421
0.437171	0.057527	0.583658
0.498207	0.048371	0.616007
0.379187	0.014191	0.166171
0.327001	0.001373	-0.541543
0.444495	0.027314	-0.763409
0.243992	0.031891	-0.870832
0.177157	0.060578	-0.590372
0.109407	0.077668	-0.328832
0.085908	0.060273	-0.078584
0.061494	0.013581	0.204013
0.038911	0.006256	0.343481
0.026093	0.016022	0.377661
0.027924	0.004730	0.292821
0.033417	0.016327	0.291600
0.000458	-0.024567	-0.074006
-0.004120	-0.005646	-0.171054
0.005646	0.009003	-0.044404
-0.005341	0.048676	-0.027314
0.018158	-0.012970	-0.375525
0.045014	-0.009308	-0.499123
0.032197	-0.003815	-0.334020
-0.054475	-0.045624	-0.358434
-0.272374	-0.052338	-0.290990
-0.322728	-0.037079	0.156710
-0.477150	-0.041352	0.368505
-0.427710	-0.001068	0.451820
-0.307469	-0.009003	0.367285
-0.087129	-0.014496	0.302892
0.315709	0.102998	0.483864
0.440223	0.122835	0.495766
0.519875	0.046235	0.387427
0.436561	0.009308	0.037079
0.295262	-0.018463	-0.592203
0.133211	-0.017548	-0.491188
0.008087	0.005646	-0.265354
-0.131380	-0.001373	-0.174716
-0.244907	0.005951	-0.039521
-0.309300	-0.010834	-0.062104
-0.331579	-0.037690	-0.080720
-0.336156	-0.051118	-0.012665
-0.285496	-0.038911	0.176242
-0.225376	-0.063630	0.120089
-0.185397	-0.029755	0.336156
0.050202	-0.031281	0.381323
0.081331	-0.027924	0.433509
0.374304	-0.024872	0.477150
0.587320	-0.001984	0.073701
0.622721	0.027314	-0.237583
0.394141	0.004425	-0.619364
0.219883	-0.025483	-0.845808
0.084993	-0.053864	-0.450904
0.014191	-0.006256	-0.047456
0.031586	0.023041	0.102083
-0.004425	0.050813	0.286412
-0.040742	0.047456	0.474708
0.009613	0.009308	0.471656
0.035248	0.016327	0.398413
0.056001	-0.004120	0.096895
-0.053254	-0.020905	-0.013275
-0.173800	-0.051118	-0.226596
-0.099031	-0.043488	-0.655375
0.010224	-0.030365	-0.674601
0.000458	-0.013581	-0.478370
0.010224	0.031586	-0.042573
0.053864	0.012055	-0.034028
0.126497	0.004120	0.016938
0.151217	0.040131	0.204013
0.087434	-0.009918	0.155489
0.005646	0.004425	0.249790
-0.071260	-0.040131	0.189670
-0.065156	0.005341	0.261387
-0.041962	0.022736	0.248875
0.009918	0.048066	0.048371
0.067903	0.066987	0.093843
0.086824	0.074006	0.107271
0.048066	0.035554	0.048981
0.010224	0.012360	0.150301
-0.097810	-0.013275	-0.045624
-0.270237	-0.007782	-0.050202
-0.344396	-0.064240	-0.170138
-0.417639	-0.085298	-0.209201
-0.494240	-0.058137	-0.116426
-0.479896	-0.045319	-0.052949
-0.193027	-0.020600	0.044099
0.100557	-0.019074	0.075532
0.138094	-0.027314	0.056306
0.374914	0.079805	0.274815
0.547646	0.050813	0.090486
0.447242	0.038300	-0.158846
0.433509	0.074922	0.052033
0.292821	0.030060	0.066682
0.109102	0.005646	-0.120394
0.004120	-0.064546	-0.164340
0.026398	-0.017548	0.036774
-0.053559	0.000763	0.225376
-0.095369	0.024872	0.404211
-0.099336	-0.002594	0.499123
0.023651	-0.035248	0.536049
-0.000763	-0.063630	0.370947
-0.083162	-0.087129	0.306859
0.071260	-0.027314	0.258640
0.106661	-0.016632	-0.200656
0.014801	-0.028534	-0.483864
0.078889	0.056001	-0.192721
0.100862	0.068513	-0.243381
-0.130159	0.041352	-0.520485
-0.325170	0.031586	-0.631876
-0.350805	0.000458	-0.449683
-0.298619	-0.021210	-0.233616
-0.149081	-0.015717	-0.036164
-0.008087	-0.037690	0.110323
0.235752	-0.033417	0.425269
0.372473	-0.026703	0.486000
0.296483	-0.014191	0.453956
0.179294	0.037690	0.465248
0.229038	0.088960	0.371862
0.213779	0.072175	-0.357214
0.144198	0.047761	-0.663005
0.020600	0.066987	-0.235752
-0.053864	-0.006561	-0.123140
-0.165866	-0.042573	-0.111849
-0.278172	-0.027008	0.058442
-0.317540	-0.046845	0.296178
-0.205844	-0.005341	0.314794
-0.081331	-0.012970	0.351110
0.053864	-0.079194	0.137179
0.104219	-0.105745	0.001068
0.113985	-0.053864	-0.203098
0.183261	0.041047	-0.178683
0.122835	0.017853	-0.213169
0.108492	0.044404	-0.211337
0.215000	0.062715	-0.215305
0.196384	0.018769	-0.074006
0.079194	-0.012360	-0.151827
-0.060578	0.020600	0.004730
-0.060273	-0.005341	0.072175
-0.037690	-0.001068	0.020600
-0.043793	-0.026703	0.025788
0.117952	-0.021515	0.080415
0.276951	0.016022	0.140841
0.096284	0.038911	0.222324
-0.077363	0.039521	0.158236
-0.233921	-0.013275	0.181430
-0.205844	-0.046845	0.174411
-0.154269	-0.058137	0.423743
-0.100252	-0.092012	0.303502
-0.039216	-0.057832	0.221714
0.170138	-0.013275	0.285191
0.233005	-0.021820	-0.202182
0.199130	-0.015106	-0.489357
0.175631	0.050813	-0.471962
0.153353	0.068818	-0.396582
0.114595	0.024262	-0.177462
0.052338	-0.001984	-0.092927
0.023041	0.038300	0.052644
0.003510	0.024567	0.143893
0.021820	0.026398	0.120699
0.046540	0.014191	0.061189
0.009918	-0.034333	0.034028
-0.104829	0.000763	0.114595
-0.316014	-0.019684	0.333104
-0.321202	-0.012970	0.471351
-0.280003	-0.024567	0.467079
-0.193942	-0.019684	0.457923
-0.001068	0.028534	0.413672
0.086824	-0.047150	-0.007782
0.392615	-0.010529	-0.235142
0.410010	-0.005646	-0.264744
0.166476	-0.016632	-0.424964
0.022736	-0.006256	-0.215305
0.023041	0.038605	0.174411
-0.030060	0.049592	0.352026
-0.077974	0.067597	0.297093
-0.078889	0.023041	-0.093233
-0.070039	0.023651	-0.417029
-0.093843	-0.010529	-0.552834
-0.157626	-0.054780	-0.372168
-0.187839	-0.033112	-0.175326
-0.092927	-0.028229	-0.094453
-0.000458	-0.036469	-0.049592
0.205844	0.017243	-0.029145
0.222629	0.010529	0.002899
0.151217	-0.023651	0.088960
0.200046	-0.001678	0.154879
0.099947	-0.028229	0.161288
0.049897	-0.017243	0.229953
0.037995	0.025177	0.424353
0.034943	0.053254	0.470741
-0.061799	0.015106	0.336156
-0.164340	0.001678	0.182345
-0.258030	-0.004120	0.093538
-0.252842	-0.008698	-0.101472
-0.115816	-0.052644	-0.256809
0.010224	-0.013275	-0.060273
0.215610	0.036774	0.052033
0.270237	0.001678	-0.055085
0.153964	-0.035554	0.051423
0.063020	-0.058442	0.313878
-0.031891	-0.062104	0.438697
-0.045319	-0.024567	0.382849
-0.082551	0.010529	0.408789
0.009918	0.004425	0.282444
-0.131380	-0.081025	-0.322118
-0.204929	-0.148775	-0.937972
-0.056916	-0.087129	-1.096666
0.164034	0.065156	-0.532387
0.208896	0.058747	-0.071870
0.224155	0.033112	0.129854
0.217441	0.006867	0.193637
0.192416	0.024872	0.253147
0.195163	0.052644	0.236667
0.226902	0.071870	0.373999
0.246128	0.049592	0.270237
0.126192	0.008087	0.019074
0.058442	0.013581	0.154269
-0.010224	0.026398	0.209812
-0.113375	0.027008	0.113375
-0.222324	-0.028840	-0.129244
-0.300450	-0.042573	0.084077
-0.375525	-0.053864	0.139010
-0.274510	-0.052338	-0.041962
-0.089876	0.032197	0.062409
0.152438	-0.016632	-0.062409
0.176242	-0.047456	-0.212558
0.247349	-0.037385	-0.254978
0.311437	-0.003204	-0.150607
0.220188	0.008392	-0.151522
0.153353	0.026398	-0.215610
0.088655	0.031281	-0.190890
0.044099	0.024262	0.034638
0.041047	0.030060	0.106050
0.020905	0.032807	0.152132
-0.065461	-0.016632	0.247959
-0.113069	-0.067903	0.210727
-0.157626	-0.078279	0.192111
-0.220798	-0.087129	-0.017853
-0.132906	-0.054780	-0.010224
-0.162509	0.021210	0.178988
-0.289464	-0.000153	0.016632
-0.258335	0.033112	-0.142367
-0.119783	0.020905	-0.245212
0.175326	0.023346	-0.090181
0.314183	0.062104	0.031891
0.453040	0.065461	0.059968
0.476234	0.074922	0.145724
0.125582	0.012970	0.131685
-0.093843	0.000458	0.178683
-0.158236	-0.023957	0.274510
-0.177462	-0.013581	0.300145
-0.129549	-0.012055	0.286412
-0.019379	-0.014801	0.298009
0.197910	0.005646	0.334325
0.300145	-0.026398	0.206149
0.209201	-0.083162	-0.168002
0.054780	-0.055390	-0.363012
-0.025788	-0.034943	-0.392615
-0.032502	-0.003204	-0.262303
0.018769	0.052338	-0.055695
0.074922	0.069734	0.083162
0.099641	0.014191	0.025788
0.056611	-0.028229	0.023957
-0.068208	-0.042878	-0.036774
-0.142672	-0.027619	-0.169833
-0.073091	-0.018158	0.008087
-0.122835	-0.056001	0.027008
-0.068513	-0.012970	-0.059358
-0.051118	0.041047	0.040436
0.018769	0.024262	0.012360
0.046235	-0.032197	-0.111238
0.055390	-0.018463	-0.086519
0.138705	-0.000153	0.045624
0.121614	0.022736	0.086519
0.013275	0.027924	0.130770
0.015412	0.001068	0.179294
-0.088960	0.000153	0.208286
-0.183871	0.034028	0.305638
-0.180819	0.041352	0.340734
-0.117647	0.067292	0.562295
-0.161593	0.020294	0.396277
-0.122835	-0.000458	-0.029755
-0.080415	-0.002289	-0.117037
0.015106	-0.060273	-0.125887
0.060273	-0.098726	-0.430762
0.214389	-0.093538	-0.678569
0.220798	-0.073701	-0.323033
0.079194	-0.000458	-0.014801
-0.034333	-0.003510	0.204013
0.115511	0.011139	0.187839
0.305333	0.089876	0.363928
0.275425	0.097505	0.357824
0.146334	0.029755	0.031891
0.087434	0.002899	-0.153964
0.059052	-0.051118	-0.351720
-0.009918	-0.036469	-0.391699
-0.086213	-0.069429	-0.363622
-0.052338	-0.068818	-0.260166
-0.021820	-0.074617	-0.243992
0.054170	-0.040131	-0.147250
0.089876	0.033112	0.153964
0.084382	0.053254	0.246433
0.085908	0.082551	0.412451
0.099947	0.069734	0.528115
0.086824	0.065766	0.619669
-0.070344	0.036774	0.547951
-0.238804	-0.025483	0.167697
-0.251011	-0.015106	-0.253147
-0.110018	-0.015412	-0.295872
-0.057221	-0.004425	-0.045014
-0.184176	-0.062409	-0.036469
-0.088045	-0.017243	-0.024262
0.086213	-0.001678	0.035859
0.027924	0.007477	0.077974
0.040436	0.032197	0.129854
0.147860	0.028229	0.012665
0.141451	-0.076448	-0.496071
0.116426	-0.099336	-0.414282
-0.025788	-0.122835	-0.281529
-0.106966	-0.111543	-0.175631
-0.250095	-0.141451	-0.062715
-0.174716	-0.058442	-0.046845
0.011444	0.021515	0.045319
0.197910	0.143893	0.286717
0.198825	0.104524	0.388647
0.251316	0.079500	0.370336
0.308080	0.062104	0.347143
0.285801	0.022126	0.309911
0.083162	-0.037079	0.126192
-0.059358	-0.088350	-0.246433
-0.153964	-0.051118	-0.016938
-0.153658	-0.021515	0.114290
-0.105745	0.010834	0.036774
0.087739	0.063020	-0.067292
0.188449	0.085298	-0.251621
0.178683	0.033417	-0.330053
0.157015	0.017548	-0.283360
0.108492	-0.010834	-0.172885
-0.070344	0.012360	-0.087129
-0.102083	-0.004425	-0.113680
-0.105745	-0.006256	-0.096590
-0.101472	-0.025177	-0.067903
-0.150607	-0.012665	-0.048981
-0.035554	0.005035	0.078279
0.090791	0.030671	0.115511
0.029755	0.025788	0.156405
0.086824	0.019379	0.170748
0.139010	0.010224	0.194553
0.070649	-0.005646	0.143587
-0.073091	-0.023957	0.124361
-0.054475	0.016022	0.211032
-0.050507	-0.008392	0.355688
-0.010224	-0.045319	0.312657
0.066682	-0.017853	0.430457
0.096895	0.019074	0.451514
0.190585	-0.010529	0.100252
0.255283	0.008087	-0.355993
0.133822	0.012665	-0.393835
0.042573	-0.018463	-0.400549
-0.174411	-0.031586	-0.238804
-0.351110	-0.066987	-0.120394
-0.374914	-0.087739	-0.054475
-0.322728	-0.085908	-0.008392
-0.276036	-0.076448	-0.006256
-0.160067	-0.063020	0.000458
0.065766	0.032807	0.079805
0.381323	0.100862	0.139315
0.507362	0.097810	0.174411
0.393835	-0.002594	0.055695
0.262608	0.030060	-0.029145
0.189670	0.046235	0.028229
0.122835	0.026398	0.068818
0.063325	-0.009918	0.218051
0.011139	-0.001373	0.267796
-0.009918	-0.009918	0.203098
-0.016632	0.014801	0.121309
-0.007477	0.008392	0.180819
0.058137	0.029755	0.155795
0.057527	-0.001068	0.102083
0.109712	0.023957	0.060273
0.042573	0.033112	-0.160678
-0.005951	0.010834	-0.202487
-0.047456	-0.003204	-0.189059
-0.104219	-0.005341	0.036774
-0.175021	-0.002289	0.138399
-0.211643	-0.012970	-0.028534
-0.226902	-0.065156	-0.083772
-0.231479	-0.070649	-0.102388
-0.125887	-0.046235	-0.171664
-0.020905	-0.037385	-0.157626
0.059663	0.041657	0.113680
0.066987	0.041657	0.239414
0.034333	0.038911	0.169528
-0.060883	0.050813	0.081331
-0.041352	0.047761	-0.079500
-0.011139	0.032502	-0.106355
0.117952	0.003815	0.286717
0.117952	-0.061799	0.262303
0.085603	-0.045624	-0.094453
0.005646	-0.044709	-0.462806
-0.022431	0.011444	-0.175631
0.030365	0.001373	-0.058137
0.139620	0.015412	0.068818
0.197604	-0.014496	-0.204929
0.237888	-0.000763	-0.269627
0.125887	-0.033417	-0.099336
-0.071260	-0.064240	0.113985
-0.079805	-0.070039	0.219883
-0.153658	-0.084077	0.149691
-0.434730	-0.112154	0.116426
-0.414893	-0.078889	0.129244
-0.132601	0.016022	-0.045014
0.083162	0.067903	-0.132296
0.182345	0.085908	-0.062104
0.271153	0.046540	-0.235752
0.274815	0.025788	-0.103304
0.145113	0.000458	-0.289464
-0.050202	0.046235	-0.158846
-0.156100	0.064851	0.177768
-0.100252	0.005951	0.073701
0.012360	0.018463	0.068513
0.290074	0.005646	-0.087434
0.366369	-0.027008	-0.135958
0.291600	0.000763	-0.015412
0.196384	0.018463	0.051423
0.027314	-0.009918	0.114290
-0.033112	-0.021515	0.152132
-0.112154	-0.049897	0.089876
-0.129244	-0.091402	0.147555
-0.126192	-0.074311	0.214084
-0.011749	-0.050507	0.133211
0.134432	0.052033	0.194858
0.165255	0.135042	0.355383
0.145113	0.137484	0.325170
0.127108	0.098116	0.130770
0.011139	0.001678	-0.253452
-0.043793	-0.032807	-0.350195
-0.074311	-0.023957	-0.359350
-0.017243	-0.006256	-0.151217
0.087434	0.007782	-0.032197
0.089570	0.022431	0.052338
-0.012665	-0.005341	0.080415
-0.053254	-0.000458	0.077363
-0.030060	-0.005341	0.054475
0.030060	0.017853	0.152438
0.052338	-0.009918	0.016632
0.189364	-0.001984	-0.118257
0.116426	-0.008698	-0.059968
0.046845	0.009613	0.077363
0.040742	0.026398	0.208591
0.018769	0.001373	0.232700
0.015717	-0.032502	0.238804
-0.023651	-0.047761	0.464637
-0.102083	-0.063325	0.637675
-0.030365	-0.036774	0.668498
0.071565	-0.004730	0.494545
0.005341	0.000763	0.063020
-0.019684	0.004425	-0.288548
-0.030671	0.013581	-0.589761
-0.041657	-0.036164	-1.104295
-0.065156	-0.036774	-0.684672
-0.060578	-0.027314	-0.125887
-0.144198	-0.060883	0.098421
-0.135348	-0.014496	0.226291
-0.130465	0.019989	0.399634
-0.374304	0.024262	0.477760
-0.612039	-0.007782	0.390784
-0.476234	-0.023041	-0.009003
-0.025177	0.010529	-0.346532
0.153964	0.011139	-0.226902
0.223545	-0.041352	-0.198520
0.369726	-0.052033	-0.488136
0.575113	-0.005951	-0.380407
0.278477	-0.010529	-0.118868
0.000458	-0.022736	-0.129549
-0.131075	-0.040742	-0.172885
-0.189059	-0.101472	-0.205234
0.008392	-0.029450	0.299229
0.128634	0.028534	0.573892
0.249180	0.080720	0.613565
0.449378	0.117342	0.464332
0.363928	0.085298	0.134737
0.276036	-0.003510	0.049592
0.147860	-0.017853	-0.429847
-0.030976	-0.062409	-0.666361
-0.070039	-0.021210	-0.295262
-0.076753	0.001373	-0.100862
-0.084993	0.019684	-0.115511
-0.047150	-0.001068	-0.185702
-0.014801	0.021515	-0.113985
-0.016327	0.025177	-0.028840
-0.095979	0.019989	0.096284
-0.261692	-0.016632	0.096590
-0.300145	-0.064546	0.109102
-0.271458	-0.102998	0.019379
-0.152438	-0.053254	0.142977
0.036164	-0.016022	0.221714
0.305943	0.046235	0.357214
0.313878	0.064240	0.325780
0.370642	0.105135	0.308385
0.266270	0.090181	0.306554
0.129244	0.057832	0.135958
0.063630	0.013886	-0.090486
0.038300	-0.010529	-0.216220
0.014801	0.004425	-0.079805
0.076143	0.023041	0.102083
0.006867	0.017853	0.188144
-0.087739	-0.039216	0.308080
-0.082246	-0.042878	0.268711
-0.054475	-0.027619	0.241245
-0.074006	-0.024567	0.041962
0.009308	0.006867	-0.531167
0.028229	0.034943	-0.860761
0.102998	0.071565	-0.470130
0.098726	0.058747	-0.151522
-0.026703	0.055085	-0.012055
-0.129244	0.011749	-0.026398
-0.107271	0.012360	0.004120
0.001373	0.022126	0.057221
0.058137	0.023651	0.070649
0.087739	0.027314	0.133822
0.120394	-0.001984	0.084993
-0.051728	0.012055	0.214084
-0.443885	-0.001678	0.272374
-0.623941	-0.049287	0.259251
-0.511330	-0.051423	0.233921
-0.308690	-0.042878	0.364843
-0.059358	0.022126	0.373388
0.167391	0.025177	0.032807
0.595560	0.037079	-0.143587
0.707561	0.041657	-0.404517
0.492714	0.016938	-0.360571
0.223239	0.024567	-0.196078
0.133822	0.002594	-0.146944
0.240024	0.008087	-0.007782
0.249485	0.027314	-0.106966
0.132296	0.021210	-0.054780
0.098421	0.034943	-0.050813
0.100862	0.046235	0.062409
0.075227	0.035248	0.132296
0.059968	0.023651	0.113069
0.014191	0.011139	0.008087
0.007172	-0.032197	-0.143587
-0.011139	-0.053254	-0.023346
-0.023957	-0.021820	0.078889
-0.092927	0.006867	0.101167
-0.139010	0.018463	0.152438
-0.205234	-0.005341	0.102693
-0.275120	-0.070039	-0.075837
-0.273289	-0.039826	0.021820
-0.142061	-0.020600	0.134127
0.050507	-0.027619	0.106966
0.046235	0.003204	0.047456
0.015717	-0.001678	0.011749
0.040742	0.013886	-0.016632
0.058137	0.059663	0.139315
0.077363	0.037690	0.143282
0.032807	0.015106	0.298619
0.049287	0.067903	0.195773
0.108492	0.054475	-0.102998
0.185092	0.037385	-0.115816
0.158846	0.015717	-0.189975
0.091707	0.020294	-0.138399
0.006867	-0.028229	-0.042267
-0.062715	-0.031586	0.077974
-0.036774	-0.005035	0.065156
-0.024262	-0.006256	-0.022126
-0.000153	0.002899	0.099031
0.018158	0.009613	0.155184
0.029450	0.027008	0.257115
0.074617	0.068513	0.361791
0.031281	0.077363	0.414588
0.012055	0.013275	-0.091707
-0.092622	-0.049287	-0.341955
-0.028534	0.017548	0.022126
0.032807	0.019684	0.209506
0.034638	-0.027924	0.139010
0.064851	0.018463	0.366979
0.039521	-0.005341	0.238193
-0.016632	0.010529	0.309911
-0.102388	-0.027924	0.133211
-0.231785	-0.057832	-0.070039
-0.347448	-0.076143	-0.107576
-0.311131	-0.111543	-0.268711
-0.168917	-0.010834	0.140536
0.131991	0.071260	0.217136
0.464332	0.056611	-0.378271
0.461280	0.021820	-0.528420
0.217746	0.037079	-0.436866
0.104219	0.039216	-0.482948
0.035859	0.031586	-0.222629
-0.023346	0.016327	-0.062715
-0.210422	-0.052033	-0.011749
-0.267491	-0.070954	-0.011444
-0.208591	-0.035859	-0.149691
-0.338293	-0.011444	-0.002594
-0.340429	-0.047150	-0.013581
-0.091096	-0.017548	-0.116732
0.212253	0.048981	-0.065156
0.302892	0.069429	0.059358
0.310521	0.080415	0.071260
0.399634	0.074922	-0.044709
0.187228	0.044404	0.062409
-0.101167	0.006256	0.027314
-0.138399	0.000153	0.089876
-0.010834	0.039826	0.255894
-0.055695	-0.000153	0.231174
-0.059663	0.016022	0.115511
-0.007782	-0.019074	-0.152132
0.166476	-0.031891	-0.093538
0.220798	-0.014496	0.077668
0.236667	-0.045319	-0.077974
0.152438	-0.048676	0.019989
0.070649	-0.048981	0.112764
0.149691	-0.003510	0.150912
0.107881	-0.028534	0.092622
-0.021210	-0.032502	-0.025483
-0.039216	-0.016632	-0.162203
0.008392	-0.004730	-0.187533
0.017853	0.019074	-0.036164
-0.009613	0.044404	-0.004120
0.073091	0.041962	0.009308
0.069123	0.007172	0.066377
0.016938	0.036469	0.014801
0.061189	0.055695	0.082551
0.079500	0.020600	0.094148
0.087434	0.024567	0.121614
0.057832	0.043793	0.273289
0.005341	-0.002899	0.276341
0.001373	-0.000153	0.241245
0.055695	0.066072	0.308995
0.081636	0.030060	0.174105
0.014496	0.002594	0.081331
-0.021210	-0.062715	-0.233310
-0.055695	-0.036469	-0.300450
-0.062104	-0.029450	-0.149081
-0.089570	0.014496	0.052338
-0.066987	0.000153	-0.084077
-0.049897	0.015717	-0.168307
-0.038911	0.011444	-0.001068
-0.072786	-0.031891	0.047761
-0.049897	-0.046235	0.196078
0.033722	-0.016022	0.471351
-0.027314	-0.021515	0.551919
-0.089265	-0.029145	0.459449
-0.188144	-0.032807	0.427100
-0.185092	-0.042878	0.288243
-0.176547	-0.098421	-0.448768
-0.115816	-0.039521	-0.630961
-0.085298	-0.009308	-0.636759
-0.051728	0.021820	-0.388647
-0.065766	0.034028	-0.167697
0.047761	0.032197	-0.157321
0.072480	0.027008	-0.099336
-0.010529	0.020905	-0.039826
0.124056	0.013581	-0.002289
0.204318	0.019074	0.070954
0.330968	0.057527	0.160372
0.372778	0.027314	0.209812
0.273899	0.003204	0.201877
0.160372	0.004425	0.133211
-0.004730	-0.005951	0.144503
-0.075532	-0.001984	0.109712
-0.106966	0.031891	0.006561
-0.136873	0.000458	-0.108797
-0.122530	-0.011139	0.075227
0.069123	-0.015106	0.119478
0.135653	0.015717	0.144503
0.087739	0.034943	0.140841
-0.040131	0.056916	0.112154
-0.142367	0.055085	-0.050507
-0.151522	0.035859	-0.095369
-0.083467	0.031281	-0.145724
-0.021515	0.021515	-0.138399
0.093538	0.005951	0.048676
0.282444	-0.029450	0.072175
0.308690	-0.069734	0.040742
0.095674	-0.120089	-0.036164
-0.143587	-0.102083	0.063020
-0.243381	-0.070344	0.042878
-0.152743	0.036469	-0.141146
-0.147860	0.015106	-0.424353
-0.181735	-0.002594	-0.252537
-0.072480	0.019684	-0.096590
0.121614	0.052338	0.166476
0.166781	0.068818	0.470130
0.046540	0.004730	0.700237
0.010834	-0.055085	0.619059
0.098421	-0.042878	0.449378
0.121614	-0.068818	0.060273
0.094453	-0.036774	-0.196078
0.129244	0.041047	-0.113375
0.222324	0.106966	-0.356603
0.224765	0.124361	-0.364233
0.157626	0.047456	-0.714885
0.108797	0.010224	-0.559243
0.114900	0.019684	-0.358434
0.106661	0.028840	-0.211032
0.038911	0.016327	-0.075532
-0.056306	0.037995	0.074006
-0.087739	0.017548	0.105135
-0.048371	0.016632	0.193637
-0.067597	-0.022431	0.211337
-0.143282	-0.097200	0.289464
-0.260472	-0.082246	0.286412
-0.272679	0.004730	0.243381
-0.239719	0.037690	0.306554
-0.182345	-0.009918	0.320897
-0.229343	-0.002289	0.285191
-0.111238	-0.013886	-0.034943
0.160067	-0.012360	-0.174105
0.403296	0.038911	-0.112154
0.359045	0.017548	-0.034028
0.380407	0.029755	0.110628
0.310521	-0.026398	-0.077974
0.075837	-0.027924	-0.169833
0.021820	0.002594	-0.155489
0.004425	-0.006867	-0.173800
-0.013275	-0.044709	-0.259556
-0.008698	-0.046235	-0.279088
-0.042878	-0.046845	-0.174105
-0.178073	-0.070344	-0.078889
-0.233005	-0.108186	-0.077058
-0.168307	-0.106966	0.001068
-0.127413	-0.064851	0.079194
-0.093233	-0.018463	0.092012
0.081331	0.048981	0.115511
0.260472	0.106661	0.187533
0.172580	0.139925	0.423133
-0.088655	0.086519	0.620890
-0.132906	0.069734	0.983444
-0.033722	0.032502	0.908980
0.102998	0.052949	0.724346
0.232090	0.019684	0.229343
0.243992	-0.016022	-0.302281
0.192416	0.005951	-0.430457
0.001678	-0.059052	-0.856489
-0.067292	-0.043793	-0.852827
-0.140230	-0.059663	-0.717327
-0.094759	-0.052033	-0.352636
-0.083162	-0.058442	-0.224155
0.092012	0.005341	-0.187839
0.110933	-0.002289	-0.087434
0.089570	0.015412	0.150607
0.211643	0.051118	0.213779
0.133211	0.019379	0.179294
0.022126	0.005035	0.280308
0.027619	0.043183	0.400855
0.058747	0.029145	0.269017
0.070954	-0.000153	0.027924
-0.013275	0.016938	0.135348
-0.189059	-0.017853	-0.002289
-0.296788	-0.052949	-0.092927
-0.285496	-0.077058	-0.109407
-0.229953	-0.054170	-0.113375
-0.225986	-0.030671	-0.104524
-0.095064	-0.009003	-0.075227
0.115206	0.038300	-0.009003
0.326696	0.075532	0.022126
0.423133	0.074311	0.148470
0.399939	0.079805	0.103914
0.274510	0.038300	0.009613
0.175937	0.047150	-0.074311
0.145113	0.041352	-0.000458
-0.039826	-0.016632	0.011444
-0.278782	-0.077058	-0.101167
-0.348363	-0.093843	0.183566
-0.370031	-0.102388	0.149691
-0.257115	-0.098421	0.214389
-0.037995	-0.079805	0.302892
0.334936	-0.023957	0.361791
0.473793	0.046540	0.275120
0.188449	0.075837	0.041352
-0.037385	0.120699	0.112764
-0.203403	0.090486	0.041047
-0.260166	0.009308	-0.184482
-0.249790	-0.008087	-0.289769
-0.100252	-0.036164	-0.364843
0.167086	0.012055	-0.176547
0.331273	-0.030671	-0.243076
0.201266	-0.057221	-0.239414
0.239719	0.000153	-0.068513
0.204013	-0.005951	-0.005646
0.122530	-0.005951	0.288853
0.107271	0.027924	0.339513
0.087434	0.041047	0.435645
0.089265	0.013275	0.386206
0.104829	-0.027314	0.405127
0.036469	-0.054780	0.195468
-0.125582	-0.057221	-0.251926
-0.274815	-0.072175	-0.385595
-0.290074	-0.070039	-0.416724
-0.236667	-0.007477	-0.225986
-0.056001	0.040131	-0.072480
0.001984	0.015106	0.034638
0.005646	0.006867	0.178073
-0.099031	-0.015412	0.106355
-0.154879	-0.029145	0.141451
-0.094759	-0.007477	0.253147
-0.019989	-0.009613	-0.018769
0.239719	0.015106	-0.214389
0.351720	0.047456	-0.117037
0.355688	0.045319	0.020600
0.241855	0.026093	0.141146
0.095979	-0.007782	-0.138399
0.013886	-0.005951	-0.122225
0.057527	0.026398	0.086213
0.103304	0.028229	0.011444
0.061799	-0.000763	-0.118868
0.052033	-0.001373	-0.209506
0.035859	-0.006256	-0.059052
-0.008392	0.005035	0.012970
-0.070649	-0.014191	0.082246
-0.216526	-0.049897	0.118563
-0.160983	-0.045014	0.169528
-0.103304	-0.024872	0.218051
-0.066682	-0.046540	0.226291
-0.149386	-0.057221	0.264439
-0.330663	-0.063325	0.151827
-0.338903	0.001984	0.463722
-0.319677	0.045624	0.450904
-0.091707	0.067597	0.254978
0.111543	0.013581	-0.063325
0.280308	-0.012055	-0.276646
0.595865	0.045930	-0.290684
0.444190	-0.004730	-0.138399
0.196078	-0.065766	-0.345617
0.004120	0.009308	-0.495460
-0.081941	0.033417	-0.368200
-0.163119	0.023041	-0.122530
-0.158846	0.021210	0.005646
-0.036774	-0.009003	-0.023957
0.062409	0.006256	-0.022431
0.079500	0.012665	0.012055
0.072175	0.014496	0.132601
0.081025	0.039826	0.190280
-0.012055	0.020294	0.252232
-0.027924	-0.012360	0.343786
0.023957	-0.019379	0.186618
0.126497	0.009918	-0.016022
0.063325	0.027008	0.012665
0.003815	0.044404	0.260472
0.186618	0.056611	0.448768
0.268711	0.060578	0.461280
0.263523	0.048676	0.347448
0.190890	-0.016632	-0.102388
0.017548	-0.046845	-0.320897
0.001678	-0.029145	-0.458839
-0.044709	-0.027008	-0.454566
-0.000458	0.010834	-0.083772
0.053559	0.051728	0.230869
-0.037690	-0.001373	0.189364
-0.045014	0.023651	0.163729
-0.053864	-0.001678	0.113375
-0.130465	-0.036469	0.038605
-0.150912	-0.092927	-0.474098
-0.092622	-0.078889	-0.348669
0.017243	-0.012055	-0.043183
0.081941	-0.000458	0.018158
0.151522	0.031891	0.017243
0.197910	0.067903	0.009918
0.170748	0.036774	0.009918
0.063020	-0.002899	0.149691
0.001984	-0.055695	0.227207
-0.104524	-0.079805	0.094453
-0.176242	-0.051118	-0.004730
-0.216220	-0.055390	-0.103609
-0.190280	-0.026398	-0.168307
-0.005951	-0.023346	-0.224460
0.099947	-0.006867	-0.129549
0.106050	0.012665	0.038911
0.194247	0.027314	0.093843
0.112459	0.031586	0.085603
-0.010834	0.008392	0.156710
-0.117952	0.003815	0.230869
-0.243076	-0.020294	0.145418
-0.271153	-0.042267	0.036774
-0.079500	-0.014496	0.199741
-0.014801	-0.046540	0.084993
-0.052949	-0.000763	0.075837
0.213779	0.005341	0.076143
0.228428	-0.000458	0.244907
0.232700	0.017853	0.027314
0.225376	-0.045014	-0.462806
0.179904	-0.002289	-0.295567
0.203098	0.055085	-0.106661
0.163424	0.030060	-0.201266
0.059968	-0.017243	-0.318456
-0.122225	-0.002899	-0.105745
-0.201572	-0.012970	0.051423
-0.203403	-0.055085	-0.000763
-0.201266	-0.041962	-0.051118
-0.110933	-0.041962	0.061799
0.100557	0.030365	0.291600
0.379797	0.079805	0.352636
0.424964	0.058442	0.398108
0.255283	0.047150	0.381628
0.124361	0.008698	0.240024
0.059052	0.013275	0.246738
-0.020294	0.032197	-0.175326
-0.051118	0.009003	-0.128634
-0.080110	0.006256	0.152743
-0.052033	-0.027924	0.001984
-0.090486	-0.027924	0.005646
-0.082856	0.001373	0.113375
-0.121920	-0.039521	0.028534
-0.181735	-0.059052	-0.277256
-0.066682	0.000458	-0.051728
-0.006561	0.034638	0.077974
0.081331	-0.062715	-0.335546
0.191501	0.011444	-0.207675
0.110323	0.067292	-0.036774
0.234531	0.059358	-0.107576
0.276951	0.048676	-0.035859
0.249180	0.027314	-0.015717
0.067292	-0.012665	-0.130465
0.010529	-0.001068	-0.002289
0.004730	0.031281	0.248264
-0.080415	0.005951	0.265660
-0.150607	-0.024872	0.096284
-0.167086	-0.034943	-0.102083
-0.042573	-0.009613	0.077058
0.070649	-0.010224	0.027008
0.126802	-0.029145	-0.211337
0.100557	-0.007782	-0.249790
-0.063935	-0.016632	-0.177768
-0.141146	-0.057221	-0.026093
-0.229648	-0.098421	0.014801
-0.208896	-0.059052	0.080110
-0.269932	-0.066072	0.060578
-0.172580	-0.059358	-0.141146
0.102693	0.072480	0.105135
0.287327	0.117952	0.302586
0.286717	0.075532	0.302892
0.413977	0.056306	0.340429
0.406653	0.052949	0.306859
0.182040	0.058137	0.400244
0.081025	0.024262	0.267491
0.035248	-0.021820	-0.021515
0.076448	-0.029450	-0.382238
0.042573	-0.014496	-0.333104
-0.013581	-0.043488	-0.238499
-0.103609	-0.028840	-0.178378
-0.129854	-0.006561	-0.090181
-0.225986	-0.034333	-0.057221
-0.238499	-0.036774	0.022126
-0.088045	-0.016632	0.014801
0.063020	0.004120	0.226902
-0.027314	-0.048676	0.187839
-0.052949	-0.014801	0.343786
-0.107881	0.009613	0.621195
-0.104219	-0.014801	0.491188
-0.035554	-0.004730	0.256504
0.037995	-0.003204	0.069734
0.161898	0.000763	-0.150912
0.386511	0.050507	-0.311742
0.391699	0.070039	-0.593729
0.304112	-0.010529	-0.745098
0.200046	-0.022126	-0.311437
0.074311	0.005341	0.104829
0.042267	0.029755	0.350805
0.003204	0.005951	0.442359
-0.086824	-0.001373	0.456092
-0.062715	0.068208	0.540627
-0.083772	0.025483	-0.001068
-0.065461	-0.023651	-0.761883
-0.049897	-0.023346	-0.829328
0.030671	-0.006256	-0.551308
0.179904	0.011139	-0.405737
0.046540	0.013886	-0.115816
-0.008392	0.015412	0.165866
-0.034333	0.011749	0.200961
-0.075532	-0.022126	0.210117
-0.088655	-0.057221	0.143282
-0.004730	-0.013886	0.177768
0.095979	0.019074	0.179294
0.120394	0.051118	0.220493
0.120394	0.049592	0.091096
0.065766	0.023346	-0.053559
0.096895	0.046845	0.141451
0.095979	0.022736	0.136263
0.034028	-0.015412	-0.164645
-0.036469	-0.047456	-0.223239
-0.063325	-0.030976	0.036469
-0.183566	-0.066987	-0.103304
-0.213779	-0.022736	0.001678
-0.357824	0.011139	0.032807
-0.375525	-0.009308	-0.010224
-0.280308	-0.004120	-0.116732
-0.076143	-0.011139	-0.005341
0.045624	-0.002289	0.121614
0.235142	-0.005035	0.183566
0.590677	0.020600	0.081331
0.489662	0.031586	0.059968
0.316014	0.057527	-0.023651
0.221714	0.038911	-0.112154
0.036774	-0.005951	-0.072175
-0.091096	-0.006561	-0.004120
-0.045930	0.012360	0.097505
-0.034333	0.001678	0.111849
-0.024262	0.003510	0.205234
-0.012970	-0.015412	0.187533
-0.041962	-0.027008	0.245823
-0.057221	-0.045930	0.388647
0.028229	-0.039521	0.397192
0.034028	-0.023346	0.291600
0.026093	-0.019989	0.004425
-0.014191	-0.023041	-0.074617
-0.081025	-0.029755	-0.357519
-0.119783	-0.051423	-0.537575
-0.154879	-0.037690	-0.366369
-0.150912	0.003204	-0.125277
-0.112764	0.008087	-0.012970
-0.205844	-0.021515	-0.027314
-0.124666	-0.056611	-0.012360
0.069429	-0.010224	0.079194
0.291295	0.050202	0.236973
0.251621	-0.025483	0.183566
0.229038	0.046235	0.473793
0.315709	0.033417	0.432898
0.203098	0.016632	0.308995
0.119173	0.022126	0.214084
-0.005951	0.036164	0.117342
-0.025483	0.045930	-0.114290
-0.107576	0.057221	-0.476234
-0.118563	0.030671	-0.627604
-0.130465	0.019074	-0.308080
-0.045014	0.008087	-0.045014
0.030671	-0.015717	0.037385
0.136568	0.003815	0.208896
0.225681	-0.019989	0.145418
0.170138	0.007172	0.250401
0.102998	-0.041352	0.211337
0.104829	-0.006256	0.301976
0.017548	-0.025788	0.233616
0.017853	-0.005951	0.139620
0.004120	-0.005341	0.018158
0.071870	0.062715	0.034943
0.048981	0.067292	-0.300755
-0.018463	0.028229	-0.624247
-0.068208	0.028840	-0.324865
-0.113985	0.012055	-0.132906
-0.081941	0.030365	-0.034333
-0.019074	0.025483	0.097200
0.066682	0.015717	0.140230
0.081636	-0.009308	0.197604
-0.045319	-0.043183	0.370031
-0.237278	-0.060273	0.414282
-0.315709	-0.084688	0.249180
-0.318456	-0.086824	0.184787
-0.178073	-0.045319	0.191806
0.084077	-0.005341	-0.042573
0.468299	0.047761	-0.201572
0.575418	0.093843	-0.243687
0.294652	0.053864	-0.288243
0.079500	0.015717	-0.273289
0.016022	0.008087	-0.228122
-0.015412	-0.005646	-0.189670
0.001984	-0.013886	-0.062104
0.060578	-0.004120	-0.038300
0.075227	0.031586	0.020600
0.126497	0.035248	0.155489
0.141146	0.036774	0.256809
0.096284	0.030365	0.282750
0.031586	0.005951	0.254673
-0.026093	-0.010529	0.145113
-0.040131	0.011139	0.158846
-0.047456	-0.007477	0.023957
-0.041962	0.006561	0.144198
-0.116426	-0.060883	-0.073701
-0.203098	-0.085908	-0.363317
-0.169528	-0.066377	-0.300450
-0.099641	-0.075532	-0.102083
0.006561	-0.083772	-0.152743
0.061189	-0.014191	0.067597
0.204013	0.050202	0.310521
0.205539	0.000458	0.142367
0.071565	-0.011749	0.150912
0.008698	0.015412	0.092927
-0.027008	-0.021515	-0.000458
-0.003204	-0.026398	-0.095979
-0.009918	-0.030671	-0.039216
0.001984	-0.034943	-0.132296
0.046845	-0.023651	-0.332189
-0.012055	0.016022	-0.434119
-0.046540	0.053254	-0.373083
-0.098726	0.066682	-0.137789
-0.139315	0.031586	0.001984
-0.330968	0.011139	0.121920
-0.339208	-0.013581	0.266575
-0.136263	-0.063630	0.261692
0.109102	-0.019074	0.280919
0.277562	-0.011139	0.376745
0.176547	-0.037079	0.388342
0.059968	-0.020294	0.366979
0.009308	-0.066682	-0.126497
-0.107881	-0.055085	-0.166476
-0.061799	0.054780	0.065156
0.183871	0.057832	-0.012360
0.348669	0.041962	-0.358434
0.368200	0.022736	-0.331579
0.344091	0.037690	-0.145724
0.180514	0.057221	-0.057832
0.080720	0.044404	-0.056611
0.078584	0.012360	-0.125277
0.056611	0.010529	-0.013886
0.039216	0.004120	0.039521
0.052033	0.014801	0.162203
-0.058442	-0.011749	0.084382
-0.190585	-0.057832	-0.057832
-0.313573	-0.072786	0.042573
-0.218051	-0.040742	-0.053254
-0.109407	-0.039521	-0.106355
0.025177	-0.019684	-0.044404
0.155489	0.015717	0.136263
0.120089	0.041047	0.153964
0.008087	0.017548	0.120089
-0.005341	0.028229	0.043488
-0.015412	0.021515	-0.053254
-0.011749	-0.001068	-0.040131
0.074617	0.000458	-0.020294
0.228428	0.005646	0.029755
0.263218	-0.027008	0.080110
0.218357	0.001068	0.184787
0.210422	0.038911	0.350195
0.083772	0.034638	0.474098
0.052338	0.009308	0.413977
0.063630	-0.005035	0.434730
0.016632	0.004730	0.337377
-0.058137	-0.017548	-0.241855
-0.093843	0.029145	-0.455787
-0.139620	0.048371	-0.315099
-0.297704	0.016022	-0.283360
-0.339818	-0.017243	-0.137789
-0.308080	-0.035859	-0.104524
-0.193027	-0.015717	0.092317
-0.108492	-0.022126	0.219272
0.065156	-0.045319	-0.004120
0.253758	-0.046845	-0.014801
0.297398	-0.005646	-0.016632
0.223545	0.009613	0.069734
0.104829	-0.073396	-0.382849
0.066377	-0.070039	-0.447547
0.195163	0.042878	-0.008392
0.155795	0.075532	0.401465
0.070039	0.042573	0.380407
0.060273	0.041352	0.347753
0.003510	0.078889	0.392615
-0.035859	0.049287	0.341955
-0.009613	0.005341	-0.066072
-0.069734	-0.040436	-0.535439
-0.157626	-0.056611	-0.394751
-0.312657	-0.002594	-0.007782
-0.376745	-0.008698	0.267491
-0.285191	-0.002899	0.379797
-0.266880	-0.048981	0.103304
-0.145418	0.009918	0.122530
0.069123	0.000763	-0.052644
0.277562	-0.005035	-0.175326
0.481117	0.046845	-0.232090
0.468299	0.049897	-0.306554
0.351110	0.057527	-0.229953
0.178683	0.030365	-0.148165
0.013581	0.056001	-0.117037
-0.027008	0.016327	-0.131075
-0.162203	-0.014191	-0.104829
-0.325475	-0.057221	-0.054475
-0.400549	-0.063935	0.030976
-0.275120	-0.038300	0.185702
-0.152743	-0.038911	0.394446
0.121004	0.032197	0.585489
0.306554	0.081941	0.770123
0.220493	0.002899	0.576028
0.267796	0.016938	0.301976
0.225986	0.034028	0.062104
0.107576	-0.012055	-0.497597
0.028229	-0.025483	-0.623636
0.174716	0.019379	-0.452735
0.332189	0.047456	-0.348363
0.164950	-0.024262	-0.395666
0.045930	-0.069429	-0.350195
0.038605	-0.024872	-0.143893
0.021820	-0.009308	-0.057221
-0.087739	0.026398	0.082246
-0.162509	0.009613	0.005341
-0.110323	0.007477	0.054780
-0.042267	0.005035	0.138399
-0.025788	0.017853	0.213779
0.027924	-0.001373	0.127413
0.019379	0.003815	0.099031
0.015412	-0.000458	0.083162
-0.045624	0.005646	0.163729
-0.041352	-0.033112	0.142672
0.061494	-0.031281	0.068208
0.024872	-0.084993	0.076143
-0.077668	-0.096590	0.113985
-0.139620	-0.074006	0.145113
-0.025177	0.035248	0.305943
-0.028534	0.051118	0.098421
-0.149691	0.012970	-0.332494
-0.267796	-0.019989	-0.275425
-0.143587	0.018463	-0.059663
0.034028	0.001984	-0.194858
0.074617	-0.037995	-0.178378
0.210727	-0.043183	-0.036164
0.319371	-0.004120	0.074922
0.266270	-0.035248	0.123140
0.301366	-0.007477	0.010834
0.218051	0.063935	0.147860
0.135653	0.091096	0.280003
0.016022	0.028229	0.126192
-0.044099	-0.015106	-0.056916
-0.156710	-0.044099	0.081941
-0.211643	-0.027314	0.072786
-0.162814	-0.053254	0.057527
-0.076753	-0.009918	0.120089
-0.065766	0.049592	0.251316
-0.109407	0.048371	0.301671
-0.103609	0.055085	0.406958
-0.181125	0.033112	0.357824
-0.067903	0.029450	0.172274
0.036774	0.032807	0.190890
0.201572	0.009613	-0.070344
0.236362	-0.033722	-0.426184
0.293431	-0.008087	-0.525063
0.312047	-0.019989	-0.424964
0.119783	-0.034638	-0.174411
-0.084993	-0.030976	0.041047
-0.155489	-0.034333	0.099641
-0.136873	-0.012970	-0.052949
-0.083162	0.031586	-0.113680
0.131075	0.077974	0.074617
0.086213	0.062104	0.242161
-0.267796	-0.010529	0.305333
-0.631266	-0.096895	0.304112
-0.633707	-0.044709	0.463416
-0.475013	-0.023957	0.274205
-0.187839	0.017853	0.072175
0.188144	0.016632	-0.230869
0.732586	0.018463	-0.612650
0.772869	0.045014	-0.362707
0.739910	0.070039	-0.329442
0.479286	0.031586	-0.483253
0.220798	-0.000153	-0.419165
0.128634	0.046540	-0.091707
0.079500	0.026398	-0.018769
0.024262	-0.003204	-0.037079
0.008087	-0.014191	-0.024567
0.012055	-0.007477	0.022126
-0.009918	0.001984	0.064851
-0.010529	0.002289	0.157931
-0.039216	0.004730	0.233616
-0.048981	-0.027924	0.286107
-0.086213	-0.051423	0.321813
-0.147860	-0.083772	0.472877
-0.143587	-0.105135	0.547036
-0.057832	-0.034638	0.460670
0.009003	0.030365	0.392615
0.071260	0.077363	0.236362
0.117342	0.077363	0.097505
0.021515	0.007477	-0.426795
0.050202	0.003204	-0.894026
0.006867	-0.008087	-0.728313
-0.079805	-0.008392	-0.385595
-0.094453	-0.001373	-0.251011
-0.094453	-0.008392	-0.183566
-0.087739	-0.030976	-0.143893
-0.131991	-0.037385	-0.142367
-0.157626	-0.008087	0.142367
-0.213779	0.022736	0.204623
-0.229038	0.010224	0.203403
-0.218357	-0.072175	0.215915
-0.217746	-0.134737	0.251926
-0.230564	-0.103914	0.512551
0.003510	-0.036164	0.574197
0.326696	-0.037385	0.689555
0.305028	0.003204	0.672465
0.308080	0.128023	0.592508
0.228122	0.035554	-0.180514
0.205234	0.021820	-0.371557
0.254368	0.095674	-0.841535
0.271763	0.072786	-0.922713
0.182650	0.044404	-0.637064
0.069123	0.021820	-0.376745
-0.054475	0.024872	-0.202792
-0.078889	0.031586	-0.087129
-0.078889	0.023957	0.076753
-0.029450	0.015106	0.110323
-0.013275	-0.001984	0.033112
-0.031586	-0.037995	0.041047
0.157321	-0.009613	0.016327
0.130465	-0.021515	0.005646
0.002899	-0.034943	0.071565
-0.170138	-0.087434	0.025788
-0.154574	-0.066682	0.069429
-0.154269	-0.066682	0.044099
-0.185702	-0.023041	0.134432
-0.179294	0.010224	0.173800
-0.071565	-0.005951	0.064546
0.008698	-0.014801	-0.029145
0.181735	0.050813	0.134127
0.300755	0.076143	0.116426
0.372473	0.099641	0.228122
0.388647	0.042573	0.117342
0.311131	0.047761	0.125887
0.168612	0.025483	0.139925
-0.008698	-0.018158	0.054475
0.005646	-0.030365	-0.020905
-0.022431	-0.012665	0.119783
-0.063935	-0.002594	0.322728
-0.056916	0.021820	0.495155
-0.162509	-0.004730	0.348363
-0.244907	-0.040131	0.173800
-0.326696	-0.015717	0.030060
-0.306249	-0.080415	-0.379492
-0.127108	-0.060273	-0.428931
-0.153964	-0.018158	-0.140230
-0.035248	0.039216	0.159152
0.173800	0.051118	0.253147
0.190890	-0.020294	0.132906
0.174411	-0.030365	-0.088350
0.113985	-0.096284	-0.329747
0.224765	-0.107576	-0.399634
0.162509	-0.067292	-0.127108
0.162509	-0.055085	0.102388
0.190585	0.007782	0.412451
0.159457	0.050507	0.490578
0.146029	0.123140	0.478981
0.097505	0.076448	0.190890
0.066987	0.031281	-0.191196
0.041047	-0.005035	-0.512551
0.035554	-0.021210	-0.623026
0.046540	-0.006561	-0.417945
0.076143	-0.010224	-0.413367
0.063325	-0.023957	-0.239719
-0.063325	-0.097505	-0.219272
-0.086824	-0.092622	-0.198215
-0.166476	-0.073701	-0.083772
-0.153964	-0.037079	0.064240
-0.250706	-0.005341	0.130770
-0.142061	0.023346	0.100557
-0.141756	-0.021820	0.098726
-0.344701	-0.041962	0.095369
-0.379797	-0.028534	0.167697
-0.436866	-0.044404	0.167391
-0.125582	0.015717	0.235752
0.071870	0.072786	0.273899
0.270237	0.071565	0.038605
0.609903	0.089265	-0.010529
0.568704	0.012360	-0.124361
0.282139	-0.009613	-0.295567
0.193942	0.008392	-0.207675
0.268711	0.016327	-0.199130
0.268101	0.011139	0.048066
0.100252	-0.009308	0.016938
-0.104524	0.016632	0.135348
-0.241855	0.012970	0.285496
-0.146944	0.004425	0.199130
-0.203098	-0.046845	0.151827
-0.206455	-0.073091	0.150607
-0.042267	-0.035859	0.119783
0.034638	0.003510	0.320592
0.024872	-0.087739	-0.222324
-0.144808	-0.117647	-0.345922
-0.250401	-0.073091	-0.198520
-0.121920	0.006561	-0.126802
-0.175631	0.012360	-0.154879
-0.001373	0.087129	-0.130465
0.189364	0.078584	-0.106050
0.381933	0.135653	0.058747
0.464637	0.153048	0.156710
0.498817	0.070954	0.126802
0.242466	0.015106	0.180514
0.099641	0.002594	0.150912
0.104219	0.059663	0.366369
0.049287	0.004425	0.312963
0.033417	0.016632	0.213169
0.074311	0.022126	0.235447
0.035248	-0.005951	0.254673
0.014191	-0.031891	0.108492
0.031281	-0.032197	0.001068
-0.028840	-0.099031	-0.469215
0.027314	-0.019379	-0.402075
0.018463	0.039521	-0.102693
-0.105135	0.006256	-0.016022
-0.088960	-0.020294	-0.110018
-0.139620	-0.030060	-0.258030
-0.196994	0.004425	-0.225986
-0.161593	0.009308	-0.177462
-0.180514	-0.029450	-0.258946
-0.092317	0.008392	-0.087739
-0.063020	0.005951	0.063325
-0.107271	-0.030671	-0.034028
-0.092927	-0.026398	-0.036774
-0.085603	0.000153	0.146639
0.031891	-0.025177	0.019684
-0.063325	-0.039216	-0.001678
0.041047	-0.012360	0.063935
0.243381	0.006561	0.104219
0.309300	0.032502	0.146029
0.423438	0.040436	0.257115
0.210117	0.013581	0.160983
-0.069429	-0.042267	-0.188449
-0.102693	-0.055390	-0.075532
-0.071260	-0.027008	0.057832
-0.008698	-0.025483	-0.133211
0.047456	0.013886	0.026398
0.204013	0.054780	0.303197
0.271458	0.015412	0.126192
0.134737	-0.005646	-0.057221
-0.009613	-0.002899	-0.265049
-0.075227	-0.019074	-0.405737
-0.012970	0.008087	-0.227817
0.093843	0.050202	-0.011749
0.098726	0.005035	-0.021210
0.145418	0.043183	0.121004
0.125582	0.036469	0.137484
0.076448	0.028534	0.117647
0.021820	-0.005035	0.047456
-0.056001	-0.032502	0.146029
-0.077974	-0.051423	0.287022
-0.212253	-0.031281	0.364538
-0.309300	-0.075837	0.323949
-0.246433	-0.006867	0.345922
-0.205539	-0.010529	0.223545
-0.147555	-0.023651	0.008087
-0.116121	-0.050202	-0.168307
0.038911	-0.057832	-0.042878
0.047761	-0.036469	-0.010834
0.006561	0.051118	-0.115511
0.139925	0.063935	-0.231479
0.225681	0.045014	-0.078889
0.183261	0.007782	-0.055085
0.149386	0.031586	-0.136568
0.229953	0.058747	-0.128328
0.199130	0.039826	0.040131
0.131685	0.000458	-0.035554
0.106355	0.013886	-0.218662
0.046235	-0.011444	-0.334325
0.051728	-0.011444	-0.110323
0.006561	-0.005646	0.063630
-0.096284	0.003815	0.146944
-0.312657	-0.044709	0.000763
-0.311742	-0.046540	-0.003510
-0.186618	-0.059968	0.136873
-0.207370	-0.050202	0.108797
-0.062104	0.008698	0.121309
0.146334	0.078889	0.231785
0.155795	0.064240	0.220188
0.118868	0.063935	0.042573
0.174411	0.021210	-0.146944
0.309606	-0.008392	-0.341039
0.253147	-0.005646	-0.289464
0.077974	-0.030365	-0.253147
-0.097505	-0.010224	-0.146639
-0.227817	-0.016632	0.004425
-0.368811	-0.043183	0.095369
-0.439307	-0.071565	0.133822
-0.349279	-0.023957	0.256199
-0.060578	0.001678	0.247044
0.154574	-0.000763	0.169528
0.220798	0.004730	0.177157
0.300450	0.009918	0.159152
0.338598	-0.026398	-0.028534
0.218967	0.002289	-0.145418
0.139010	0.060273	0.185397
0.072786	0.041352	0.152132
-0.005951	-0.015106	-0.149996
0.089570	0.034638	-0.107881
0.158846	0.040131	-0.004120
0.132601	0.002899	-0.103609
0.019074	-0.030365	0.008392
-0.120089	-0.022736	0.161288
-0.178378	-0.060578	0.214694
-0.107881	-0.046540	0.398108
-0.060883	0.028534	0.702983
0.016327	0.062104	0.605020
0.172885	0.065766	0.334020
0.359655	0.085603	0.220798
0.185397	-0.054475	-0.855879
0.058137	-0.059968	-0.923323
0.056611	0.005035	-0.602884
-0.015412	-0.018158	-0.433814
-0.024567	-0.034638	-0.361181
-0.012055	-0.030365	-0.233005
0.023041	0.002594	-0.038300
-0.006561	-0.037690	-0.018158
-0.068513	-0.019379	0.069734
-0.132906	0.008698	0.088655
-0.108186	0.025483	0.104524
-0.133211	0.057527	0.181430
-0.173800	0.002899	0.063325
-0.048371	-0.042267	0.047456
0.094453	-0.013275	0.084077
-0.063935	-0.028229	0.156100
-0.224765	-0.050813	0.043793
-0.159457	0.002289	0.059358
-0.128023	0.011139	0.139315
-0.240635	-0.023651	0.175021
-0.023346	0.063325	0.257420
0.265965	0.114290	0.192111
0.584878	0.058747	-0.227817
0.375525	-0.005035	-0.239109
0.091096	-0.010529	-0.121614
-0.004730	0.005951	0.138399
-0.032807	0.012055	0.132906
0.032197	0.009308	-0.045930
0.159457	0.005951	-0.094148
0.083467	-0.035248	-0.032807
-0.033417	-0.049287	-0.034638
-0.105135	-0.052033	-0.053254
-0.157321	-0.020600	-0.001373
-0.089265	0.029755	0.149996
0.037385	0.014801	0.110933
0.224155	-0.009308	0.056001
0.416419	0.034028	0.104524
0.248875	0.077058	0.123751
0.066072	0.057221	0.184176
0.004730	0.023957	0.216526
-0.056611	0.003204	0.225376
-0.073091	0.012055	0.158846
-0.023957	-0.021515	-0.138399
0.005035	-0.027619	-0.095064
0.088960	-0.042267	-0.081636
0.031891	-0.040742	-0.068208
-0.039216	-0.067597	-0.204929
0.010224	-0.063935	-0.144503
0.208591	0.028534	0.167697
0.204013	0.044099	0.282750
0.114290	0.077974	0.215915
0.034943	0.046540	-0.303197
-0.009003	-0.006561	-0.160067
-0.125887	-0.012360	-0.012665
-0.155795	0.011749	-0.035859
-0.163424	-0.012360	0.007782
-0.106050	-0.014801	0.193942
-0.047456	-0.036164	0.272679
0.119783	-0.007782	0.296483
0.157626	-0.009308	0.352941
0.109712	-0.015412	0.265965
-0.037079	-0.050813	0.064851
-0.054170	-0.018158	-0.195468
-0.056611	0.009308	-0.180209
-0.061799	-0.010224	-0.131075
-0.019684	0.018158	0.153658
0.012360	0.035859	-0.001373
0.081331	-0.014801	-0.384680
0.106355	-0.037079	-0.384985
0.018463	-0.042573	-0.271458
0.007782	-0.062715	-0.235447
-0.023651	-0.058442	-0.319677
-0.034943	-0.023346	-0.145113
0.032807	0.004425	0.070649
0.043488	0.032197	0.172274
0.036469	0.076448	0.218051
0.084077	0.061189	0.193637
0.002289	0.031586	0.040436
-0.123140	0.014191	0.059358
-0.196384	-0.015717	0.129854
-0.213779	-0.032807	0.117647
-0.148165	-0.020905	-0.189670
-0.123751	-0.037079	-0.404822
0.000763	0.000763	-0.094759
0.086519	-0.012360	-0.041657
0.046845	-0.038911	-0.199741
-0.067903	0.011444	-0.142367
0.021820	0.017548	-0.042878
-0.079194	-0.018463	-0.120089
-0.083162	-0.046235	-0.199435
0.041352	-0.013886	-0.030365
0.392920	0.069734	0.180819
0.471656	0.069429	0.169833
0.360876	0.012360	0.039216
0.108797	0.004120	-0.044099
-0.088960	0.029145	0.041047
-0.195163	0.033112	0.156710
-0.160678	0.054475	0.212558
-0.063935	0.017243	0.213169
0.003204	-0.018463	0.204013
0.242466	-0.043793	0.128023
0.175937	-0.038911	0.111238
0.067597	0.007477	0.109102
0.025788	0.043793	0.214084
0.030976	0.035554	0.245212
-0.085908	0.047150	0.186618
-0.152132	-0.004730	0.123751
-0.099031	-0.009613	0.021820
-0.041352	-0.010529	-0.106966
0.048066	-0.011139	-0.206760
0.292515	-0.000763	-0.230259
0.484169	0.019684	0.027619
0.310521	-0.000763	0.162509
0.184482	0.019379	0.202182
0.053254	0.001373	0.305333
-0.024872	-0.036469	0.237888
-0.033722	-0.017853	0.386816
-0.229648	-0.082856	0.428626
-0.269322	-0.051118	0.639506
-0.287327	-0.059052	0.686198
-0.185397	-0.048676	0.519875
-0.027619	0.021820	0.131991
0.033112	0.027008	-0.617227
0.220493	0.031891	-0.942550
0.256199	0.037690	-0.855879
0.118257	0.025788	-0.736248
0.069123	-0.001373	-0.413672
0.043183	-0.013886	0.014801
-0.004120	-0.037385	0.020905
-0.084077	-0.017243	-0.205844
-0.033722	0.040131	-0.103304
-0.003815	0.032197	-0.035248
0.153658	0.027314	-0.184176
0.115511	-0.030060	-0.211337
0.034028	-0.070344	-0.060578
-0.020600	-0.044709	0.015717
-0.045014	-0.009003	0.090181
0.036164	0.069429	0.206760
0.067903	0.078279	0.309300
0.068818	0.063020	0.488746
0.042267	0.001373	0.324865
0.025788	-0.040436	-0.058442
0.041352	-0.008087	-0.080415
0.116121	0.030671	-0.039521
0.101472	-0.027924	-0.430457
-0.000763	-0.018463	-0.380713
0.054170	0.039521	-0.082551
0.047150	0.025177	0.125277
0.023651	0.011139	0.198215
-0.004730	-0.027619	0.109102
-0.008087	-0.050507	-0.025177
0.031891	-0.046235	-0.058137
0.045014	0.011139	0.180819
-0.012665	-0.023346	0.132906
-0.018158	-0.016022	0.056611
0.027008	0.011139	0.159457
0.044099	0.026398	0.074006
-0.018463	0.029145	0.047456
-0.006561	0.017243	-0.074311
-0.034943	-0.045014	-0.102388
-0.037995	-0.051728	0.083772
-0.035248	-0.021515	0.255589
-0.037995	-0.010529	0.256809
-0.100252	-0.000763	0.307164
-0.183261	0.014496	0.318456
-0.463111	0.040131	0.307774
-0.623331	-0.014496	-0.028840
-0.466163	-0.038911	-0.258030
-0.310216	-0.052644	-0.261387
-0.088045	-0.035859	-0.313573
0.152132	-0.023651	-0.241245
0.451514	-0.015412	-0.276341
0.626688	-0.010224	-0.381628
0.490883	0.051118	-0.034638
0.458839	0.110933	0.160678
0.345922	0.082246	0.291295
0.164034	-0.007782	0.131380
0.135042	0.003510	0.156405
-0.034028	-0.064546	0.084382
-0.163119	-0.090791	0.035248
-0.177768	-0.057221	0.072786
-0.270848	-0.017548	0.010834
-0.261387	0.017548	0.090181
-0.080415	0.010834	0.059358
0.146639	0.026398	0.008087
0.315709	0.069123	0.193942
0.311742	0.056001	0.151827
0.206760	0.036774	0.015717
0.081941	-0.023041	-0.216220
-0.104219	-0.024872	-0.057221
-0.161898	-0.044099	0.045014
-0.133211	-0.089876	-0.060273
-0.170138	-0.112459	-0.040742
-0.031891	-0.075837	0.092317
-0.008698	0.010224	0.229648
0.032807	0.059968	0.035554
0.155489	0.072480	-0.111238
0.296483	0.043488	-0.106966
0.312352	0.019379	-0.022431
0.243076	0.024567	0.152743
0.127413	-0.033112	-0.100557
0.045014	-0.012970	-0.123140
-0.030671	-0.016327	-0.117952
-0.055695	0.009308	0.036774
-0.021515	0.050507	0.390173
0.041047	0.040131	0.619974
0.011139	-0.002594	0.703593
0.095369	0.025177	0.656901
-0.096590	-0.008392	0.549783
-0.159762	0.010834	0.407263
-0.152438	-0.032807	-0.115511
-0.184787	-0.117037	-1.211719
-0.164340	-0.133822	-1.314565
-0.073701	-0.072480	-0.618143
0.003815	0.009918	-0.262608
0.101778	0.039216	-0.064240
0.052949	0.043183	-0.034028
0.052949	-0.001678	-0.088655
-0.030976	-0.002899	-0.032502
-0.168002	-0.036774	0.078889
-0.213169	-0.037079	0.199741
-0.116426	-0.022736	0.460060
-0.157626	-0.042573	0.554055
-0.096284	-0.063935	0.514687
0.131380	-0.017548	0.611124
0.466163	0.005646	0.534829
0.382849	-0.036469	-0.044404
0.288243	0.002594	-0.656291
0.110628	0.035859	-0.638895
-0.071565	0.041657	-0.283055
-0.099947	-0.008698	-0.345312
0.038605	-0.031586	-0.467689
0.136873	-0.031281	-0.290684
0.067903	-0.023957	0.011444
-0.123445	-0.020294	0.113680
-0.233310	-0.035859	0.146334
-0.345006	-0.057832	0.125277
-0.351110	-0.049287	0.128328
-0.225376	-0.037995	0.107881
0.167086	-0.045930	-0.013275
0.493019	-0.030671	-0.000153
0.467384	0.014801	0.049897
0.370031	0.036469	0.135348
0.308385	0.018769	0.201877
0.167086	0.008698	0.276646
0.056611	0.001373	0.442664
0.017548	0.006256	0.373083
-0.009918	0.009308	0.297704
-0.055085	0.002594	0.378576
-0.084077	-0.037690	0.254368
0.047761	-0.034028	-0.174716
0.086519	-0.018158	-0.354162
-0.031281	0.000458	-0.346838
-0.189364	0.008087	-0.335851
-0.176547	-0.015106	-0.480507
-0.117342	0.009918	-0.457313
-0.110933	0.002289	-0.242466
-0.053559	-0.004120	-0.216526
0.079805	-0.015106	-0.202182
0.214389	0.003204	-0.100557
0.254063	0.005646	-0.035248
0.124971	-0.046845	-0.079500
0.074617	-0.004730	0.086519
0.038605	0.002594	0.169528
0.000458	0.003204	0.191501
0.002594	-0.017853	0.112459
0.041962	-0.026398	0.127413
0.039521	-0.016327	0.201266
-0.034943	-0.019074	0.153658
-0.069734	-0.069734	-0.022431
-0.022431	-0.021210	0.032197
0.035248	-0.014801	0.031891
0.014191	-0.019989	0.178988
-0.065461	0.021515	0.390478
-0.093233	-0.027314	0.186313
-0.082246	-0.063630	0.083772
-0.042267	-0.049592	0.251926
-0.086519	-0.061494	0.246128
-0.034333	-0.050507	-0.110933
0.036774	0.009613	-0.390173
0.088045	0.021515	-0.271458
0.154879	0.075532	-0.081331
0.171969	0.020294	-0.225376
0.094759	0.013275	-0.169528
-0.006256	-0.030976	-0.037079
-0.175326	-0.020600	0.016938
-0.390478	-0.033417	0.216831
-0.489052	-0.061189	0.274205
-0.517739	-0.048676	0.605020
-0.284581	0.023651	0.807355
0.016938	0.055695	0.799115
0.294347	0.055695	0.769818
0.628824	0.041352	0.510109
0.627604	0.045930	-0.128939
0.480507	0.010529	-0.998093
0.201266	-0.042878	-1.411307
-0.038911	-0.056916	-0.905928
-0.107576	-0.024262	-0.402686
-0.078889	-0.001373	-0.189059
-0.126802	-0.027008	-0.091402
-0.077058	-0.042878	-0.070954
0.019989	-0.050202	-0.058137
0.086824	-0.072175	-0.081025
-0.070344	-0.071870	0.180209
-0.077974	-0.055085	0.353246
0.038605	0.015412	0.413062
-0.020294	0.006256	0.459144
0.088350	0.065156	0.451514
0.096895	0.041352	0.481422
-0.044099	-0.062104	-0.039826
-0.025788	-0.050813	-0.427405
0.071565	-0.035248	-0.435950
0.070954	0.003815	-0.450294
0.147555	0.028229	-0.363317
0.148165	0.031281	-0.113985
0.276036	0.019379	-0.085908
0.186618	0.015717	-0.079194
0.115816	0.033722	0.109712
0.030060	0.025483	0.136873
-0.082856	0.012665	0.040436
-0.157931	-0.001373	0.126802
-0.175021	-0.001068	0.116426
-0.086519	-0.042573	-0.042878
-0.103609	-0.073701	-0.152743
