-0.021820	0.005646	0.063020
0.009613	0.038300	0.012665
0.053559	0.028840	0.057221
0.155184	0.023651	0.045014
0.087434	-0.003510	-0.037079
0.047456	-0.007782	-0.036164
0.030365	0.009613	0.067597
0.045319	-0.000458	0.056916
0.030671	0.000458	0.035859
0.019379	0.016938	0.078279
0.003815	-0.009918	0.067903
-0.000763	-0.023651	0.051423
-0.001373	-0.020905	-0.008698
0.005341	-0.017853	0.016938
0.003204	0.009918	0.053254
0.005341	0.001373	0.014801
0.009613	0.006561	0.032502
0.017243	0.012360	0.016327
0.000153	0.024262	0.043183
-0.010224	0.004425	-0.018158
-0.008087	-0.000153	0.003204
0.004120	-0.010529	0.020294
0.024567	0.004730	0.023346
0.094453	0.035248	0.051728
0.060273	0.021820	0.081331
0.044709	-0.004730	0.064240
0.027619	-0.024567	0.007477
0.018769	-0.017548	0.031586
0.008698	-0.010529	0.008087
0.009918	0.018158	0.063325
0.029755	0.007172	0.045319
0.040436	0.025788	0.034333
0.025483	0.020600	0.027314
0.013581	0.016632	0.033112
0.004425	0.000153	0.006561
-0.003815	0.007172	0.026093
0.018769	0.005646	0.013886
0.023957	0.025788	0.001678
0.008698	0.009918	0.019074
0.009003	-0.003815	-0.017853
0.008698	-0.000153	-0.080415
0.020600	0.007172	-0.040131
0.009308	-0.002594	0.016327
0.017853	0.008392	0.007477
0.021820	-0.001068	0.024567
0.017853	0.009613	0.076143
0.005951	0.017243	0.062104
0.001373	-0.040436	-0.015106
0.022431	0.003204	0.077668
0.008392	-0.009613	-0.034028
-0.011139	-0.021515	-0.081636
0.007477	0.003204	-0.066682
0.022736	0.008392	-0.004730
0.032807	0.008698	0.025788
0.009308	-0.020294	0.016327
0.008087	-0.009308	-0.032197
0.031281	-0.006256	-0.016022
0.029755	-0.012970	0.006256
0.001373	-0.002289	0.017243
0.022431	-0.007477	0.044099
0.025788	-0.003815	0.008087
0.015717	-0.016327	0.039826
-0.006561	0.006256	0.027619
-0.003510	0.002289	0.019989
0.002899	-0.001068	-0.004425
0.014801	0.009613	0.016022
0.036164	0.019379	0.001984
0.029145	0.021820	0.021210
0.029145	0.032502	0.028840
0.037995	0.029145	0.058747
0.044099	0.017853	0.052033
0.047456	0.003815	0.018158
0.023041	0.005341	0.033112
0.024872	0.016632	0.010224
0.027314	0.008392	0.017853
0.001373	-0.037079	-0.057527
-0.009308	-0.032807	-0.072480
0.015106	-0.002899	0.081331
0.019074	-0.001678	0.016632
0.014496	-0.000153	0.016938
0.007782	-0.008392	0.079194
0.011444	-0.011139	0.037079
0.015717	-0.000458	0.023346
0.017548	-0.007477	0.043793
0.012055	-0.010224	0.049592
-0.021515	-0.007477	0.006256
-0.012665	-0.011444	-0.012055
-0.013886	-0.018158	-0.020600
0.009003	-0.000458	0.007172
0.071870	0.016022	0.070039
0.062715	0.024872	0.023041
0.010834	0.021210	-0.017548
-0.002899	-0.008087	-0.008698
0.022736	-0.007782	0.021515
0.052644	0.001373	0.032197
0.003815	0.009918	0.052949
-0.008392	0.014496	0.025483
-0.013886	-0.001984	0.006256
-0.023346	0.004425	0.036774
0.016022	0.019074	0.084077
0.130770	0.023651	-0.013886
0.111543	0.005035	-0.008392
0.030365	-0.016327	0.000458
0.016938	-0.027619	0.015717
0.014496	-0.030976	-0.015412
0.012055	-0.009003	-0.028840
0.020294	-0.005341	0.029755
0.025177	-0.007477	0.084688
0.011139	-0.023957	-0.016327
0.000763	-0.021820	-0.021210
0.046235	-0.000763	0.036164
0.056306	0.019379	0.083162
0.017853	-0.034638	-0.000153
-0.010529	-0.029450	-0.016938
0.000763	0.005951	0.037079
0.000153	0.005951	0.072786
-0.002899	-0.013886	0.020600
-0.006561	0.003204	0.027924
0.003815	-0.015106	-0.007782
0.024567	-0.014496	-0.002594
0.021820	-0.008392	0.063630
0.020294	0.015717	0.052949
0.030060	0.019989	0.016022
0.043793	0.019989	0.012055
0.048676	0.012055	0.002594
0.030365	0.006561	0.039521
-0.025483	-0.003204	0.041962
-0.034028	-0.019379	0.012665
-0.003815	-0.021210	-0.007477
-0.031586	-0.008392	-0.048066
-0.042267	-0.009308	-0.010834
-0.003204	-0.013886	0.037690
0.001678	0.010529	0.053559
0.024262	0.023346	0.070649
0.103609	0.032807	0.054780
0.167391	0.007172	0.054780
0.076753	-0.018158	-0.011444
0.070649	-0.019989	-0.043183
0.040436	-0.005035	0.030976
0.041352	-0.000458	0.015412
0.032197	0.006561	0.036164
0.030365	0.002594	0.032197
0.023041	-0.014801	0.038605
0.009918	-0.033112	-0.032197
0.011749	-0.026398	-0.019684
0.070039	0.036774	0.131380
0.073091	0.040742	0.111543
0.045624	0.008087	0.072480
0.023651	-0.008698	0.027314
0.014496	-0.013581	0.001678
0.012360	0.012055	0.010224
0.020905	0.023651	-0.027008
0.015717	-0.003204	-0.003204
0.021515	-0.009918	-0.014801
-0.001373	-0.030060	-0.056916
0.005951	-0.027619	0.022431
-0.012055	-0.040436	-0.030365
-0.004730	-0.020905	-0.043183
0.005341	-0.007477	0.040131
0.026093	0.022431	0.031281
0.023346	0.029145	0.055390
0.019074	0.016938	0.035554
0.008698	0.003510	-0.008698
0.017853	0.000458	0.011139
0.015717	-0.001678	0.051423
0.041657	0.025788	0.070954
0.036469	0.010834	0.038300
0.009918	-0.001068	0.016632
0.009613	-0.011444	-0.012665
0.018158	-0.012970	-0.063020
0.030060	-0.011139	-0.012055
0.010529	-0.033112	-0.014801
0.011749	-0.027008	-0.033417
-0.013581	-0.020294	-0.059358
0.005035	0.021210	0.022736
0.020905	0.001678	0.092317
0.012970	-0.032502	0.060578
0.030365	-0.003510	-0.000763
0.022126	-0.006561	0.026398
0.038911	-0.005035	-0.016022
0.027924	0.010224	-0.029450
0.009308	0.002289	0.035248
0.017853	0.009918	0.035554
0.037995	0.018463	0.027314
0.038605	0.004730	0.036469
0.033722	-0.013886	0.054170
0.029145	-0.006867	0.020294
0.002594	-0.021515	0.030976
-0.020905	-0.000458	0.001678
0.004730	0.000153	-0.036164
0.025177	0.004730	0.032197
0.043183	-0.000153	0.029755
0.056611	0.001984	-0.016938
0.012665	0.014191	0.037385
0.030365	0.000763	0.049592
0.027619	0.009308	0.015412
0.012970	-0.018769	0.048066
0.000153	-0.026093	0.016938
0.008392	-0.001984	0.021515
0.020905	0.002594	0.046845
0.014191	0.001373	0.028840
0.030671	-0.001373	0.023346
0.069123	0.018463	0.033722
0.039826	0.021210	0.006867
0.017243	-0.000458	-0.017243
-0.003204	-0.018158	-0.019379
-0.025483	-0.009308	-0.016327
-0.012665	0.009613	-0.056611
0.014496	0.020905	0.102998
0.015717	0.016022	0.040742
0.084993	0.012665	0.017243
0.064851	-0.004730	0.008392
0.018158	-0.012360	-0.041352
0.038911	-0.013581	-0.019379
0.016327	-0.000153	-0.040742
-0.003815	-0.025788	0.005341
0.023957	-0.005341	0.045930
0.025788	0.003204	0.044709
0.025483	0.005035	-0.033722
0.020905	0.009308	-0.000763
0.032197	0.022126	0.036774
0.030365	0.005035	0.011749
0.032807	0.005035	-0.009003
0.034333	0.008087	0.046540
0.035859	0.011749	0.055695
0.029145	0.002899	0.001678
0.018463	-0.002899	-0.017243
0.020600	-0.011749	0.016938
0.014191	-0.016938	-0.001373
0.023651	-0.000763	-0.026398
0.033112	0.005035	0.017853
0.017853	0.021210	0.018158
0.001984	-0.013275	-0.040131
0.017853	0.000763	-0.042267
0.029450	0.009308	-0.037079
0.038911	0.017853	0.031586
0.027008	0.000763	-0.014191
0.006256	-0.001678	-0.028840
0.001678	-0.013275	-0.085298
0.011444	0.002899	0.073396
-0.010224	0.003510	0.019684
0.053864	0.009613	0.040131
0.085298	0.027924	0.112459
0.031281	-0.004730	-0.022126
0.045014	0.000153	0.065156
0.041657	-0.005341	0.010834
0.038911	0.025788	-0.003204
0.027924	0.001373	0.020600
0.018158	-0.014496	-0.014801
0.014191	-0.024872	0.020905
-0.008087	-0.014801	-0.014496
-0.001984	-0.009613	-0.016632
0.013275	-0.026703	-0.014191
0.025788	-0.003510	0.003815
0.012055	-0.000153	0.003510
0.035554	-0.001984	-0.005951
0.015106	-0.010529	-0.030671
0.033722	-0.004425	-0.021515
0.018769	0.004425	-0.014801
0.041657	0.019379	0.066987
0.016022	0.000153	0.041047
-0.027008	0.014496	0.054170
-0.043488	0.009003	0.099336
-0.003815	0.012970	0.055390
-0.035554	0.014801	0.025788
0.023957	0.023346	0.061799
0.003204	-0.002594	0.001373
-0.053864	-0.002899	-0.054780
-0.049592	-0.012360	-0.060578
0.065156	0.040131	0.042573
0.173495	0.053254	0.089876
0.080720	0.001068	0.063020
0.030365	-0.027924	0.017548
0.012360	-0.027619	-0.031891
0.006256	-0.023651	-0.039826
0.005951	-0.013275	-0.033417
0.024262	-0.009003	0.000763
0.027008	-0.006256	-0.011139
0.027314	-0.005951	0.003815
0.030060	0.000153	-0.009308
0.044404	-0.004120	-0.004425
0.031281	0.004425	-0.064546
0.036774	0.016022	0.038911
0.031281	0.006561	0.023957
-0.005035	-0.020294	-0.045624
0.000153	-0.016632	-0.029755
0.003510	-0.012055	0.012055
0.000458	-0.026398	-0.081636
0.010529	0.008698	0.049592
0.011139	0.010224	0.071260
0.013886	-0.000458	0.047150
0.001984	0.012970	0.035859
-0.000458	0.006256	-0.016632
0.006867	0.005951	0.002594
0.033722	0.001678	0.062409
0.078279	0.020905	0.076448
0.022736	0.016938	0.037995
0.031891	0.005646	0.059968
0.039521	-0.013581	0.036164
0.027924	-0.001373	0.015412
0.022431	-0.001373	0.008087
0.021820	0.010224	0.041657
0.025177	-0.013275	0.034943
0.012055	-0.017548	0.005646
-0.003204	-0.005341	-0.032197
0.020600	0.002594	0.062715
0.002594	0.007782	0.005341
0.016022	0.010529	0.036469
0.046540	0.019989	0.025177
0.038911	0.006561	0.001984
0.027924	-0.000153	0.038911
0.011139	-0.015412	0.049287
0.017243	-0.010224	0.037995
0.012970	-0.018769	0.029450
0.011749	-0.002899	0.016022
0.028840	0.005646	0.003510
0.011444	-0.009918	-0.041962
0.012360	0.004425	0.029755
0.013275	0.008392	-0.009918
0.032502	0.025177	0.034943
0.043793	0.020600	0.009918
0.014801	-0.010224	0.009003
0.023041	-0.002594	-0.023041
0.022431	0.002289	-0.001678
0.026093	-0.008392	0.018463
0.010834	-0.008087	-0.030976
-0.008698	-0.019989	-0.029755
0.028229	-0.024262	-0.045624
0.023041	-0.010224	0.013275
0.034638	0.008087	0.076753
0.024872	0.008392	0.027619
0.023651	0.010529	0.057832
0.017243	0.009003	0.056306
0.012970	0.012360	-0.016938
0.017243	0.014801	-0.027008
0.045014	0.031586	0.026398
0.041352	0.023346	0.046540
0.023651	0.018158	0.048066
0.015412	-0.002594	0.022736
0.007172	-0.022126	0.026093
0.001068	-0.023041	0.014801
0.015106	-0.016938	0.016022
0.020905	-0.024262	-0.003815
0.023651	-0.002899	0.006256
0.015412	0.012970	-0.043793
-0.004425	-0.012055	-0.026398
-0.016022	-0.006561	0.019074
-0.012970	0.000153	0.063325
0.048371	0.018463	-0.012360
0.024262	0.008087	-0.011139
0.064240	0.003815	0.080720
0.061189	0.000763	0.040742
0.029450	-0.020600	-0.009613
0.034943	-0.029450	-0.020905
0.024872	-0.019074	0.024872
0.029145	-0.017243	-0.032807
0.030060	-0.012055	-0.055390
0.017243	-0.010529	-0.023346
0.015717	0.016632	0.062715
0.009308	0.007477	0.013886
0.010834	0.018158	0.035554
0.018158	0.002289	0.046845
-0.014496	-0.010834	0.073091
0.054780	-0.009308	0.057832
0.064546	-0.001068	0.029145
0.020294	0.000763	0.000153
0.025788	-0.006256	0.012055
0.033722	0.031586	0.041962
0.047761	0.034333	0.021515
0.039216	0.001678	-0.010529
0.020600	-0.023651	-0.070344
0.027619	0.002594	0.006256
0.018769	-0.009918	0.005341
0.013886	0.018463	0.011139
-0.017243	0.019989	0.005035
-0.030671	0.017243	0.043793
-0.018769	0.001678	-0.003815
-0.012970	-0.008392	-0.027314
-0.032197	-0.008392	-0.052033
0.001984	-0.019989	0.030060
0.099947	0.027619	0.010834
0.082856	0.004730	0.031586
0.063630	-0.009308	0.032807
0.024872	-0.012970	0.007172
0.029145	-0.002594	-0.035859
0.030976	-0.015717	-0.030671
0.027008	-0.004730	-0.013581
0.035554	0.007477	-0.021210
0.019684	-0.019684	0.095674
0.008392	-0.024262	0.038300
0.010834	-0.023651	-0.023346
0.006256	-0.016022	0.031891
0.011139	0.011139	0.071565
0.016327	0.019074	0.051423
0.001068	0.003204	0.030060
0.015717	-0.008698	-0.025483
-0.001984	-0.004120	-0.000458
0.005341	0.007477	-0.001678
0.020294	0.005646	0.028840
0.025483	-0.006561	0.007782
0.016327	-0.015106	0.049897
0.020294	0.004120	0.026398
0.018158	0.001068	0.020905
0.001373	-0.001373	0.030671
0.000458	-0.010834	-0.026398
-0.002899	-0.019074	-0.014801
-0.012665	-0.019684	-0.027924
0.033112	-0.017853	-0.026398
0.051118	0.002594	-0.048981
0.004120	-0.009308	-0.022736
-0.016022	-0.011444	0.047456
-0.020294	-0.001373	0.070039
-0.025177	-0.021820	0.040742
-0.022736	-0.012055	0.111849
-0.015412	-0.030060	0.049592
0.131685	0.018158	0.060578
0.081331	0.016632	0.031891
0.063935	0.002594	0.035859
0.051728	0.006256	0.041657
0.038605	-0.007782	0.011444
0.032807	-0.002594	0.003204
0.023957	0.003510	-0.039521
0.053864	0.005341	-0.042267
0.036774	-0.001068	-0.032807
-0.022126	-0.014801	0.030365
0.014191	0.018463	0.042267
0.031891	0.020905	0.045930
0.034028	0.001373	0.032807
0.034943	0.014801	0.062409
0.020600	0.011749	0.039521
0.010834	0.011444	0.027314
-0.003510	-0.019379	-0.012970
0.016022	-0.011139	-0.033722
0.009918	-0.014191	-0.020600
0.015106	-0.001068	0.012665
0.019379	-0.008698	-0.001373
0.010224	0.006561	0.027008
-0.008392	-0.017853	0.037995
-0.002899	-0.016632	-0.001984
0.038605	0.016327	0.033417
0.039216	0.034028	0.050813
0.037995	0.014191	0.089876
0.032197	-0.016632	0.039826
0.027314	-0.010529	-0.036469
0.021515	-0.010834	-0.065461
0.027619	-0.013275	-0.049592
0.039216	0.005646	0.082856
0.033112	-0.006561	0.001068
0.035554	0.010224	0.014191
0.026398	0.004120	0.043793
0.008087	0.011749	0.029755
0.016327	0.006256	0.038300
0.001068	-0.017243	0.009308
0.001373	-0.008392	-0.003204
0.026093	-0.001678	0.003204
0.006561	-0.010529	0.001068
0.008087	-0.007477	0.008087
0.012360	-0.007782	0.043183
0.017243	-0.007477	0.034943
0.023651	0.005646	0.063325
0.021515	0.006561	0.043793
0.012360	-0.005646	0.031891
-0.015412	-0.006561	0.012970
-0.014191	-0.012055	0.017853
-0.009918	-0.017243	-0.005951
-0.000458	-0.028534	0.010834
0.027619	-0.000153	0.041047
0.057221	-0.000458	0.034028
0.032502	-0.008698	-0.014801
0.016327	-0.022126	-0.001678
0.043183	-0.010224	-0.001068
0.037995	0.011749	-0.005646
0.058442	0.020294	-0.002594
0.043488	0.004730	0.000153
0.026398	0.017243	0.079500
0.000458	-0.008087	0.005646
0.001678	-0.012665	-0.001678
-0.022736	-0.020600	-0.053559
0.037385	0.005646	-0.071260
0.047150	0.014191	0.022431
0.026398	0.006867	0.041962
-0.021820	-0.037079	0.001984
-0.006867	-0.004730	0.025177
0.015717	-0.001678	0.123751
-0.000763	0.002899	0.068818
0.043488	0.015412	0.070344
0.016022	-0.004120	0.018158
0.003204	-0.009003	0.048066
0.016327	-0.010834	0.009308
0.023041	-0.009003	0.008087
0.019684	-0.003204	0.005646
-0.004120	-0.019684	-0.028534
0.001373	-0.014191	0.012970
0.032502	0.014801	0.068818
0.041657	0.022126	0.001068
0.024567	0.005035	0.026398
0.023957	0.003815	0.054780
0.017853	-0.019684	0.012970
-0.001678	-0.018158	-0.021820
0.056916	0.009003	-0.001984
-0.005646	-0.007782	0.001068
0.042267	0.005035	0.016327
0.030976	0.005951	-0.019989
-0.026703	0.003510	-0.028840
-0.036774	-0.002899	0.052949
-0.035859	-0.006561	0.081941
-0.031891	-0.010224	0.025788
0.034638	0.005035	0.001984
0.097200	-0.012970	0.068208
0.063935	-0.026703	-0.054780
0.028840	-0.029145	-0.045014
0.035859	-0.006867	0.012360
0.037690	-0.008087	0.032502
0.045624	0.013581	0.095979
0.036774	0.003204	0.041047
0.019684	0.006561	0.000153
0.015412	-0.000153	-0.005951
0.027314	0.007782	0.017243
0.014496	-0.009003	-0.000153
0.018158	-0.025788	0.035554
0.019684	-0.021515	0.012055
0.031586	-0.018769	0.009918
0.034333	0.008392	0.000763
0.027619	-0.002289	-0.012360
0.036164	-0.017853	-0.001984
0.011749	-0.003204	-0.012970
0.002899	0.001373	-0.027314
-0.005035	0.001373	0.057527
0.008392	0.000763	0.073701
0.011444	-0.025483	0.033417
0.000153	-0.022736	0.033112
0.016327	-0.003510	0.021515
0.002899	-0.005646	-0.019074
0.000458	-0.016632	0.001984
0.031891	-0.012055	0.074617
0.034638	0.005646	0.076753
0.031586	-0.008698	0.026398
0.014801	-0.017548	0.007172
0.000153	-0.014801	0.041962
0.034333	-0.005341	0.050813
0.017243	-0.002594	0.030365
0.014801	-0.003815	0.005646
0.025788	-0.010224	0.005035
0.014191	-0.018158	-0.000153
0.017548	0.000153	0.062715
0.016022	-0.019074	0.051118
-0.007782	-0.017243	-0.004730
-0.008087	-0.008087	0.037690
-0.043183	-0.024262	0.023041
-0.034638	-0.028840	-0.003510
-0.050202	-0.025177	0.010834
-0.021820	-0.016327	0.010834
-0.020294	-0.015717	-0.003204
0.089570	-0.001373	-0.030976
0.094453	0.002899	0.060273
0.007782	-0.029145	0.041962
0.011444	-0.027924	0.023346
0.003815	-0.001678	-0.012970
0.025483	-0.012055	0.031586
0.106661	0.016327	0.057527
0.117647	0.026398	0.049592
0.074617	0.012360	0.021210
0.050202	0.011749	0.015412
0.033417	-0.013886	0.004730
0.024262	-0.018463	0.034638
0.025788	-0.028840	0.003204
0.021210	-0.005646	-0.009308
0.025788	-0.010224	0.016632
0.029450	-0.027619	0.000763
0.005035	-0.015412	-0.059358
0.023651	-0.015106	0.014496
0.038911	-0.013275	0.036774
0.039216	-0.020600	-0.012665
0.016632	-0.017853	-0.031281
0.006561	-0.037690	-0.010529
-0.003510	-0.026703	-0.047761
-0.022736	-0.032807	-0.049287
-0.005951	-0.063325	-0.016327
0.007477	-0.019989	0.035859
0.061189	-0.024567	0.069734
0.013886	0.005341	0.021210
0.019684	0.009918	0.066682
0.054170	0.012970	0.066987
0.017853	-0.005951	0.005341
0.015412	-0.001678	-0.027008
0.014496	0.008698	0.010224
0.015106	0.006867	0.035248
0.057221	-0.005646	-0.008698
0.027008	-0.014496	-0.009003
0.016632	-0.027619	0.001678
0.028534	-0.014496	0.052949
0.032807	-0.005646	0.056306
0.009308	-0.015412	0.027008
-0.032502	-0.027924	0.019989
-0.073396	-0.024872	-0.006561
-0.077058	-0.046235	-0.008698
-0.063935	-0.037690	-0.001678
-0.009308	-0.023041	0.012970
0.085603	0.006561	0.024262
0.158846	0.011444	0.066987
0.089570	-0.008392	0.028229
0.108797	0.002289	-0.015412
0.079500	0.033417	0.040742
0.036774	0.023346	0.026398
0.001068	-0.016022	0.008087
-0.005646	-0.031586	-0.052033
0.014801	-0.016022	0.005035
0.023651	-0.005646	0.036469
-0.000153	-0.013886	0.041657
0.006867	-0.027924	0.012055
0.017548	-0.018769	0.026398
0.034333	-0.032502	0.016022
0.029450	-0.023346	0.046235
0.007172	-0.010224	-0.029450
0.025788	-0.014191	-0.023041
0.031281	-0.009308	0.012970
0.031586	0.011749	0.074006
0.014801	-0.017853	0.034028
0.021820	-0.010529	-0.029450
0.027314	-0.019379	0.001068
0.021515	-0.025788	0.013886
0.002289	-0.024567	-0.019684
0.017243	-0.030671	-0.045930
0.016022	-0.052338	-0.056001
0.016327	-0.037690	-0.034638
0.011749	-0.030671	-0.016632
0.025483	-0.017853	-0.032197
0.018463	-0.022736	0.035859
0.000458	-0.025177	0.072175
-0.009613	-0.039826	0.080110
0.009003	0.003815	-0.017243
0.023957	0.023957	-0.068208
0.027619	0.015106	-0.022736
0.034943	0.015717	0.055085
0.035859	0.021820	0.047150
0.033112	0.007172	0.081331
0.016938	0.001373	0.037385
0.011749	-0.007782	0.017548
0.008087	-0.021515	-0.019074
0.010224	-0.013581	0.014496
0.017548	-0.011749	0.021210
0.018463	-0.006867	0.001984
0.015412	-0.006256	0.034943
0.034333	-0.001984	0.073396
0.020905	-0.004425	0.059663
0.011444	0.000458	0.014191
0.017548	0.021515	0.046845
0.019684	0.012360	0.049287
0.017548	-0.011444	0.040131
0.006867	-0.025483	-0.022736
-0.005646	-0.030671	-0.014801
0.010224	-0.009613	-0.017243
0.028229	-0.008698	0.031586
0.021210	-0.017243	0.021515
0.015717	-0.008087	0.040436
0.006561	-0.014496	0.024262
-0.011444	-0.014191	0.012665
-0.023346	-0.032502	-0.030365
-0.025788	-0.031891	0.026398
-0.007782	-0.015717	0.048981
0.056001	-0.013581	0.019989
0.091096	-0.006256	0.002899
0.049897	0.008698	0.005035
0.030976	0.008087	0.001373
0.021515	0.004730	0.016632
0.013886	-0.009613	-0.033417
-0.005035	-0.016632	-0.005646
-0.009613	0.015717	0.012970
0.004730	0.042878	-0.014191
0.005341	-0.001678	0.026398
0.026398	0.003510	0.216526
0.102388	-0.004730	0.068513
0.029145	-0.036469	-0.024262
0.005035	-0.018769	-0.024262
0.009308	-0.020905	0.057527
0.016938	-0.016938	0.049897
-0.015717	-0.011749	0.019684
-0.005341	-0.000763	0.032807
-0.010834	-0.002594	0.023346
-0.013886	-0.010834	0.009613
0.004120	-0.014496	-0.037079
0.070344	-0.006867	-0.001068
0.046235	0.009003	0.041352
0.005951	0.000458	-0.001373
-0.027619	0.008087	-0.056916
-0.017548	-0.001068	-0.001068
0.006867	-0.001068	0.024567
0.066682	-0.025177	0.080415
0.111543	-0.030060	0.043793
0.114290	-0.006561	0.016938
0.054780	-0.018769	0.034638
0.027314	-0.033417	0.000153
0.017853	-0.030671	-0.014801
0.018463	-0.020905	-0.027314
0.030976	0.004120	0.006867
0.018769	0.008087	-0.025788
0.035554	-0.000458	0.014801
0.033417	0.002289	0.023041
0.025788	-0.014496	-0.019379
0.024567	-0.015106	-0.033112
0.007477	-0.011139	-0.026398
0.014496	-0.013275	-0.031891
0.014801	-0.021515	-0.029450
-0.010529	-0.018158	0.014801
-0.012360	-0.017243	-0.001373
-0.010224	-0.012360	-0.040131
-0.001678	-0.018769	-0.026398
0.020600	-0.001068	0.015412
0.037995	0.017548	0.001984
0.028229	0.004120	0.000458
0.011444	-0.011444	0.025788
0.002594	-0.018463	-0.004120
-0.024262	-0.030365	-0.010529
-0.004425	-0.022126	-0.022126
0.018158	0.007477	0.031891
0.020294	-0.007782	0.062104
0.023957	0.012665	0.094453
0.028534	0.005951	0.060578
0.045624	-0.000153	0.019379
0.023957	0.005341	0.028534
0.018769	0.002289	0.056306
0.017548	-0.008087	0.031586
0.014496	-0.010224	0.023041
0.010834	-0.010834	-0.041962
0.005646	-0.031891	-0.033722
0.001373	-0.028534	-0.001068
0.022126	0.006561	0.058137
0.043488	0.044099	0.102083
0.020294	0.038605	0.077974
0.027314	0.018463	0.092927
-0.000763	-0.012360	0.055695
-0.003815	-0.037079	0.000153
-0.011749	-0.015717	-0.042573
0.025788	-0.005341	0.044404
-0.005341	-0.030060	-0.016327
-0.011749	-0.009613	-0.017548
0.004730	-0.026398	0.016938
0.005646	-0.030671	-0.005951
-0.004730	-0.018769	-0.092317
0.030060	0.013886	-0.007477
0.060273	0.034028	0.079805
0.037690	0.019989	0.030976
0.035554	0.019074	-0.010834
0.033417	0.011139	0.049897
0.031281	-0.003204	0.040742
0.017548	-0.015717	0.030671
0.012055	-0.031586	0.017853
0.010834	-0.008087	-0.005646
0.014496	-0.010529	-0.020294
-0.000458	-0.030060	-0.015717
-0.004120	-0.011444	0.030365
0.008392	0.008087	0.012055
0.030365	0.003204	0.012970
0.011749	-0.007477	0.019379
0.021515	-0.023346	0.029145
0.041962	-0.014496	0.030976
0.058137	-0.001984	0.033112
0.012360	-0.020294	0.012665
-0.000763	-0.011749	0.030060
-0.000153	-0.021210	0.008698
0.005341	-0.009613	0.023041
-0.012055	0.009918	0.025483
-0.013886	-0.005646	-0.039521
-0.021515	-0.015717	-0.009918
-0.034333	-0.030671	0.057832
0.045930	0.007782	0.045014
0.106050	0.029450	0.054170
0.049897	0.019989	0.020600
0.025788	0.016632	0.000763
0.025177	0.000153	0.015106
0.030060	-0.004120	0.025177
0.039826	0.030365	0.071565
0.016938	0.011749	0.021515
0.013581	-0.011444	-0.016938
0.018158	-0.012665	-0.006867
0.020905	-0.009918	0.009003
0.036774	-0.006867	-0.008392
0.032197	-0.001373	-0.030060
0.043488	0.009308	0.038605
0.062409	0.044099	0.115816
0.048676	0.023651	0.067903
0.034028	-0.009613	0.035859
0.009613	-0.024262	0.007782
-0.022431	-0.027619	-0.016327
-0.029145	-0.018769	0.002594
-0.033417	-0.020294	-0.009918
-0.033722	-0.017853	0.021210
-0.027924	-0.001984	0.011444
0.020600	-0.008698	-0.019074
0.041657	-0.002289	0.014496
0.122530	0.031891	0.062409
0.103609	0.010529	0.000153
0.009613	-0.008698	-0.000458
-0.005035	-0.014191	-0.002899
-0.006256	-0.011749	0.023041
0.006561	-0.021820	0.057527
0.014191	-0.016327	0.043488
0.015412	-0.003510	0.013581
0.056001	0.006561	0.014496
0.048676	0.001373	-0.013886
0.027619	-0.001068	0.028229
0.007477	-0.016327	0.009918
0.018158	-0.015412	-0.013581
0.010834	0.002899	0.010529
0.022126	0.009918	0.017548
0.010529	0.011749	0.036774
0.019379	0.016632	0.038911
-0.011139	-0.004425	-0.005341
-0.037385	-0.005035	-0.011749
-0.038605	-0.000153	-0.056001
-0.036774	-0.012360	-0.095064
-0.014191	-0.004730	0.134127
-0.000153	-0.027008	0.038300
0.135653	0.008087	-0.016327
0.070954	-0.013581	-0.023041
0.045319	-0.018463	-0.017243
0.042878	0.006256	-0.003204
0.031281	0.008698	-0.026093
0.010834	-0.008087	-0.010529
0.019379	-0.006561	-0.030671
0.024262	0.001984	0.022736
0.023041	-0.018463	0.024567
0.023041	-0.005951	-0.039826
0.027314	0.011139	0.040742
0.012665	-0.018158	-0.035859
0.020294	-0.004730	-0.047456
0.037079	-0.026703	0.050507
0.045014	0.004730	0.083772
0.039216	-0.019684	0.032807
0.040436	0.008087	0.033722
0.014191	0.034638	-0.003510
-0.010834	0.035554	0.018463
0.004120	0.012970	0.124666
0.012360	0.014191	0.067597
0.013581	-0.019989	-0.012360
0.004120	-0.028229	-0.043183
0.042267	-0.001373	0.015106
0.033112	-0.009003	0.032807
0.003815	-0.014801	0.047150
0.019989	-0.022126	0.013275
0.003510	-0.017548	-0.033417
0.023957	0.006561	-0.012665
0.026398	-0.003815	0.021515
0.040436	-0.001984	-0.000763
0.030060	0.013886	0.065461
0.017548	-0.016327	0.034028
0.002594	-0.024872	-0.012970
-0.019379	-0.026093	-0.029755
0.004120	-0.019074	0.058442
0.000153	0.004730	0.052033
0.012360	-0.002899	-0.021515
0.042573	0.005951	-0.012360
0.023651	0.005646	-0.002594
0.049897	0.002289	0.064851
0.036774	-0.030976	-0.003510
0.014801	-0.012055	-0.003204
0.017853	-0.001678	0.000153
0.001373	0.008392	0.014191
-0.020294	-0.001678	0.040436
-0.027008	-0.007782	0.038911
-0.026398	-0.000458	0.049592
-0.040436	0.003815	0.051118
-0.013581	-0.000763	0.046845
0.075227	0.009613	0.070344
0.049287	0.005951	0.055390
0.073396	-0.002289	0.038911
0.055085	-0.010529	0.012665
0.080110	-0.004120	0.032807
0.064851	-0.020600	-0.008698
0.020294	-0.026703	0.005035
0.028229	-0.019074	0.007477
0.002899	-0.025788	0.009918
-0.016938	-0.029755	0.017243
-0.012055	-0.016938	-0.005035
-0.013886	-0.024872	0.035248
-0.001984	0.004120	0.034638
0.063020	0.011139	0.045319
0.069734	0.028534	0.047761
0.050507	0.010224	0.038605
0.052644	0.003510	0.021515
0.034028	-0.007782	0.020600
0.036469	-0.012360	0.009308
0.004425	-0.005341	0.006867
0.005951	0.000763	-0.002289
0.002289	0.012055	0.042573
0.009308	0.005646	0.005646
0.004120	-0.005951	0.009613
0.000763	-0.008698	0.029145
0.000153	0.006256	0.024262
-0.019074	0.006561	0.012970
-0.007782	-0.004120	-0.010224
0.009308	0.012665	0.041352
0.036774	0.010834	0.106661
0.023041	-0.002594	0.036469
0.008698	-0.015717	0.018158
-0.009613	-0.014801	-0.008392
0.008698	0.000153	-0.036774
0.027619	0.022431	0.048371
0.029145	0.007172	0.095674
0.002289	0.000458	0.025483
0.001678	-0.005646	0.035248
-0.016632	-0.030365	0.023346
-0.008087	-0.011139	0.004730
-0.002594	0.019989	0.020905
0.013886	0.015412	0.074617
0.034638	0.023651	0.041047
0.006561	-0.015106	0.030365
-0.017548	-0.025483	-0.050507
-0.031281	-0.030060	-0.074006
-0.010224	0.004425	-0.027314
0.060273	0.007172	0.058747
0.038300	-0.005035	-0.014801
0.004730	-0.005951	0.005035
0.008087	0.009613	0.006867
0.030060	0.031281	0.066682
0.023957	0.017853	0.073396
0.009308	-0.001373	0.043488
0.002289	0.001068	-0.004120
0.003815	-0.000458	-0.012360
0.016327	0.006256	0.054170
-0.001068	-0.014191	0.051728
-0.020905	-0.029755	-0.016632
-0.002899	-0.018158	-0.030060
0.001984	-0.029145	-0.032807
-0.016327	-0.036164	-0.076753
-0.000763	-0.027924	-0.019074
0.022431	0.007477	0.117342
0.032197	-0.010224	0.079500
0.036164	0.005951	0.074617
0.005646	-0.010224	-0.000153
0.019684	0.013581	0.038300
0.025788	0.027619	0.040131
-0.005035	0.037690	0.009003
0.019379	0.023346	0.044099
0.012970	-0.006256	-0.003204
-0.001068	-0.005341	-0.013581
0.002289	-0.010529	-0.003815
-0.001373	0.001068	0.051118
-0.003204	-0.012970	0.020905
0.008087	-0.006561	-0.016327
0.015106	0.002899	0.088045
0.016938	-0.014191	0.035248
0.001678	-0.014496	-0.014191
-0.016632	-0.026093	0.006867
0.005646	-0.022431	0.007782
-0.003510	-0.012665	0.016632
0.005951	-0.014496	0.015106
0.001373	-0.012360	0.021820
0.009308	-0.009613	0.027314
0.006561	0.005951	0.011444
-0.006867	-0.002899	0.007782
-0.027008	0.001984	0.004425
-0.012055	-0.005951	0.010834
-0.014496	0.000458	0.010224
-0.022126	0.005341	0.009308
0.015412	-0.002594	0.021210
0.029450	-0.006256	-0.004120
-0.038300	-0.004425	0.014191
-0.050202	-0.004120	0.017243
-0.043183	0.015717	0.048066
-0.018769	0.023651	0.071260
0.048066	0.032807	0.070039
0.155489	0.029145	0.089876
0.108186	-0.008698	0.050507
0.041047	-0.052033	-0.053254
-0.013275	-0.021820	-0.028229
-0.000763	-0.011749	0.000763
0.011749	-0.012055	0.011749
0.035248	-0.003204	-0.006256
0.039826	-0.006256	-0.012360
-0.035248	-0.032807	-0.055085
-0.054170	-0.028840	-0.093233
-0.030976	-0.027314	-0.042573
0.036164	0.002594	0.069429
0.111543	0.016632	0.093538
0.053254	-0.008698	0.035248
-0.007782	0.000763	0.038911
0.016938	-0.010529	0.030671
-0.010224	-0.010224	0.026093
-0.008392	0.000153	0.023651
-0.012970	-0.009308	0.033112
0.002899	-0.012055	-0.011444
0.003204	-0.012665	-0.002289
0.069429	0.006867	0.028534
0.036164	-0.015106	-0.012665
0.037079	-0.005951	0.013275
0.037690	-0.003510	0.028534
0.024262	-0.002594	0.007782
0.020294	0.001373	-0.029755
0.018769	-0.006867	-0.030976
0.015717	-0.003204	0.014801
0.007172	0.006561	-0.022126
0.005646	-0.016938	-0.039826
0.005646	-0.003815	0.012360
0.012055	-0.011749	0.027619
0.008392	0.007782	0.058442
-0.006561	0.001373	0.006867
-0.012055	-0.008698	0.019074
0.026093	0.012055	0.024872
0.020294	0.003510	0.052338
0.053254	0.019379	0.038605
0.037079	0.003204	-0.036164
-0.000153	-0.002594	-0.019989
0.013275	-0.005035	0.009918
0.002594	-0.019989	0.040131
0.012360	-0.015106	-0.034638
-0.036164	-0.015717	-0.025483
-0.056001	-0.015717	-0.035859
-0.079500	-0.012055	-0.033417
-0.077363	-0.000458	0.097505
-0.030671	-0.003815	0.088045
0.135348	0.007782	0.085908
0.162203	0.006561	0.081941
0.081025	-0.019379	-0.022126
0.052949	-0.025483	0.034943
0.036164	-0.002289	0.020905
0.022431	-0.005341	0.019074
0.028229	0.019684	0.070954
0.048371	0.029450	0.073396
0.048981	0.021515	0.141146
0.035248	-0.000458	-0.002594
0.009003	0.004120	-0.062715
0.023041	-0.004730	-0.016327
0.038911	0.008698	-0.015106
0.050202	0.036469	0.073091
-0.003204	-0.005951	0.021515
0.001678	-0.018769	0.016938
0.009918	-0.012665	0.021515
0.009308	-0.011749	0.056306
0.003815	-0.022736	0.030060
0.005341	0.004730	0.049897
-0.005341	0.005646	0.023041
-0.005951	-0.015412	-0.000153
-0.000763	-0.033722	-0.010529
0.012360	0.002899	0.053254
0.008392	-0.001068	0.012360
0.018158	-0.007477	-0.014801
0.024872	-0.013886	0.008087
0.025483	0.008392	0.030671
0.014496	-0.005035	0.049287
0.012970	-0.009308	0.019684
0.021515	0.009003	0.039826
0.025177	0.010529	0.042573
0.014496	-0.003204	0.032502
-0.000153	0.005341	0.029145
0.008698	-0.004120	0.063935
0.004425	0.001678	0.044404
0.001678	-0.000458	0.052644
0.007782	0.015412	0.037690
0.005646	-0.002899	-0.009308
-0.020905	-0.020600	-0.059358
-0.020294	-0.019074	-0.066682
0.004425	-0.021515	-0.005646
0.014496	-0.005035	0.042878
0.021515	0.010224	0.056001
0.052644	0.004120	0.018769
0.011749	0.007172	-0.004730
-0.025483	0.000763	0.027314
-0.002289	-0.001678	0.066072
-0.004730	-0.000763	0.011444
0.014801	0.009613	-0.030671
0.023957	0.009003	-0.034333
0.017853	0.013275	0.034028
0.019684	0.012665	0.020905
0.018158	0.013275	0.031281
-0.001373	-0.004425	0.041962
-0.009918	-0.004730	0.003815
-0.006561	0.003204	0.017548
-0.008698	0.010834	-0.008087
-0.009003	-0.009918	-0.018769
-0.012665	0.002594	0.014801
0.033417	-0.031281	0.011444
0.037385	-0.020294	0.016632
-0.002289	-0.030976	-0.012055
0.008087	-0.019379	0.038605
0.011444	-0.009613	0.021820
0.001984	-0.023346	-0.010529
0.032502	0.000153	-0.001373
0.032197	0.005646	0.001068
0.022736	0.012970	0.028840
0.039216	0.027924	0.032502
-0.007782	0.028840	0.065766
-0.006561	-0.009308	0.048371
0.010834	-0.009003	0.021210
0.010834	-0.016327	-0.026398
0.018769	0.009308	-0.012360
0.089570	0.026093	0.019379
0.065156	0.041352	0.030976
0.047150	0.036469	-0.011444
0.067597	0.022431	0.066072
0.052644	-0.015717	0.005951
-0.001068	-0.049592	-0.103304
0.007782	-0.034333	-0.014191
0.015412	-0.038911	-0.012665
0.016632	-0.015412	0.039826
0.020905	-0.011139	0.018769
0.024567	-0.000458	0.023957
0.034333	-0.002289	0.030671
0.013886	-0.008698	-0.011444
0.009918	-0.023346	-0.027008
-0.009613	-0.016938	-0.014496
-0.006561	-0.016938	-0.054475
0.005341	-0.009613	-0.007782
-0.005951	-0.016632	0.006256
-0.001373	-0.046540	0.022736
-0.011139	-0.017243	-0.016938
-0.004120	-0.031891	-0.040131
0.034333	-0.010529	0.062104
0.056611	0.018158	0.098726
0.011139	-0.033112	0.051118
0.033112	-0.028229	0.074617
0.027008	-0.018769	0.067597
0.033112	-0.004120	0.009918
0.015717	-0.005035	0.020294
0.005646	-0.003204	0.021515
0.006561	-0.000763	0.024262
-0.004120	-0.019379	-0.021210
-0.007477	-0.006256	0.019074
-0.023346	0.007172	0.037079
-0.014801	0.002899	0.026398
-0.006256	-0.004120	0.094759
-0.027924	0.004730	0.030365
-0.017243	-0.005341	0.023957
-0.008392	0.005951	0.022736
-0.060273	-0.002289	0.010529
-0.037995	-0.003510	0.012665
0.048066	0.003204	0.007782
0.139925	0.007477	0.026398
0.078584	-0.010834	0.015106
0.057832	-0.004425	0.049897
0.042573	-0.005951	0.007782
0.028229	-0.009003	-0.013275
0.022431	-0.008392	0.004730
0.006561	-0.006867	-0.005341
0.020600	-0.017243	-0.005341
0.013886	-0.011749	0.045014
0.010834	-0.019684	0.013581
0.013275	-0.006256	0.017853
0.025177	-0.005035	0.014496
0.009613	0.005341	-0.009308
0.002594	0.012665	0.071565
-0.015106	0.009613	0.080415
-0.023957	-0.006256	0.049287
-0.013886	-0.021515	0.047150
0.071260	0.005341	0.030365
0.066377	-0.000153	0.019074
0.030365	0.003510	0.023041
0.009918	-0.018769	0.006256
-0.003815	-0.004730	0.017548
-0.006561	0.001068	0.064851
0.001984	-0.009308	0.058137
-0.015717	-0.053559	-0.086824
0.011139	-0.026093	-0.018463
0.055695	0.001373	-0.063325
0.033112	0.009918	-0.034943
0.045624	0.035248	0.024567
0.061799	0.032807	0.046235
0.032502	0.020905	0.060273
0.011749	0.013886	0.010529
0.002289	0.006256	0.007172
0.002289	0.010224	0.044404
0.007477	0.015412	0.008698
0.032807	0.003815	0.045624
0.021210	-0.004730	0.026093
0.028229	0.002594	0.018769
0.022736	0.001984	0.001984
0.013275	0.004425	0.024872
0.018463	0.011139	-0.033112
0.018769	-0.016938	0.004730
0.016632	-0.005646	-0.012970
0.016938	0.000458	-0.061494
0.008392	0.013581	-0.021210
-0.011749	-0.002289	0.119478
-0.029755	-0.021820	0.047456
0.021210	0.001373	0.041352
0.034638	0.006256	0.014496
0.058442	0.019684	0.008392
0.077363	0.017243	0.040436
0.023957	-0.006256	0.000153
0.013581	-0.026093	-0.065461
0.022126	-0.015412	0.029450
0.027008	-0.000458	0.033417
0.028840	0.022431	0.019989
0.034638	0.008698	0.102998
0.001373	0.011749	0.147250
-0.003815	-0.009918	0.023041
-0.011139	-0.016632	-0.035554
0.016022	0.000153	0.016938
0.072480	0.029145	0.066682
0.058747	0.011444	0.028840
0.015717	-0.024872	-0.056306
0.035859	-0.015412	0.002594
0.054780	0.008698	0.004425
0.050813	0.021210	0.072786
0.030365	-0.003815	0.055390
0.040742	-0.000153	0.023041
0.034028	-0.004120	0.016632
0.001678	-0.028840	0.003815
0.017243	-0.015412	0.033112
0.010529	-0.004425	0.036774
-0.007782	0.000153	0.009308
0.014801	0.028840	0.013581
0.016632	0.012360	0.009308
0.016022	0.009613	0.042573
0.021820	-0.005646	0.042267
0.017853	-0.027924	-0.049287
0.004730	-0.016632	0.009918
0.010224	-0.017243	-0.065461
0.011749	-0.023651	-0.031891
0.018158	-0.019379	0.077363
0.014496	-0.022736	0.062715
0.016938	-0.016327	0.034638
0.027314	-0.016632	-0.001984
-0.011139	-0.027619	-0.036164
0.015717	-0.014496	-0.005035
0.043793	0.009003	0.088350
0.023957	0.003204	0.054170
-0.017853	-0.022736	-0.018463
-0.027314	-0.005646	-0.017243
-0.028229	0.016022	0.031891
-0.027314	0.011749	0.040436
-0.052949	0.000763	0.041352
0.024262	0.011749	0.088655
0.110933	-0.013581	-0.003204
0.076143	0.011139	0.012360
0.080110	-0.006256	-0.012055
0.058747	-0.012970	-0.021515
0.035554	0.009613	0.036774
0.035248	0.009613	0.021210
0.049897	-0.002899	0.064851
0.046845	-0.001373	0.062409
0.032807	0.001678	0.009918
0.020905	0.002594	0.013275
0.022431	0.010529	0.012055
0.032502	0.003815	0.022126
0.027008	-0.013886	-0.004120
0.022431	-0.003204	0.006561
0.017548	-0.001068	0.003815
0.025788	0.010224	0.007477
0.003510	-0.014191	-0.006867
0.012360	-0.009918	0.002289
0.003510	-0.002289	-0.016632
0.012055	0.002289	0.034638
0.014191	-0.027619	0.026398
0.032502	-0.019074	0.014801
0.016632	-0.023651	0.026093
-0.016327	-0.008392	0.008698
0.014496	-0.003204	-0.004730
0.015412	-0.001678	0.020600
0.016938	0.003815	-0.002289
0.021820	0.021820	0.060273
0.023346	0.025788	0.067292
0.026093	0.009308	0.002899
0.052033	0.002594	-0.000153
0.007782	-0.012970	0.012055
-0.025177	-0.019684	-0.015106
-0.012360	-0.029755	-0.001373
0.025483	-0.002899	-0.006561
0.002899	-0.020294	-0.038911
0.023346	-0.005341	-0.020600
0.038911	-0.016327	0.032502
0.033112	-0.022431	0.005646
-0.003510	-0.026093	-0.071870
-0.023041	-0.020905	-0.068208
-0.016632	0.019074	0.092622
-0.009918	0.015412	0.034333
-0.048371	-0.011139	0.036469
-0.058137	-0.011749	0.002289
0.071260	-0.000458	0.009918
0.087739	0.006256	0.067903
0.039216	-0.007782	0.057527
0.045319	-0.013581	0.056001
0.005341	-0.011749	0.034028
0.002289	0.000763	-0.006867
0.039216	-0.001373	0.050202
0.031891	0.033112	0.065461
0.036774	0.020600	-0.001984
0.051728	0.023041	0.042267
0.083772	0.003204	0.032807
0.020905	-0.025177	0.026093
0.011139	-0.014801	-0.023957
0.030671	-0.007477	-0.048066
0.032197	-0.006561	0.015106
0.031891	-0.011444	0.011139
0.021820	-0.000763	-0.019074
0.021210	0.004730	-0.020600
0.001984	-0.017548	-0.044404
0.011139	-0.016938	0.052033
0.009308	-0.006561	0.010834
0.009308	-0.016022	-0.022736
0.034943	0.005341	0.047456
0.039826	0.014191	0.024262
0.022736	-0.006561	0.029755
-0.002594	-0.045624	0.019379
-0.032197	-0.034028	0.001678
-0.013275	-0.023041	0.051423
-0.034028	-0.029145	0.009308
-0.027008	-0.018158	-0.023651
-0.005646	-0.011139	-0.039216
0.062409	0.026398	0.052033
0.051423	0.013886	0.033722
0.040131	0.005035	0.031891
0.056306	0.004120	-0.001984
0.031891	-0.003510	0.001068
0.023346	0.006561	0.023651
0.020294	-0.000763	0.023957
0.030365	0.004120	0.068818
0.036164	0.001678	-0.000458
0.007477	-0.019074	-0.026093
0.011444	-0.000153	0.007172
0.008087	-0.004730	0.002899
0.012665	-0.003815	0.049592
0.001068	-0.011749	0.081636
-0.010529	-0.022126	0.001068
-0.010224	0.000458	0.021515
-0.001068	-0.009308	0.008087
0.018769	-0.005341	0.025483
0.072175	0.017243	0.027314
0.004120	-0.013886	-0.001678
-0.012970	-0.005035	-0.036469
0.017548	0.004425	0.053864
0.029145	0.015717	0.034638
0.025177	-0.001678	-0.008698
0.024262	-0.004425	-0.019074
0.032502	0.004730	0.053254
0.033112	0.007782	0.010224
0.015106	-0.013275	0.012970
-0.001678	-0.008087	0.030671
0.018769	0.001068	0.038605
0.018158	-0.005951	0.050202
0.018158	-0.006867	-0.002899
0.032197	0.019684	0.033417
0.025483	0.017243	0.056306
0.025177	0.006867	0.015106
0.007782	-0.024567	0.003815
-0.013581	-0.023041	-0.015412
0.001678	-0.009613	-0.005035
0.009308	-0.016327	0.050813
0.017243	-0.021515	0.057221
-0.009308	-0.018158	0.026093
0.012055	-0.025483	0.012360
0.004120	-0.023957	0.027924
0.007172	-0.007477	-0.030060
-0.001068	-0.013275	-0.037995
-0.000458	-0.005951	0.017548
0.013581	0.008087	0.047761
0.019379	0.036469	0.005646
0.018158	0.005341	0.033417
-0.004730	-0.000763	0.011749
0.033417	0.031281	0.013275
0.025788	0.010224	0.062104
0.033112	0.002289	0.055695
0.025788	-0.013581	0.004730
0.019074	-0.012055	-0.004730
0.009003	-0.002594	-0.029450
-0.007477	-0.000153	0.009613
0.007782	0.008087	-0.000153
0.018463	0.038300	-0.018769
0.002289	0.012665	-0.064851
0.022126	-0.008698	0.040742
0.022431	0.010224	0.136873
0.013886	-0.005341	0.099031
0.013275	-0.004425	0.067597
-0.000763	-0.010224	0.041352
0.002594	-0.018769	0.030060
0.006867	-0.014496	0.005035
0.005646	0.011749	0.015106
0.027008	0.012360	0.028840
0.020294	-0.005035	-0.003510
0.008087	0.006561	0.001678
0.009003	0.001373	0.044099
0.006561	-0.009918	0.029755
0.004425	-0.005646	0.005646
-0.023041	-0.012970	0.023651
-0.015106	-0.027924	0.001373
-0.014191	-0.016327	0.022126
-0.007477	-0.032807	-0.008392
-0.001678	-0.043488	-0.019074
0.056306	-0.014801	0.016022
0.010529	-0.017853	0.034943
0.008392	0.001678	0.024567
0.015412	0.008392	0.025788
0.032502	0.033417	0.024567
0.034943	0.018463	0.036164
-0.004120	0.002899	-0.022431
-0.023346	-0.001373	-0.015717
-0.013275	-0.005341	0.039826
0.003204	-0.003204	0.041047
0.064851	0.000763	0.019379
0.056916	-0.026703	-0.002594
0.003510	-0.017548	0.028229
0.020600	-0.003510	0.002594
0.043183	0.013581	0.041047
0.047150	-0.009308	0.087129
0.012970	-0.042878	0.049287
0.006256	-0.039826	0.005951
0.009308	-0.024872	0.035859
0.006561	-0.010224	0.023346
0.010224	-0.008698	0.022126
0.004730	-0.008698	0.015717
0.002899	-0.008087	-0.001678
0.023041	-0.020294	0.023957
0.017853	-0.011139	0.012665
0.027924	-0.022736	0.044099
0.008087	-0.016938	0.003510
0.004730	-0.029145	-0.008698
0.014801	-0.020294	0.005341
0.034028	-0.020905	0.009918
0.030060	-0.005341	0.056306
0.003815	0.007782	0.075837
-0.024567	-0.019379	0.032502
-0.019074	-0.024262	-0.000763
0.004425	-0.024872	-0.052033
0.019989	-0.015106	-0.026398
0.077974	0.005646	0.014801
0.045014	-0.009003	0.017243
0.055085	0.021210	-0.009308
0.067292	0.022126	0.012665
0.030060	0.019074	0.004120
0.020600	0.010529	0.023346
0.020294	0.007172	-0.016938
0.018769	0.010529	0.018769
0.027619	0.017548	0.017853
0.027314	0.027619	0.072175
0.036469	0.003204	0.102083
0.029755	-0.010834	-0.013581
0.011749	-0.013886	-0.045624
0.020600	0.012055	0.027924
0.020600	-0.002899	0.023651
0.001068	-0.031281	0.027008
-0.004120	-0.012360	-0.014496
-0.005646	-0.012055	-0.018463
0.013275	-0.011749	-0.021515
0.010834	-0.005646	-0.004120
0.015106	-0.005951	-0.012665
0.019684	0.018158	0.015412
0.024567	0.011444	0.025483
0.036469	0.003510	0.033417
0.001068	-0.016632	-0.002594
-0.036164	-0.038300	-0.049897
-0.062715	-0.032197	-0.070039
-0.047761	-0.026703	-0.039216
-0.033112	-0.023346	0.012665
-0.033112	-0.034638	-0.002289
0.084382	-0.021210	0.031891
0.056001	-0.018463	0.027619
0.041047	0.002594	0.045624
0.003510	0.005341	-0.017853
0.023957	0.019074	-0.003815
0.063020	0.024567	0.047456
0.109712	0.038911	0.038911
0.045319	0.011139	-0.019684
0.038605	0.013886	0.000763
0.042573	0.008087	0.023651
0.032807	0.001984	0.018463
0.020600	0.007477	0.017243
0.025177	0.002594	0.011139
0.019074	-0.011749	0.020294
0.008698	-0.006867	0.001373
0.018769	-0.016632	-0.004425
0.012360	0.000458	0.005341
0.016632	0.001678	0.038300
0.012970	-0.012665	0.013581
0.005951	-0.024872	-0.020294
0.023346	-0.004425	-0.019989
0.037995	0.015717	0.064851
0.010529	-0.004120	0.090791
-0.005951	-0.027008	0.048066
0.026398	-0.029450	0.087739
-0.020905	-0.031891	-0.019379
-0.005646	-0.010529	-0.020294
0.038911	0.029145	0.031281
0.035248	0.027008	0.008698
0.042267	0.013886	0.016632
0.024262	0.004425	-0.002289
0.007172	-0.001678	0.005951
-0.003815	-0.018158	-0.002594
-0.021515	-0.006867	0.012665
-0.001373	-0.006256	0.043793
-0.006867	-0.008392	0.066377
0.023041	-0.010224	0.031281
0.060578	-0.001373	0.013886
0.000153	-0.008698	0.002594
0.009308	0.002594	-0.020600
0.028840	-0.007477	-0.010529
0.039521	0.010224	-0.033722
0.020905	0.009308	-0.011444
-0.002899	-0.004120	0.074311
0.007477	0.011139	0.089265
0.010529	-0.016938	0.014496
0.037995	-0.011139	-0.006256
0.084382	0.012970	0.012055
0.030976	0.012970	0.026398
0.031586	0.005341	0.052949
0.009308	-0.018769	0.039826
-0.026398	-0.015412	0.018158
-0.015412	-0.027619	0.010834
0.003815	0.005646	0.008392
0.007477	-0.003204	0.017243
0.015717	0.005035	0.017853
0.030365	0.021515	0.042267
0.019684	-0.006561	0.028534
-0.037995	-0.000153	0.001068
-0.077974	-0.004120	-0.034333
-0.026398	-0.004120	0.016938
0.000153	0.007172	0.028840
-0.030060	-0.001678	0.018463
-0.042267	-0.015717	0.018463
0.093233	0.009003	0.008698
0.105745	0.005646	0.049287
0.068513	0.002594	0.029450
0.055695	-0.001984	0.037079
-0.005341	0.014496	0.012970
-0.013581	0.005646	0.055390
-0.023346	-0.016632	0.041962
-0.026398	-0.022126	-0.032502
0.021820	-0.009308	-0.022736
0.055390	0.007477	0.043183
0.034638	0.000153	0.028229
0.049897	0.007477	-0.004425
0.055390	0.000763	-0.000763
0.068818	0.016327	-0.008698
0.066682	0.015106	0.006867
0.059663	0.007477	-0.022126
0.014191	-0.000763	-0.041962
0.003815	-0.019074	-0.073701
0.015106	0.005341	0.039826
-0.007782	-0.021820	0.047150
0.009308	-0.026093	0.020905
0.005341	-0.014496	-0.011749
0.010224	0.009613	-0.000153
0.012055	0.017853	0.005035
0.022431	0.010224	0.137484
0.004730	-0.003815	0.125887
-0.012360	-0.018158	0.007782
0.018769	-0.004730	0.016022
0.024262	0.002289	0.025788
0.022736	0.006561	0.048981
0.018158	-0.010224	-0.010834
0.022126	-0.023346	-0.026093
0.011139	-0.022736	0.038911
0.011444	-0.024872	-0.024872
0.011749	-0.014191	0.010224
0.023346	-0.009003	0.040131
0.030976	-0.012970	0.037690
0.013275	-0.010834	0.056916
0.023651	-0.009613	0.008087
0.008698	0.004730	0.018769
0.027314	0.020905	0.018769
0.019074	0.010529	-0.009613
0.009003	-0.000763	0.032502
0.023957	-0.000458	-0.023346
0.027619	0.000458	0.006867
0.023957	-0.012970	0.007782
0.037385	0.017243	0.022431
0.027008	0.022126	0.024872
0.019989	-0.014801	0.075227
-0.011139	-0.051728	-0.050813
-0.000153	-0.042878	-0.039826
-0.003204	-0.033722	-0.009003
0.006561	-0.016327	0.040436
0.009918	-0.010529	0.037079
0.007782	0.001068	0.005341
0.005035	-0.004120	0.019989
0.056001	0.003510	0.013581
0.007782	0.006561	-0.012665
0.010529	0.006256	0.005035
0.016938	0.007172	0.044709
0.005035	0.001678	0.023346
0.003204	-0.015106	-0.025483
0.011444	-0.012970	-0.066987
-0.001068	-0.007477	-0.005646
0.007172	-0.006867	0.005035
0.026398	0.004730	0.016632
0.028534	0.011444	-0.000458
0.034638	0.037385	0.035859
0.023651	0.024262	0.016632
0.021515	0.025483	0.051118
0.030060	0.030671	0.034028
0.023346	0.014191	0.105440
0.035554	0.005341	0.019684
0.059663	0.004120	0.030976
0.028229	0.001068	0.036164
0.006867	-0.005646	0.037995
-0.005035	-0.012970	0.027314
0.029145	-0.014191	-0.023651
0.051728	-0.016327	0.019074
0.023651	-0.011139	0.042573
0.013886	0.002289	-0.005951
0.019379	-0.015106	0.041657
0.007477	-0.012970	0.049592
-0.045930	-0.025483	0.040131
-0.045014	-0.034638	-0.004730
-0.087434	-0.026703	0.015717
-0.077668	-0.017243	0.031586
-0.057221	0.009918	0.024567
0.063630	0.009918	0.056001
0.105135	0.009918	0.046845
0.131685	0.023651	0.055390
0.102998	-0.004120	0.054780
0.035859	-0.005341	-0.021820
0.022736	-0.015412	-0.016632
0.023346	-0.011749	0.003204
0.027619	-0.006561	0.051118
0.022126	-0.028534	0.023041
0.011749	-0.016938	0.063020
0.004730	-0.019379	0.011139
-0.001678	-0.009918	0.023346
0.027008	0.028840	0.021210
0.059052	0.048676	0.091707
0.056306	0.030976	0.019074
0.036164	0.020905	0.031586
0.026093	0.031281	0.035859
0.024262	-0.008698	-0.023041
0.010529	-0.011139	-0.022126
0.010224	-0.009308	-0.036164
0.008698	-0.007782	0.014191
0.009308	-0.004730	0.017243
0.017548	-0.006867	-0.055390
0.009613	-0.017853	-0.036774
0.036774	0.016022	0.020600
0.028534	0.012360	0.019684
0.036469	0.011749	0.054170
0.031281	0.014191	0.003815
0.007477	-0.026703	-0.039216
-0.021820	-0.019379	0.044404
-0.037385	-0.013581	0.022431
-0.037385	-0.022431	0.021210
-0.027619	-0.004425	0.035554
0.008392	-0.003510	0.046540
0.113985	0.029755	-0.012970
0.051118	0.016632	-0.073091
-0.007477	-0.012360	-0.018158
0.012970	-0.009003	0.047150
0.003510	-0.023651	-0.037079
0.006867	-0.025483	-0.012055
0.006256	-0.021210	-0.011749
0.041962	-0.002594	0.083467
0.029450	-0.007477	0.016022
0.013581	-0.005646	0.038300
0.011139	-0.009308	0.015717
0.005341	-0.009613	0.010529
0.008698	-0.016022	0.006256
0.011444	-0.019989	0.043488
0.022736	-0.016632	0.067292
0.025177	-0.002899	0.034638
0.016632	-0.004120	0.052949
0.000763	-0.027924	0.063935
-0.003815	-0.025483	0.021515
0.002594	-0.003204	0.007477
0.015106	0.005951	0.019074
0.025177	0.000458	-0.026093
0.016632	-0.016632	0.025177
0.012360	-0.002594	0.035554
0.007477	0.006256	-0.014801
-0.013581	0.011444	0.013275
-0.038605	-0.010529	-0.018463
-0.037995	-0.022126	-0.015106
0.005646	0.008087	0.016327
0.105440	-0.001984	0.056001
0.128023	0.004425	0.023957
0.021820	-0.005646	0.020905
0.016938	-0.029755	0.021820
0.018158	-0.019684	0.001068
0.011444	-0.003510	0.016327
-0.010834	-0.006561	0.004730
0.008698	0.004425	0.006256
-0.003815	0.008698	0.035248
0.025788	0.017243	0.075837
0.019684	0.019684	0.052033
0.014496	-0.004425	0.042267
0.012970	-0.009918	0.032502
0.010834	-0.000153	0.011749
0.013581	-0.010529	0.017548
0.004120	0.003510	-0.034333
0.005951	0.005646	-0.048981
0.008392	0.014496	0.037995
0.014496	0.000458	0.046235
0.035248	0.005646	0.032197
0.035554	0.022126	0.054475
0.004120	0.014496	0.021210
-0.008698	0.006561	0.028229
-0.026398	-0.008087	0.028534
-0.061799	-0.023346	-0.079500
-0.074006	-0.028840	-0.016938
-0.032502	-0.016938	0.007782
0.001984	-0.013886	0.066072
-0.043793	-0.008392	-0.000458
0.033722	0.016632	0.031891
0.121614	0.014496	0.053254
0.031281	0.007782	0.012665
0.077363	0.003510	0.045930
0.074922	0.007477	0.013886
0.028534	-0.017853	-0.022431
0.024262	-0.018463	-0.007782
0.044709	0.009308	0.008698
0.048066	0.015412	0.027008
0.042878	0.020294	0.011139
0.035554	0.017243	0.002594
0.014191	0.004120	0.016938
0.025177	0.002594	0.005951
0.005035	-0.008087	0.018463
-0.005035	-0.021210	0.010529
-0.016327	-0.025788	0.009918
0.015717	-0.001984	0.014496
0.027008	0.010529	0.069734
0.019379	0.003204	0.015412
0.028229	0.010529	0.006256
0.019074	0.016022	0.015106
0.033417	0.006867	0.035554
0.038300	0.009918	0.074311
0.016327	-0.014191	0.014191
0.008392	-0.015717	0.014191
0.015106	-0.010529	0.100557
0.026398	0.004120	0.058747
0.018769	-0.006561	0.023346
0.008087	-0.027619	0.001984
0.006256	-0.029755	-0.015412
0.013886	-0.010529	-0.063630
0.019379	-0.007782	-0.037385
0.006561	-0.007477	-0.029450
0.025788	0.008698	0.018463
0.023651	-0.002594	0.026398
0.010529	-0.001068	-0.043183
0.014191	-0.021820	-0.045014
0.038911	0.014496	-0.008087
0.020600	-0.002899	0.025788
-0.002899	-0.024872	0.023651
0.016327	-0.015106	0.012970
0.028229	-0.011139	0.010224
0.019074	0.008087	0.016022
0.024262	0.003510	0.016632
0.031891	-0.001068	0.090791
0.023957	0.007477	0.016327
0.021820	0.009918	0.029450
0.039521	0.023041	0.027924
0.037079	-0.002899	0.033112
0.009308	-0.001373	0.034638
0.009308	0.002899	0.013581
0.012665	0.002899	-0.006867
-0.002594	0.003815	-0.027314
-0.026398	-0.001068	0.079194
-0.018769	-0.021820	0.032197
-0.039521	-0.040742	-0.035859
-0.015412	-0.032197	-0.024262
0.008087	-0.034638	0.062409
0.028229	-0.011749	0.024262
0.063325	0.002594	0.017853
-0.005951	-0.017243	0.001068
-0.074617	-0.040131	-0.067903
-0.018769	-0.015106	-0.039826
-0.018463	-0.009918	-0.011749
0.006561	0.016938	0.031281
0.042267	0.025788	0.017548
0.190280	0.037079	0.036774
0.101778	0.011444	-0.008698
0.050507	0.003510	-0.002594
0.015412	0.012055	0.040742
0.005341	0.000763	0.022126
0.016632	-0.011139	-0.027008
0.070039	0.004120	0.024567
0.002899	-0.011139	0.033112
-0.037690	-0.012360	0.001068
-0.019379	-0.000458	0.016938
0.004425	0.009308	-0.023957
0.046845	0.020294	0.035554
0.117647	0.025788	0.115816
0.084077	0.022736	0.074311
0.033112	-0.003204	0.034638
0.043793	0.009308	0.000153
0.029145	-0.000153	0.046845
0.022431	-0.012360	0.061494
0.025483	0.013275	-0.003815
0.027008	-0.001678	0.042878
0.010224	-0.038605	0.023651
-0.002899	-0.025483	0.005341
-0.005646	-0.033112	-0.008087
-0.002899	-0.025483	0.043488
-0.016327	-0.017853	0.030365
0.009918	0.001068	-0.031586
0.005341	0.000458	-0.010529
0.010529	0.004425	-0.003815
0.007477	-0.018463	-0.002594
-0.009613	-0.013581	-0.034943
0.011749	-0.018463	-0.035248
0.020600	-0.009308	0.030671
0.006256	-0.007782	0.035248
0.019074	0.004730	0.072175
0.017853	0.012055	0.109407
0.009003	-0.002289	0.062715
0.010224	0.011749	0.038911
0.056611	0.029145	0.041352
0.031586	0.009918	0.031281
0.007477	0.001984	0.078889
0.010529	-0.008087	0.023041
-0.009918	-0.016327	0.002594
-0.043488	-0.029145	0.000153
-0.008698	-0.001373	0.061799
0.067597	0.007172	0.014801
0.037995	-0.005646	-0.011444
-0.001373	-0.008698	-0.020905
-0.007477	-0.006867	-0.031586
0.015412	-0.001984	0.042267
-0.000763	-0.000153	0.023651
-0.013581	-0.015412	0.035554
0.009308	-0.012665	0.005341
0.007477	-0.015717	0.021515
0.016938	-0.011444	0.062409
0.023651	-0.007782	0.021515
0.038911	0.020600	0.065461
0.031891	0.004425	0.041962
0.013275	-0.009918	0.016632
0.008392	-0.001373	0.005646
0.014496	-0.002594	0.002594
0.022126	-0.005951	0.018769
0.011749	0.000153	0.023041
0.030671	0.003815	0.020905
0.031891	0.018158	0.035248
0.042267	0.009613	0.010834
0.058137	0.006256	0.028229
0.028534	0.000153	0.005035
0.038911	0.005646	0.028229
0.016632	-0.008087	0.012665
0.003815	0.001373	0.022431
0.009003	0.008698	0.028840
0.010834	0.023346	0.107271
0.001984	-0.011749	0.060578
-0.004730	-0.004120	-0.004730
0.001373	-0.006867	-0.018769
0.007172	-0.016632	-0.053254
0.034028	-0.016327	-0.026093
0.016938	-0.003815	-0.011749
-0.025177	0.005341	-0.032197
-0.026703	0.000153	-0.043793
0.009003	0.003204	0.013886
0.027314	0.008087	0.082551
0.057832	0.004425	0.024567
0.039216	-0.003815	-0.069429
0.030976	0.001678	-0.042573
0.033417	-0.001068	-0.034943
0.045930	0.005035	-0.003510
0.031586	-0.008392	-0.013581
0.021210	-0.012665	0.042573
0.005951	-0.011139	0.067292
0.005646	-0.026093	0.024567
0.023346	-0.007477	-0.009918
0.017548	0.003510	0.012970
0.027924	0.004120	0.020600
0.027008	0.014191	0.066072
0.008392	-0.012970	0.053254
0.017243	0.012665	0.014496
0.014191	0.002289	-0.002594
0.025788	-0.012665	0.027314
0.064851	0.001984	0.042267
0.022736	-0.000153	0.063325
0.013581	-0.003815	0.011444
0.006867	-0.005341	0.025788
0.013581	-0.011444	-0.004425
0.014801	-0.005951	0.031891
0.024872	-0.018158	0.075532
0.024567	-0.001678	0.032197
0.028229	0.012055	0.012665
0.030976	0.003815	0.004425
0.023041	-0.003815	0.028840
0.030671	-0.005341	0.049897
0.046845	-0.018158	0.042267
0.039826	-0.013886	-0.012360
0.030365	-0.004120	-0.019074
-0.009308	0.003204	-0.023651
-0.054780	-0.004425	-0.002289
-0.046845	0.019989	-0.004425
-0.056306	0.007172	-0.017243
-0.030671	-0.001068	0.041047
0.069429	0.017853	0.027008
0.117647	0.003815	0.017853
0.078279	0.013275	0.046540
0.028229	-0.005951	-0.001984
0.044099	-0.007477	0.040436
0.027619	0.004425	0.043183
0.017853	0.001984	0.058137
0.018463	-0.019379	0.015717
0.005951	-0.007477	0.027619
0.004425	-0.006561	0.023346
0.024262	-0.004425	0.019684
0.006561	-0.011749	-0.032197
0.006256	-0.016022	-0.041657
-0.010529	0.012970	0.029450
-0.032502	0.011139	0.034028
-0.017853	-0.013275	0.035859
-0.027008	-0.022126	-0.009003
-0.016632	-0.001373	0.005341
0.034333	0.011444	-0.005951
0.045014	0.000763	-0.009003
0.054780	-0.008392	0.012970
0.069429	0.006867	0.014191
0.043183	-0.007477	0.011139
0.019379	-0.010834	0.016938
0.027619	-0.012360	0.031281
0.005341	0.006256	0.005035
-0.003204	-0.009003	-0.032502
-0.010224	-0.015106	-0.078279
0.014801	-0.004120	-0.016938
0.024872	0.005951	-0.003204
0.039216	0.002899	0.041657
0.018769	0.009613	0.065461
0.010224	0.002899	0.028229
0.022736	-0.002594	0.074311
0.017548	0.000458	0.032197
0.019684	0.014191	-0.003815
0.011749	0.002594	-0.015412
0.006867	0.009308	-0.016022
0.020600	0.017548	0.070039
0.028840	0.010834	0.003815
0.047761	0.004730	-0.054780
0.068818	-0.002289	0.141451
-0.016022	-0.039216	-0.059052
-0.001678	-0.017548	-0.011444
0.010224	0.016632	-0.009003
0.012970	0.012665	-0.025177
0.025788	0.028229	0.075227
0.009918	0.012970	0.002899
0.005646	-0.004120	-0.039826
0.001068	0.006256	0.035554
-0.002899	0.003510	-0.030976
-0.008392	-0.011444	0.003204
0.012360	-0.000763	0.064240
0.018463	-0.013886	0.035248
0.016632	0.004120	0.042573
0.017243	0.005341	0.053559
0.011139	-0.008392	0.018463
0.016022	-0.005341	-0.018463
0.019989	-0.020905	-0.008392
0.008698	-0.023041	-0.002899
0.011444	0.001373	0.024872
0.028840	0.023651	0.020600
0.030060	0.019379	0.033722
0.010529	-0.002594	0.038605
0.003204	-0.008087	0.027924
0.017243	-0.012665	-0.041962
0.020294	-0.021210	-0.045014
0.011444	-0.006256	0.064546
-0.011444	-0.014191	0.054475
-0.062715	-0.029145	0.009918
-0.062104	-0.034943	0.019379
-0.045930	-0.019379	0.016022
-0.055085	-0.016327	-0.005646
0.045319	0.014191	0.010224
0.146944	0.023957	0.036164
0.085603	0.015717	-0.011139
0.054475	-0.009308	-0.056306
0.036469	0.001678	0.056001
0.045624	0.021820	0.083162
0.034028	0.009308	0.083772
0.010529	-0.009613	0.024262
0.020600	-0.011444	-0.022126
0.028229	0.003510	0.014801
0.030365	-0.020294	0.026093
0.025177	0.004120	0.011139
0.015106	0.006256	-0.032807
0.025177	-0.004120	0.053559
0.016632	0.000458	0.042267
0.013886	-0.012055	-0.022431
0.004425	-0.005951	0.011139
0.018463	0.025177	0.039216
0.022126	0.026398	0.051728
0.016632	-0.004730	0.063630
0.008698	-0.013275	0.012360
0.004425	-0.018158	-0.005951
0.009613	-0.014496	0.017243
0.006867	-0.022736	-0.013886
0.012360	-0.000153	0.021820
0.013581	-0.005951	0.008698
0.012665	0.006256	0.061189
-0.016632	-0.027619	-0.035248
0.005646	-0.004425	-0.010224
0.029145	0.017853	0.046235
0.030365	0.014801	0.027008
0.033112	0.001984	0.019074
0.038605	-0.008087	0.068818
0.021515	-0.016022	0.032502
0.006867	-0.006256	-0.010834
-0.012970	0.000153	0.032807
-0.040436	-0.012665	-0.006867
-0.021820	-0.007477	-0.026093
-0.027314	0.003510	0.020905
0.011139	0.005646	0.028534
-0.002289	0.022431	0.001068
-0.030365	0.006256	0.000763
-0.028840	0.000153	0.032502
-0.021210	0.009003	0.032807
0.113375	0.016022	0.014801
0.108797	0.017243	0.067903
0.098421	-0.008087	0.060273
0.064851	-0.029755	0.008087
0.033417	-0.025788	-0.004425
-0.012970	-0.005341	0.022431
-0.034333	-0.023041	-0.000153
-0.053559	-0.021820	0.030976
-0.027314	0.009003	0.009918
0.015412	-0.006561	0.030365
