0.039521	0.010529	-0.029755
0.043183	-0.008087	0.009613
0.019989	-0.013581	0.053864
0.016938	-0.035554	-0.048676
0.023346	-0.005951	-0.060883
0.035859	0.058137	0.084993
0.082246	0.055695	0.128328
0.066377	0.054780	0.156100
0.054475	0.027619	0.042878
0.005341	-0.046845	-0.063325
-0.069429	-0.149691	-0.180819
-0.147250	-0.196994	-0.354772
-0.171054	-0.250095	-0.407568
-0.126802	-0.168612	-0.312047
0.020905	-0.001373	0.247959
0.049897	0.091402	0.416724
0.075532	0.094759	0.190280
0.074311	0.102388	-0.041352
0.145113	0.151217	0.138094
0.106661	0.036164	0.317540
0.020905	-0.053864	0.105440
0.035554	-0.001068	0.142977
0.080415	0.031281	0.122530
0.111543	0.102388	0.091096
0.086213	0.095979	0.010529
0.043488	0.020600	-0.037385
0.062409	0.049592	-0.036774
0.098116	0.080110	0.017243
0.061189	0.026398	-0.074617
0.005951	-0.040131	-0.048371
-0.000763	-0.054780	-0.046845
-0.009613	-0.020905	0.005951
0.064851	0.053254	0.042573
0.016022	-0.004425	-0.080415
-0.043488	-0.078889	-0.219272
-0.100252	-0.108797	-0.390173
-0.024872	-0.028229	-0.211032
0.116732	0.077974	0.362097
0.056001	0.027619	0.161288
0.068513	0.033112	0.236057
0.037995	0.001678	0.149691
0.033417	-0.001984	0.179294
-0.019074	-0.042573	-0.035248
-0.059663	-0.076448	-0.175631
-0.049897	-0.057221	-0.021820
0.001678	-0.013275	0.029755
0.053254	0.057832	0.126802
0.077363	0.078889	0.078889
0.067597	0.052338	0.062104
0.071870	0.062409	0.127413
0.012665	0.005951	0.029145
-0.001984	-0.025483	-0.029145
-0.032502	-0.060273	-0.048676
-0.005341	-0.013886	-0.016632
0.021515	0.028534	-0.048066
0.041962	0.022431	-0.119173
0.016938	-0.012970	-0.141451
0.037995	-0.011749	-0.022736
0.014496	-0.026703	0.115816
0.063630	-0.002289	0.146334
0.063935	0.003510	0.004730
0.013581	-0.013275	-0.087739
-0.015412	-0.062104	-0.249790
-0.057527	-0.053559	-0.339513
0.056001	0.048981	-0.016022
0.065766	0.036774	0.250401
0.063630	0.032197	0.277256
0.044099	0.004730	0.004120
0.083162	0.071565	0.096895
0.055695	0.019989	0.166781
-0.010834	-0.074311	0.094148
-0.001678	-0.088350	0.032197
0.014496	-0.036164	0.059968
0.020905	0.008087	0.005951
0.002899	0.009918	-0.048981
-0.020294	-0.023041	-0.181430
-0.054170	-0.099947	-0.300145
-0.046235	-0.103609	-0.063630
0.007172	0.008392	0.157931
0.143893	0.156710	0.487221
0.153353	0.160067	0.352331
0.109102	0.117037	0.108186
0.041352	0.070344	0.012055
0.026398	0.060273	0.095979
0.015412	0.030976	0.035554
0.015412	0.022431	0.017548
0.002289	0.012970	0.075532
-0.013581	-0.036164	-0.035859
0.004730	-0.034638	0.003510
0.031586	-0.019989	0.031586
0.005341	-0.075837	-0.066987
-0.151827	-0.192416	-0.220493
-0.178073	-0.187228	-0.162814
-0.079500	-0.082551	-0.117647
-0.003204	0.071260	-0.025483
0.121004	0.134432	-0.002899
0.099641	0.092927	0.083162
0.099031	0.064240	0.139315
0.155795	0.069734	0.160678
0.063630	0.034638	0.071260
0.058137	0.014191	0.033417
0.039826	0.001068	0.030365
0.020294	-0.001678	-0.021515
-0.036164	-0.073091	-0.080720
-0.073701	-0.115206	-0.172274
-0.044099	-0.109712	-0.088350
-0.045930	-0.094453	-0.055390
-0.060883	-0.059052	0.010224
0.064546	0.055085	0.025177
0.110323	0.114900	0.151827
0.110628	0.080110	0.236667
0.042267	0.002594	0.081941
0.038300	0.016632	0.081331
0.065156	0.039521	0.199435
0.039216	0.024262	0.128023
0.032807	0.020600	0.018158
-0.026703	-0.039826	0.019989
-0.024872	-0.065156	0.024872
-0.029755	-0.081636	-0.023346
-0.011139	-0.049287	-0.016022
0.019379	-0.021210	-0.088350
-0.019074	-0.038911	-0.126192
-0.013886	0.009003	-0.039826
0.001678	0.035248	0.071260
0.011139	0.050507	-0.010834
-0.028840	0.014191	-0.028534
0.038300	0.025483	0.023346
0.153353	0.036164	0.207980
0.071870	-0.017853	0.062104
-0.041962	-0.094759	-0.029755
-0.077668	-0.082856	-0.082551
-0.042573	-0.027008	-0.106661
0.078279	0.058747	0.082856
0.104829	0.077974	0.129549
0.073396	0.044404	-0.055085
0.079500	0.056306	-0.059663
0.093233	0.095674	0.135653
0.047761	0.057221	0.221103
-0.035248	-0.024872	0.071565
-0.049287	-0.069429	-0.027314
-0.015412	-0.043488	-0.009308
0.020905	-0.011139	0.000763
0.045319	-0.017243	-0.067292
-0.020600	-0.063935	-0.046845
-0.077974	-0.168307	-0.015106
-0.070344	-0.163729	-0.049592
-0.044709	-0.092927	-0.124666
0.101472	0.127108	0.105135
0.128328	0.174105	0.136873
0.126192	0.138094	0.054780
0.075532	0.092927	0.085908
0.040742	0.023346	0.053559
-0.015717	-0.041352	-0.067903
-0.004425	-0.049287	0.028229
-0.016632	-0.039826	0.012970
0.015106	0.031891	0.009613
0.075227	0.070344	0.041352
0.067292	0.048676	0.030976
0.038300	0.035859	0.039216
0.062715	0.052949	0.035859
0.115206	0.089265	0.173800
0.052949	0.033722	0.114900
0.002289	-0.005035	0.018769
-0.019379	-0.021820	-0.033112
-0.023651	-0.023346	0.013275
-0.042573	-0.062715	-0.062715
-0.043183	-0.087434	-0.007477
-0.050507	-0.088960	-0.014801
-0.024872	-0.055695	-0.048066
0.000763	-0.005646	-0.071565
0.064240	0.060273	0.093233
0.060273	0.053864	0.125582
0.052949	0.044099	0.128328
0.025788	0.010224	0.079500
-0.012055	-0.043488	-0.041657
-0.023346	-0.040742	-0.046540
-0.002289	-0.030060	-0.010834
-0.070954	-0.116426	-0.076753
-0.119478	-0.176242	-0.151827
-0.099947	-0.145418	-0.159152
0.027008	0.060273	0.065461
0.113375	0.138399	0.190585
0.071870	0.070954	0.035554
0.051423	0.044099	0.014191
0.059663	0.019379	0.030671
0.009308	-0.024872	-0.017243
-0.024262	-0.039216	-0.096590
-0.084077	-0.109712	-0.306859
-0.102388	-0.127718	-0.358129
-0.059663	-0.084688	-0.204929
0.075837	0.073701	0.074311
0.159457	0.164034	0.376745
0.157931	0.173495	0.433204
0.153353	0.136568	0.356603
0.117952	0.094759	0.297398
0.060273	0.069429	0.020905
0.041657	0.022431	0.070954
-0.041962	-0.073701	-0.019074
-0.162509	-0.179294	-0.143282
-0.182650	-0.195163	-0.186923
-0.173190	-0.183871	-0.314794
-0.063020	-0.054475	-0.118563
0.054170	0.096284	0.097505
0.120394	0.182650	0.302281
0.119478	0.133516	0.235142
0.084993	0.074006	0.111238
0.018463	-0.001068	0.014801
-0.040742	-0.048371	-0.000458
-0.028840	-0.088350	-0.024872
-0.004120	-0.100252	-0.120394
0.016938	-0.062104	-0.060273
0.102693	-0.011139	-0.051728
0.169833	0.074617	0.053559
0.205234	0.157626	0.245518
0.127413	0.084077	0.114595
0.055390	-0.012970	-0.032197
-0.088045	-0.139620	-0.213779
-0.150607	-0.219577	-0.268101
-0.111849	-0.169833	-0.228122
0.152438	0.054170	0.037995
0.225071	0.215610	0.364233
0.191806	0.195468	0.454261
0.121004	0.131380	0.253452
0.096590	0.056001	0.132296
0.025483	-0.003204	0.014496
0.005646	-0.044709	-0.038911
-0.019989	-0.070954	-0.075227
-0.038911	-0.067597	-0.066377
0.004425	-0.000763	-0.028534
0.043793	0.032197	0.033417
0.011749	0.014801	-0.028840
0.010224	-0.039521	-0.084077
-0.020294	-0.045319	-0.024262
0.029755	-0.020294	0.097810
0.026398	0.016327	0.107576
0.009003	0.013581	0.016022
-0.028840	-0.028229	-0.158236
-0.049897	-0.081636	-0.210117
-0.054475	-0.093843	-0.229343
-0.048676	-0.049897	-0.131991
-0.000153	0.006561	0.059052
0.091096	0.065461	0.083467
0.082856	0.063935	0.131685
0.030060	-0.023346	0.149996
-0.048066	-0.111849	-0.027314
-0.051118	-0.071565	-0.041962
-0.041657	-0.029145	0.001068
0.042878	0.057832	0.109102
0.039826	0.031586	0.080415
0.033417	0.001068	0.069429
0.020294	0.002289	-0.058747
0.052338	0.036164	-0.034943
0.043183	0.048676	-0.016632
0.014801	-0.000763	-0.034638
-0.003815	-0.011139	0.015717
0.030976	-0.031586	0.061494
-0.009308	-0.052338	0.006867
0.012665	-0.005951	0.058442
0.026398	0.009918	0.061189
0.051728	0.028534	0.135653
0.000458	-0.007477	0.024872
-0.033722	-0.066987	-0.135958
-0.047456	-0.072175	-0.196689
0.010224	-0.021820	-0.047761
0.046235	0.029145	0.139315
0.057832	0.068513	0.127108
0.020294	0.037690	-0.087129
0.022431	0.018463	-0.235142
0.041962	0.024262	-0.099336
0.027619	-0.009918	-0.052033
0.059052	0.015106	0.179294
0.036774	-0.008087	0.023957
0.032502	0.019074	-0.018158
0.054475	0.047456	0.117342
0.047456	0.028229	0.073396
0.033112	0.014496	0.014496
0.012055	0.034028	0.037995
-0.005035	-0.003815	-0.054170
-0.082246	-0.090181	-0.098116
-0.023957	-0.068513	0.086519
-0.002899	-0.039216	0.001068
0.044709	0.006256	0.146639
-0.028229	-0.083467	-0.179294
-0.085603	-0.155489	-0.379797
-0.103609	-0.150301	-0.412757
0.103914	0.082551	0.120699
0.193942	0.196994	0.328527
0.136873	0.127718	0.222324
0.110323	0.093233	0.271153
0.074006	0.046540	0.141146
0.042878	0.038300	0.032807
0.025177	0.016022	0.010834
0.035859	0.040131	0.038605
0.040131	0.027924	0.094148
0.044404	0.004425	0.128634
-0.011139	-0.070039	0.010834
-0.041657	-0.090486	-0.049287
-0.016022	-0.033112	-0.069123
0.076448	0.052338	0.099336
0.036774	0.022431	0.022736
0.033112	0.005951	0.006867
-0.011444	-0.042573	-0.048371
-0.005341	-0.034638	0.006561
0.002594	-0.025788	0.005341
0.000763	-0.032197	0.009613
-0.037385	-0.096284	-0.027314
-0.085298	-0.160983	-0.122835
-0.124971	-0.189364	-0.242161
-0.135958	-0.121004	-0.250706
-0.028840	0.006256	-0.166781
0.128023	0.167086	0.137179
0.184176	0.235142	0.348974
0.132601	0.162814	0.266880
0.101778	0.086213	0.152132
0.012970	-0.037995	-0.052033
-0.077058	-0.106661	-0.099031
-0.010834	-0.011749	0.025177
0.058747	0.076143	0.114900
0.069123	0.067903	0.142367
0.000763	0.006256	0.001068
0.042573	0.020905	-0.060273
0.061494	0.039826	-0.018463
0.016327	-0.029450	0.000763
-0.028840	-0.105745	-0.164950
-0.014496	-0.096590	-0.145724
-0.025788	-0.064546	-0.100557
-0.003815	-0.020294	0.117647
0.021820	0.004120	0.227207
-0.048066	-0.074617	0.032197
-0.027314	-0.023346	-0.072175
0.042267	0.035248	-0.179904
0.063935	0.052033	-0.221714
0.106355	0.077363	0.035554
0.146944	0.133822	0.372473
0.102998	0.092012	0.253758
0.056916	0.025177	0.087434
-0.019989	-0.052033	-0.034943
-0.050813	-0.117647	-0.064851
-0.059968	-0.156100	-0.234836
-0.045014	-0.108492	-0.353552
0.040742	0.053254	-0.105745
0.131380	0.133516	0.438087
0.112459	0.108186	0.348363
0.078889	0.068513	0.144808
0.032502	0.046845	0.134737
-0.068208	0.001984	0.048066
-0.126192	-0.053559	-0.043183
-0.167086	-0.072175	-0.151217
-0.225071	-0.063020	-0.192111
-0.195468	-0.035248	-0.061799
0.011749	-0.006256	0.041352
0.109102	-0.015412	0.024262
0.223850	0.029145	0.213474
0.275120	0.072480	0.144198
0.164950	0.024872	-0.018158
0.061799	-0.023346	-0.097810
0.061799	-0.004425	-0.118563
0.031281	-0.030060	-0.140536
0.042573	-0.023957	0.012665
-0.001373	-0.055695	-0.036164
-0.025788	-0.075837	-0.091096
-0.068208	-0.090486	-0.211337
-0.061494	-0.107881	-0.217746
0.037079	-0.001068	-0.051423
0.092012	0.049592	0.079500
0.075837	0.053559	0.145113
0.034638	0.023651	0.063630
0.011749	-0.046845	0.034333
-0.010529	-0.087129	0.004425
-0.001678	-0.052949	-0.096590
0.078279	0.075837	0.088655
0.103914	0.139315	0.191196
0.143893	0.172885	0.198520
0.161288	0.163729	0.301061
0.076448	0.099947	0.127413
0.033417	0.077058	0.094148
0.025483	0.036774	0.043488
-0.009613	-0.022126	-0.001373
-0.031281	-0.077058	-0.063020
-0.072786	-0.134737	-0.198215
-0.096284	-0.180514	-0.199435
-0.157321	-0.232700	-0.274815
-0.127718	-0.162509	-0.222324
0.005646	0.016327	0.041657
0.129854	0.155795	0.291905
0.156100	0.183871	0.258335
0.101472	0.111543	0.205539
0.072175	0.029755	0.073701
0.019379	-0.005341	0.084993
0.009918	-0.001373	0.101167
0.041657	0.023041	0.074617
0.085298	0.054170	0.170748
0.036774	0.006867	-0.117037
-0.022736	-0.031586	-0.162509
-0.044099	-0.068818	-0.192721
-0.038300	-0.064851	-0.134432
-0.002289	-0.037385	0.005646
0.051728	0.018463	0.145418
0.020600	-0.018158	0.027619
-0.024872	-0.070344	0.018769
-0.005646	-0.054170	0.048676
-0.026703	-0.064240	-0.019074
-0.022431	-0.082856	-0.116121
-0.075227	-0.109407	-0.179904
-0.075227	-0.092317	-0.098726
-0.046235	-0.069123	-0.040742
0.033112	0.032807	0.113375
0.095369	0.077668	0.215000
0.113069	0.122225	0.114900
0.100862	0.092317	0.033417
0.039216	0.021515	-0.073396
0.048066	0.057221	-0.005951
0.071260	0.069429	0.023041
0.079500	0.092012	0.058442
0.080415	0.081941	0.173495
0.029145	0.005646	0.107881
-0.005951	-0.031891	0.031891
-0.054170	-0.095674	-0.131991
-0.095064	-0.132601	-0.226596
-0.107271	-0.142061	-0.319371
-0.060273	-0.072175	-0.158846
0.015412	0.003510	0.027008
0.083772	0.073091	0.299840
0.031281	0.006867	0.174105
0.016327	-0.020905	0.058137
0.032502	-0.049592	-0.001984
-0.015412	-0.082551	-0.124971
0.008392	-0.012665	-0.026093
0.063630	0.058442	0.089265
0.070039	0.079805	0.148470
0.107271	0.106661	0.175631
0.070649	0.103609	0.081941
0.096284	0.084688	0.141146
0.031891	0.022126	-0.001373
0.009003	-0.012665	-0.002289
-0.009918	-0.059052	-0.069429
-0.066987	-0.103914	-0.168307
-0.028229	-0.066377	-0.108797
-0.019074	-0.027314	-0.048066
-0.001678	-0.036469	-0.116732
-0.065461	-0.083162	-0.247044
-0.059663	-0.059358	-0.115206
-0.029450	0.010834	-0.067597
0.070039	0.072480	0.138094
0.083772	0.054170	0.103304
0.082551	0.018769	0.053864
0.021820	-0.058137	-0.086213
0.002594	-0.034028	-0.118257
0.102998	0.077058	0.184482
0.112764	0.102998	0.195773
0.081331	0.040131	0.236057
0.004730	-0.055085	0.048371
-0.009003	-0.049592	0.034333
0.017548	-0.046235	-0.001373
-0.023651	-0.075532	-0.111543
-0.064240	-0.117037	-0.168002
-0.081025	-0.140841	-0.195468
-0.077668	-0.097505	-0.126192
0.030365	0.014496	0.195468
0.063935	0.100862	0.214084
0.087739	0.111543	0.032502
0.151827	0.169833	0.023651
0.146944	0.115511	0.121309
0.082856	0.049897	0.139315
0.016938	-0.009003	0.021820
-0.043793	-0.031586	-0.172274
0.045014	0.028840	0.106661
0.044099	0.012055	0.139620
-0.024567	-0.064851	0.004730
-0.072786	-0.134737	-0.066987
-0.059663	-0.114595	-0.142672
0.037385	0.022736	0.074311
0.102083	0.079805	0.149996
0.038911	-0.022736	-0.024262
-0.026703	-0.061494	-0.129549
-0.017853	-0.037690	0.066072
0.062715	0.064851	0.139925
0.090181	0.077668	0.094453
0.106661	0.126497	0.087129
0.076143	0.078279	0.185702
0.022431	0.010834	0.109407
0.036469	0.042267	0.028534
0.033112	0.051118	0.040436
0.016632	0.008698	-0.012360
-0.043488	-0.034943	-0.102693
-0.035248	-0.046540	-0.114595
-0.004120	-0.017243	-0.047761
0.060273	0.034638	0.088960
0.125277	0.062715	0.171054
0.029755	0.032502	0.041657
0.001068	0.002289	-0.036469
0.008392	-0.013886	-0.056916
0.055390	0.027619	0.131685
0.034943	-0.007477	0.079194
-0.004730	-0.032807	-0.016022
0.012665	-0.019989	-0.000763
0.005951	-0.030671	-0.008087
-0.007782	-0.046845	-0.068208
-0.025177	-0.062104	-0.072480
0.002289	-0.027924	0.021820
0.013275	-0.019074	0.021210
0.026093	-0.009918	0.042878
0.036469	0.033722	0.034638
0.024567	0.008087	-0.006256
0.018769	-0.014496	-0.044709
0.006561	-0.037079	-0.073701
-0.010529	-0.029755	-0.016022
-0.009308	-0.040131	0.021210
-0.019074	-0.046540	-0.022431
-0.048676	-0.108797	-0.067292
-0.063935	-0.143587	-0.099641
-0.015106	-0.083162	-0.030671
0.014496	0.003815	-0.058442
0.098116	0.105440	0.117037
0.094453	0.128023	0.059052
0.120089	0.120089	0.188144
0.074922	0.072175	0.113375
0.059052	0.012665	-0.007477
0.034333	-0.024262	-0.008392
-0.004120	-0.051118	-0.118563
-0.028229	-0.039216	-0.078889
-0.050202	-0.066682	-0.084077
-0.078279	-0.089265	-0.038300
-0.013581	-0.038911	0.035554
0.033417	0.004425	0.035248
0.087434	0.071565	0.073396
0.105135	0.110933	0.120089
0.091402	0.047150	0.062104
0.018158	-0.025177	-0.049897
-0.016938	-0.042573	0.017853
-0.027008	-0.040742	-0.000458
-0.011139	0.002289	0.004120
0.062715	0.055085	0.103609
0.052644	0.040742	0.035248
0.043183	0.042573	-0.012665
0.032807	0.006256	-0.079805
0.003815	-0.030671	-0.124056
-0.022431	-0.010224	0.020905
-0.001678	0.030365	0.137179
0.016938	-0.001984	0.125887
-0.014496	-0.077668	-0.001984
-0.040742	-0.095064	-0.142061
-0.010529	-0.050813	-0.135653
0.077363	0.077363	0.051728
0.040742	0.043793	-0.003510
-0.036469	-0.041657	-0.097200
-0.037385	-0.034028	0.008392
-0.023957	-0.037385	-0.025177
0.004730	-0.014801	-0.022736
0.053559	0.027924	0.086213
0.066987	0.038911	0.070954
0.060273	0.011444	0.146029
0.021210	-0.034638	0.112764
-0.016327	-0.074006	0.007477
-0.007782	-0.038911	0.036774
0.070344	0.075837	0.106966
0.130159	0.131075	0.114290
0.092012	0.113069	0.063325
0.050813	0.033112	0.023651
-0.071565	-0.097200	-0.132601
-0.092927	-0.098421	-0.117952
-0.099031	-0.022431	-0.078279
-0.037079	0.087434	0.091707
-0.048676	0.099947	0.210117
-0.051118	0.065156	0.111849
0.008087	0.018158	-0.103609
0.127718	-0.000153	-0.000153
0.160372	-0.084382	-0.006561
0.069123	-0.128023	-0.134432
-0.013886	-0.122835	-0.200656
-0.004120	-0.041962	-0.178988
0.095979	0.081941	0.144198
0.118257	0.085908	0.349889
0.103304	0.045014	0.267796
0.057832	-0.009918	0.131685
0.015412	-0.016327	0.003510
0.023957	-0.019074	0.064240
0.012665	-0.035248	0.059358
0.021820	-0.002289	0.037995
0.008392	-0.000763	0.030976
0.009613	-0.027314	-0.016632
0.006867	-0.019379	-0.046235
0.069429	0.043183	0.097810
0.130770	0.096590	0.171054
0.102998	0.088350	0.097810
0.037079	0.004120	0.033417
-0.011749	-0.055390	0.004425
-0.041352	-0.101167	-0.063020
-0.056916	-0.104524	-0.058747
-0.013275	-0.035859	-0.052644
0.063630	0.042267	0.013886
0.058747	0.052949	-0.078889
0.080415	0.062409	0.081025
0.053254	0.049897	0.096590
0.008087	-0.023346	0.010224
-0.046540	-0.121309	-0.076448
-0.084382	-0.147555	-0.100862
-0.050507	-0.076448	-0.019379
0.012970	0.006561	0.128023
0.028229	0.032502	0.141451
0.026093	0.030671	0.001373
0.052033	0.041047	0.088350
0.074617	0.019684	0.108797
0.032807	-0.026703	0.029450
0.007172	-0.047150	-0.012360
0.041962	-0.002899	0.110628
0.027619	0.010224	0.031891
0.009003	-0.037690	-0.030060
0.001068	-0.041352	-0.078584
0.001373	-0.054780	-0.072786
-0.025177	-0.117037	-0.111543
-0.044099	-0.093843	-0.163729
0.003510	-0.008087	-0.010224
0.066377	0.096590	0.112459
0.104524	0.085908	0.188144
0.036774	0.032502	-0.035859
0.019684	-0.013275	-0.062715
0.009918	-0.018158	-0.038605
0.037385	-0.005035	0.009613
0.001373	-0.026093	0.002899
0.015717	-0.012665	0.062409
0.015412	-0.021210	0.038300
0.031891	-0.003815	0.123445
0.044099	-0.017243	0.089876
0.033112	0.016632	0.045624
0.022126	0.027619	0.027924
0.039826	0.013581	-0.019379
0.002594	-0.043183	-0.069429
-0.010529	-0.079805	-0.125582
-0.089265	-0.183261	-0.034333
-0.108797	-0.217746	-0.082551
-0.070344	-0.166171	-0.064240
0.066072	0.086213	0.112764
0.111543	0.104829	0.096895
0.046235	0.030365	-0.134737
0.020600	-0.011749	-0.164340
0.046235	0.014191	-0.035554
0.082551	0.052033	0.095369
0.062409	0.041352	0.114900
0.020600	-0.001068	0.079194
0.021515	-0.008392	0.125582
-0.015717	-0.039216	0.018158
-0.032197	-0.024567	-0.084382
0.007172	0.021515	0.067597
-0.004730	0.052338	0.088960
-0.039216	0.021515	0.097200
-0.045319	-0.001984	0.055390
-0.022736	-0.048981	-0.055085
0.024567	-0.047456	-0.005951
0.064851	-0.032807	-0.017243
0.018769	-0.015106	0.014191
0.002594	-0.056001	-0.071260
0.014496	-0.108186	-0.289769
0.016632	-0.077974	-0.200046
0.033417	-0.030365	-0.078584
0.094148	0.030671	0.169223
-0.030365	-0.072175	0.004120
-0.068208	-0.106355	-0.067903
-0.055390	-0.039826	-0.122835
0.119173	0.142367	0.208896
0.093538	0.120394	0.378882
-0.017548	-0.028840	0.113069
-0.064240	-0.091096	-0.073091
0.039826	-0.010224	-0.001678
0.122530	0.060578	0.087739
0.107881	0.048981	0.034028
0.107576	0.077668	0.117037
0.096284	0.035859	0.066682
0.042878	-0.023041	-0.067597
-0.005646	-0.076753	-0.140230
-0.040742	-0.091096	-0.140536
-0.047456	-0.073701	-0.076753
0.009918	-0.025483	0.160067
0.046845	0.010224	0.196994
0.030365	0.022736	0.186313
0.027314	0.044404	0.118563
0.045624	0.037995	0.021210
0.075532	0.085603	0.045624
0.080415	0.070649	0.122835
0.034028	0.011139	0.055695
-0.010224	-0.038300	-0.048066
-0.023041	-0.040131	-0.063935
-0.008698	-0.023346	-0.096590
0.019074	0.019684	-0.008698
0.009918	-0.036164	-0.020294
-0.060578	-0.116121	-0.147860
-0.077058	-0.144198	-0.152438
-0.072480	-0.132296	-0.120394
-0.062715	-0.121309	-0.288853
0.010224	0.007782	-0.177462
0.183566	0.190890	0.360876
0.202792	0.155795	0.347143
0.106661	0.081941	0.218967
0.080415	0.065156	0.202792
0.042267	0.023957	0.145724
0.028229	0.007477	0.048066
0.019989	-0.014801	-0.030671
0.013886	-0.002594	-0.061494
0.006867	-0.013275	-0.007782
0.002289	-0.025788	0.008087
0.005646	-0.012665	0.000763
0.001984	-0.016022	-0.033112
-0.015412	-0.017243	-0.009308
0.002594	-0.012360	0.069123
0.007172	-0.012665	0.101472
-0.011749	-0.025177	0.034638
-0.023651	-0.066987	-0.053559
-0.021820	-0.090181	-0.060273
-0.004730	-0.048676	-0.034943
0.009918	-0.016022	0.002289
0.003510	-0.023651	-0.090181
0.013581	-0.011444	-0.151217
0.060273	0.047456	0.093843
0.046235	0.007782	0.097505
0.022736	-0.025177	0.024567
0.040742	0.013886	0.084382
-0.000763	-0.013581	0.074922
-0.094148	-0.084993	-0.077058
-0.117037	-0.106050	-0.157015
-0.167697	-0.157626	-0.236362
-0.120699	-0.114595	-0.193942
0.057527	0.020294	0.049287
0.181430	0.063935	0.164645
0.082856	0.035248	0.120394
0.070039	0.031891	0.092622
0.078279	0.067597	0.126497
0.066072	0.070344	0.039216
0.061494	0.088045	0.086213
0.059968	0.077058	0.120699
0.043488	0.074617	0.185397
0.045319	0.030365	0.060273
0.083772	-0.012055	-0.037385
0.048676	-0.057527	-0.159457
0.066987	-0.037690	-0.189364
0.054170	-0.010529	-0.099031
-0.005035	-0.034943	-0.107576
-0.026703	-0.015717	-0.003204
0.021820	-0.020600	0.133516
0.031891	0.001984	0.185702
0.090181	0.044709	0.308690
0.079805	0.015717	0.205539
0.068513	0.018769	0.119783
0.056001	0.015717	0.003815
0.033417	-0.001373	-0.047150
-0.009308	-0.020905	-0.185397
-0.027619	-0.062715	-0.221714
-0.022126	-0.038911	-0.115206
-0.028840	-0.053254	-0.045014
-0.016327	-0.040742	0.015106
0.029755	-0.004120	0.190280
0.034333	0.004425	0.220188
-0.020294	-0.046845	0.082856
-0.058442	-0.072480	-0.097200
-0.028534	-0.035859	-0.046845
-0.038300	-0.048676	-0.050507
-0.042267	-0.047761	0.016632
-0.028534	-0.047456	0.028229
0.090181	0.042573	0.034943
0.098116	0.043793	0.021820
0.075532	0.047456	-0.002899
0.110018	0.079805	0.153048
0.076448	0.024567	0.009003
0.056916	0.031891	-0.007477
0.049287	0.021210	0.028534
0.021515	0.002899	0.003815
0.009918	-0.029450	-0.021820
0.005341	-0.034028	-0.025177
-0.001373	-0.023041	0.007172
-0.005341	-0.030365	0.062715
-0.040131	-0.071565	-0.033722
-0.083162	-0.091707	-0.095979
-0.088045	-0.105135	-0.136263
-0.031586	-0.081941	0.099947
0.019379	-0.081941	0.106050
-0.041352	-0.096590	-0.057527
-0.027924	-0.027619	-0.115206
0.059052	0.095979	0.024567
0.135653	0.174105	0.141451
0.155489	0.138705	0.189059
0.112459	0.066072	0.045930
0.052033	-0.012055	-0.024872
-0.003204	-0.027008	-0.015717
-0.066072	-0.061494	-0.065461
-0.021210	0.003204	-0.055695
0.055085	0.047761	0.046235
0.072175	0.032807	-0.015412
0.037995	0.031891	0.052949
-0.019074	0.007172	-0.021210
0.001068	0.035554	0.036774
0.009003	0.025483	0.112154
-0.028534	-0.043793	0.022736
-0.047456	-0.107576	-0.143282
0.039521	-0.070649	-0.103914
0.005341	-0.077668	-0.122835
0.017853	-0.017853	-0.135958
0.076448	0.063020	0.197910
0.044099	-0.001678	0.124056
0.027008	-0.043488	0.027619
-0.001373	-0.079194	-0.092622
-0.054780	-0.101778	-0.254063
-0.080720	-0.115816	-0.308690
-0.055390	-0.054475	-0.183261
0.150607	0.149386	0.572061
0.181125	0.151217	0.518044
0.134432	0.133516	0.313573
0.077363	0.075227	0.170138
0.037690	0.027619	0.117647
0.000153	-0.049897	-0.006561
-0.000458	-0.089570	-0.114595
-0.024262	-0.087129	-0.109712
-0.053864	-0.065156	-0.085603
0.015106	0.014191	-0.002899
0.059052	0.052644	0.111543
0.062104	0.036469	0.054780
0.004120	-0.037079	-0.116732
-0.051728	-0.150912	-0.121004
-0.124971	-0.213169	-0.067292
-0.142367	-0.179294	-0.094148
-0.025483	-0.035248	-0.137789
0.047761	0.086824	-0.159152
0.133516	0.149386	-0.015106
0.146944	0.174105	0.063935
0.189364	0.191501	0.395056
0.145113	0.117342	0.301061
0.045319	0.052338	0.151217
0.004425	0.035859	0.124971
-0.023041	0.005035	0.030976
-0.034638	-0.002899	0.028534
-0.044709	-0.004730	0.059663
0.060273	0.002289	0.050507
0.082246	-0.036774	0.043488
0.029450	-0.058442	-0.051728
0.010224	-0.051423	-0.105745
0.004120	-0.026398	-0.118563
0.006561	-0.029145	-0.088960
-0.003510	-0.033722	-0.076143
-0.016022	-0.055695	-0.051118
-0.054780	-0.090181	-0.090791
0.012360	-0.017548	0.071260
0.022431	0.019989	0.068513
0.068818	0.060273	0.102693
0.049897	0.036774	0.049592
0.025177	0.005646	0.022126
0.025788	0.004120	0.037690
0.028534	0.007782	0.020905
0.007477	-0.008087	-0.013886
-0.056916	-0.042573	-0.048676
-0.069734	-0.053559	-0.048371
-0.057221	-0.063020	-0.054170
0.010224	-0.015412	0.062409
0.002289	-0.017243	-0.081331
0.049287	-0.023041	0.008698
-0.003204	-0.070344	-0.028840
-0.014496	-0.051118	-0.021515
0.031281	0.023651	0.079194
0.034638	0.034638	0.021515
0.085298	0.013275	0.023346
0.019684	-0.052033	-0.018463
0.014801	-0.059968	-0.028229
0.023041	-0.029755	-0.099641
0.012970	-0.014801	-0.081025
0.010224	-0.048066	0.059968
-0.071870	-0.125582	-0.097810
-0.039521	-0.064851	-0.021210
0.043183	0.035554	-0.043793
0.109102	0.167391	0.070649
-0.007782	0.098116	0.016022
-0.030365	0.019989	0.003510
-0.007782	-0.007477	0.114595
-0.102388	-0.083772	-0.058442
-0.016022	-0.080415	-0.105745
0.060578	-0.025483	-0.169833
0.100862	0.068513	0.027314
0.205234	0.110323	0.211032
0.193332	0.113069	0.224460
0.101167	0.066682	0.149691
0.060273	0.034333	0.132296
0.061494	0.028229	0.155795
0.048371	0.012360	0.102693
0.038911	0.001373	0.007477
0.043183	0.022126	0.096895
0.029145	-0.018463	0.025177
-0.021210	-0.042573	-0.108797
-0.021515	-0.045624	-0.078279
-0.012360	-0.037995	-0.021515
-0.018463	-0.027619	0.017548
-0.060578	-0.099031	-0.025788
-0.141756	-0.208286	-0.178683
-0.216526	-0.259251	-0.294652
-0.114290	-0.098116	-0.171359
0.086519	0.146334	0.037995
0.180514	0.197604	0.073701
0.217441	0.197604	0.340734
0.160983	0.109407	0.276036
0.080415	0.039826	0.110018
0.071565	0.031586	0.142977
0.063325	0.075227	0.168612
0.023041	0.064240	0.088655
-0.009613	0.044099	0.067292
0.000458	0.041352	0.075837
-0.088045	-0.007782	-0.045930
-0.060273	-0.030671	-0.122530
0.012970	-0.014191	-0.016327
0.065156	-0.017548	0.085298
0.059663	-0.052644	0.019379
0.038300	-0.098726	-0.082551
0.007172	-0.074617	-0.013886
0.016022	-0.015106	0.059968
0.028840	-0.010529	0.015412
-0.008087	-0.055695	-0.046845
-0.031891	-0.095369	-0.063935
-0.020294	-0.037385	0.012360
0.004425	-0.011139	0.032197
0.030671	0.016632	0.062715
0.064546	0.066072	0.100862
0.092317	0.119173	0.108186
0.060578	0.073701	0.021515
0.040742	0.007782	-0.055695
0.005951	-0.010834	-0.068208
-0.013886	-0.013886	-0.059663
-0.052949	-0.086519	-0.134432
-0.055695	-0.059663	-0.078279
0.020294	0.018463	0.106661
0.093843	0.067292	0.239719
0.067292	0.063325	0.099031
0.027924	0.025177	0.034028
-0.016327	-0.024567	-0.007782
-0.033722	-0.064851	0.008392
-0.057527	-0.066682	0.033112
-0.030671	-0.050507	0.025483
0.026093	-0.004120	-0.021820
-0.003510	0.024567	0.001373
-0.044404	0.008392	-0.045624
-0.013275	0.023651	0.000153
0.053559	0.027924	0.037079
0.024872	0.012970	-0.055695
0.028840	-0.005646	-0.056611
-0.010529	-0.060578	-0.104829
-0.021515	-0.100862	0.013581
-0.087739	-0.140841	0.035554
-0.107271	-0.125887	-0.085298
-0.048981	-0.022126	-0.013581
0.012665	0.048066	-0.018158
0.008087	-0.026703	-0.107881
-0.001068	-0.083772	-0.162814
0.053864	-0.005646	0.074922
0.105440	0.077668	0.308995
0.083467	0.099641	0.155184
0.076448	0.071870	0.026398
0.006256	0.019074	-0.099031
0.002289	0.017243	0.120394
0.025177	0.033417	0.175021
0.069734	0.092622	0.146639
0.034333	0.041962	0.001678
-0.003510	-0.035554	-0.198215
-0.000458	-0.030976	-0.172274
0.027008	-0.016022	-0.039521
0.052644	0.034638	0.201877
0.042267	0.023957	0.291905
-0.010224	-0.016938	0.142672
0.006867	0.014496	0.144198
0.041657	0.044404	0.078889
0.043488	0.068208	0.053559
0.017243	0.026093	0.063020
-0.027314	-0.081331	-0.041352
-0.054170	-0.098726	-0.070344
-0.045014	-0.092927	-0.070344
-0.002899	-0.041352	-0.102388
-0.019074	-0.022431	-0.077668
-0.056611	-0.029145	-0.047456
-0.071565	-0.035554	-0.067903
-0.030365	0.027314	0.059358
0.062409	0.105135	0.230259
0.077363	0.076753	0.145113
0.017548	0.028840	0.048981
0.034638	0.002594	0.014801
0.066682	-0.015717	-0.020905
0.045014	0.016022	0.131991
-0.050507	-0.030060	-0.001068
-0.002899	0.001068	0.029755
0.063935	0.042267	0.016938
0.048371	0.020905	-0.026703
0.029755	0.006256	-0.008392
0.021210	0.011749	0.048676
-0.016938	0.011444	-0.036164
-0.031281	-0.025788	-0.087739
-0.033112	-0.034333	-0.112154
-0.046540	-0.033112	-0.145724
-0.043183	0.002289	-0.020294
-0.047761	-0.018769	0.106355
-0.090791	-0.043793	0.121309
-0.120089	-0.066377	0.069734
-0.118868	-0.066987	0.015717
-0.029450	-0.062715	-0.083772
-0.018463	-0.083467	-0.062715
0.022431	-0.102083	-0.144808
0.016327	-0.074006	-0.061494
-0.021820	-0.060883	-0.099031
0.089265	0.052949	0.178683
0.144808	0.054170	0.162203
0.070344	0.041962	0.122530
-0.060273	-0.046845	0.042573
-0.070649	-0.090486	-0.121614
0.004425	0.014191	-0.167391
0.097505	0.112154	0.069734
0.192111	0.146029	0.148775
0.192416	0.143893	0.257725
0.062104	0.069123	0.047150
0.087434	0.083772	0.075227
0.052338	0.055390	0.019684
0.031891	0.018158	-0.031891
-0.019684	-0.034333	-0.123751
-0.080720	-0.058747	-0.160983
-0.098726	-0.064851	-0.200351
-0.101778	-0.093843	-0.120699
-0.018769	0.010529	0.283360
-0.021820	-0.011444	0.223545
0.030060	-0.014496	0.075532
0.072480	-0.077668	-0.063020
-0.019379	-0.160067	-0.205234
-0.089570	-0.160678	-0.176547
0.015106	0.007477	0.087129
0.121309	0.149081	0.259251
0.111238	0.137179	0.172580
0.077974	0.063020	0.035554
0.029755	0.034943	0.064546
0.023346	0.014496	0.104829
-0.018769	-0.032807	-0.036164
-0.023651	-0.067903	-0.113985
-0.082551	-0.090791	-0.222629
-0.024567	-0.062715	-0.074311
0.046845	0.001373	0.122225
0.016022	-0.026703	0.049592
-0.027008	-0.062104	-0.048676
-0.033112	-0.050507	-0.128328
0.070649	0.104829	0.200351
0.102998	0.123140	0.182040
0.077668	0.085603	0.160067
0.039826	0.032807	0.106966
0.030671	0.019684	0.074006
0.017853	-0.006561	0.012055
0.011139	0.009308	-0.054780
0.004425	-0.027924	-0.055390
-0.030060	-0.078584	-0.055085
-0.025177	-0.050202	-0.023346
0.002289	-0.008087	-0.019379
0.029145	0.030976	0.068818
0.010834	0.005341	0.002899
0.018463	0.013275	0.027619
0.022126	-0.016632	0.010834
-0.025788	-0.091402	-0.071260
-0.089265	-0.134737	-0.068818
-0.065156	-0.088045	0.047761
-0.049287	-0.059358	0.043183
0.000763	-0.011444	0.055085
0.066682	0.084077	0.141451
0.112154	0.114595	0.121309
0.085603	0.083772	0.009613
0.056611	0.045014	-0.037690
0.001678	-0.005951	-0.054475
-0.024262	-0.038300	-0.063935
-0.100557	-0.087129	-0.193027
-0.102998	-0.088045	-0.270542
-0.038911	-0.047456	-0.274510
0.142977	0.097505	0.305943
0.191501	0.101167	0.421607
0.092012	0.037079	0.195468
0.023651	-0.010224	0.115816
-0.072786	-0.084382	-0.026398
-0.130465	-0.146639	-0.134432
-0.205844	-0.229038	-0.233921
-0.195773	-0.236057	-0.190890
-0.045624	-0.121614	-0.043183
0.150301	0.057221	0.240330
0.192416	0.168307	0.308690
0.225681	0.181735	0.255283
0.124666	0.109102	0.032502
0.067903	0.078279	-0.001678
0.046235	0.067903	0.095979
0.059052	0.009308	0.021820
0.006256	-0.023346	-0.055085
-0.062104	-0.079194	-0.129854
-0.003510	-0.024567	0.001068
-0.006256	-0.056306	-0.052338
-0.084077	-0.154879	-0.204318
-0.083162	-0.138705	-0.081941
-0.023041	-0.062409	-0.028229
0.084993	0.083772	0.057221
0.145113	0.179294	0.151217
0.154574	0.174411	0.249485
0.081025	0.089265	0.183261
0.049287	0.044099	0.073091
0.019684	0.036164	0.070649
-0.027008	-0.009003	-0.038911
-0.058137	-0.060578	-0.115511
-0.143282	-0.126192	-0.281224
-0.097810	-0.095979	-0.258640
-0.017853	-0.034028	-0.092622
0.081941	0.106050	0.325170
0.064546	0.095674	0.313878
0.052338	0.045014	0.095674
0.012665	0.012665	0.053559
0.036469	-0.036469	-0.073701
0.032502	-0.116121	-0.187228
-0.034333	-0.145418	-0.149996
-0.079805	-0.150912	-0.092927
0.025177	0.004425	0.076448
0.095674	0.086824	0.158846
0.067597	0.073396	0.110933
0.102693	0.095979	0.129854
0.067903	0.020294	0.052949
0.017243	-0.027008	-0.031281
-0.039216	-0.050813	-0.096284
-0.070649	-0.077058	-0.095979
-0.098421	-0.120699	-0.111543
-0.056611	-0.043488	0.002594
0.096284	0.138705	0.229953
0.097200	0.143282	0.233921
0.083772	0.109712	0.189059
0.047150	0.059968	0.098116
0.028534	0.030365	0.061799
0.071565	0.021210	0.044404
0.115511	0.016327	0.063020
0.028229	-0.019684	0.038605
-0.035248	-0.040742	-0.046540
-0.062715	-0.076448	-0.065766
-0.061494	-0.066682	-0.061799
-0.055390	-0.082551	-0.073396
0.024567	-0.045624	-0.037995
-0.023957	-0.070039	-0.104219
-0.009308	-0.024262	-0.070649
0.030671	0.013275	0.005646
0.063325	0.040436	0.098726
0.014191	-0.032502	-0.032502
-0.009308	-0.042267	0.012055
-0.010529	-0.020905	0.049897
-0.030671	-0.040742	-0.014801
0.027619	0.022736	0.030976
0.034638	0.011444	-0.006867
-0.023957	-0.027619	-0.162203
-0.030060	-0.011749	-0.129854
0.032197	0.052949	0.075227
0.069123	0.062104	0.127718
0.048676	-0.014801	-0.037995
-0.028840	-0.072175	-0.165255
-0.053559	-0.067903	-0.288243
-0.052033	-0.077058	-0.307774
-0.040436	-0.088960	-0.146944
0.024567	-0.047456	0.067903
0.009918	0.013581	0.141146
0.084688	0.073396	0.306554
0.111543	0.120089	0.304112
0.066072	0.072786	0.109712
0.092927	0.116732	0.124361
0.117647	0.108186	0.232700
0.026093	0.019379	0.077668
-0.012360	-0.051728	-0.013581
-0.051118	-0.095674	-0.063325
-0.054780	-0.089876	-0.055085
0.006561	0.005646	0.091402
-0.001678	0.001678	-0.061189
0.007172	0.003510	-0.143893
0.004120	0.018158	-0.073396
0.008392	0.005035	-0.054170
0.004425	0.017243	0.056001
0.023041	0.000458	0.068513
-0.010834	-0.031891	-0.032502
-0.073091	-0.079194	-0.168002
-0.064240	-0.063325	-0.276341
0.074006	0.083162	0.058137
0.111849	0.116121	0.199435
0.112459	0.088960	0.278477
0.097200	0.045014	0.109102
0.012360	-0.045014	-0.156710
-0.001373	-0.051728	-0.056306
0.044099	0.013886	0.015412
-0.010529	-0.020905	-0.088960
0.022736	0.007782	0.047761
0.088350	0.041962	0.235142
0.079500	0.023346	0.242161
0.067292	-0.007782	0.172274
0.036164	-0.006561	0.113680
0.021820	0.000458	0.017853
0.036164	0.013886	0.055085
0.033112	0.012970	-0.000458
0.012970	-0.017853	-0.039826
-0.040742	-0.078889	-0.088960
-0.064240	-0.082551	-0.056001
-0.089570	-0.092622	-0.076753
-0.016632	-0.013886	0.104524
0.027314	-0.002899	0.062104
0.056916	0.015412	0.058137
0.066072	0.005341	0.007477
-0.037690	-0.078889	-0.143282
-0.113985	-0.162203	-0.229648
-0.119478	-0.186923	-0.220798
-0.023651	-0.069429	0.001984
0.055085	0.032197	0.071870
0.125887	0.118868	0.171054
0.151217	0.146029	0.217746
0.090486	0.076448	0.031891
0.048066	0.019074	0.052644
0.038605	-0.003204	0.048066
-0.010224	-0.032807	-0.037690
0.009308	-0.025788	0.010834
0.036164	0.011444	0.013275
0.045624	0.050507	0.037690
0.017548	0.021820	-0.000763
0.007172	-0.016938	-0.005951
0.011749	-0.021210	0.028840
0.032807	-0.013581	0.044099
-0.005341	-0.045014	0.052949
-0.076143	-0.112459	-0.088045
-0.119478	-0.141756	-0.240330
-0.064851	-0.073701	-0.157626
-0.001678	-0.006256	0.006561
0.011444	-0.011139	-0.017548
0.043793	0.009003	0.029450
0.072480	0.079500	0.176242
-0.008392	-0.006561	0.083772
-0.021820	-0.060273	-0.057832
-0.037079	-0.089570	-0.178988
-0.034333	0.010834	0.001984
0.064851	0.101472	0.251926
0.141756	0.079500	0.201266
0.128328	0.035248	0.102083
0.116121	0.047456	0.123140
0.103304	0.056611	0.060578
0.084382	0.048981	0.071260
0.072480	0.043488	0.084993
0.047150	0.019379	0.010834
0.026398	-0.003510	-0.101167
0.009003	-0.038911	-0.072480
-0.050813	-0.084688	-0.195468
-0.049287	-0.032197	-0.182956
-0.048371	-0.012055	-0.118868
0.048066	0.088655	0.284581
0.077363	0.074311	0.255283
0.104524	0.073396	0.180209
0.039826	0.005341	0.091707
-0.010834	-0.032502	-0.021515
0.008087	-0.024872	-0.082551
0.009308	-0.009918	-0.023346
0.018769	-0.038300	0.067903
0.001678	-0.064546	-0.006256
-0.045319	-0.081331	-0.072175
-0.051118	-0.072480	-0.102083
-0.055085	-0.056306	0.002899
-0.067903	-0.031891	0.007477
-0.042573	-0.040742	-0.007477
-0.031281	0.001678	-0.016327
-0.002899	0.026093	0.066072
0.110018	0.058442	0.151827
0.190890	0.066377	0.086824
0.071260	-0.013581	-0.009308
0.055390	-0.022736	-0.024262
0.096284	0.047761	0.101778
0.099947	0.052033	0.129549
0.058747	0.020905	0.048066
0.021515	-0.014191	-0.140841
0.000458	-0.036774	-0.183261
-0.049897	-0.063325	-0.197299
-0.047456	-0.026398	0.041047
-0.006867	0.015717	0.136568
-0.003815	0.033112	0.181125
-0.012360	-0.004730	0.083772
-0.002899	-0.008698	0.042573
0.012055	-0.007477	0.022126
-0.020905	-0.040131	-0.016327
-0.039521	-0.061189	0.002289
-0.034333	-0.068208	0.028534
0.052033	-0.018463	0.003815
0.063935	-0.038911	-0.139010
-0.045319	-0.125887	-0.130770
-0.065766	-0.123445	-0.008392
-0.023957	-0.056306	0.115511
0.048066	0.058442	0.100862
0.154879	0.196994	0.146944
0.162203	0.184176	0.214084
0.111543	0.117647	0.072480
0.061494	0.075227	0.068208
0.040131	0.025788	0.064851
0.018158	0.012970	0.032502
-0.012970	-0.014191	-0.014191
-0.005951	-0.028840	-0.003510
-0.030365	-0.046845	-0.048371
-0.029450	-0.055085	-0.069123
-0.008698	-0.032197	0.001373
-0.041962	-0.081025	-0.032807
-0.047150	-0.068818	0.006561
-0.023957	-0.051118	-0.083772
-0.016938	0.000763	-0.112459
0.015412	0.008087	0.004425
0.047456	0.031586	0.106661
0.075532	0.049287	0.151217
0.077058	0.056611	0.076143
0.059358	0.034638	0.092317
0.009308	-0.027314	0.035554
-0.041962	-0.111238	-0.048981
-0.060578	-0.125887	-0.068208
-0.089265	-0.143282	-0.093233
-0.057221	-0.083162	-0.098116
0.014801	0.037690	-0.133516
0.047150	0.062104	-0.140841
0.100252	0.123140	0.077974
0.136568	0.139925	0.216220
0.140841	0.130770	0.305333
0.101167	0.071260	0.127413
0.039216	0.030671	-0.028840
0.016938	0.000153	-0.056611
0.029145	0.010834	0.005951
0.035859	0.006867	0.084382
0.001068	-0.031891	-0.027619
-0.016327	-0.054170	-0.058442
-0.025483	-0.069123	-0.035554
-0.066072	-0.084993	-0.022431
-0.051728	-0.123751	-0.046845
-0.092317	-0.177462	-0.175937
-0.039521	-0.092012	-0.045930
-0.014496	-0.029755	-0.029145
0.051118	0.029145	-0.041962
0.063935	0.038605	0.031891
0.063020	0.067597	0.200046
0.071565	0.076448	0.215305
0.043793	0.027619	0.121309
0.067597	0.058747	0.092012
0.074006	0.054475	0.114595
0.040436	0.008087	0.045014
0.006867	-0.047456	-0.042573
-0.029755	-0.070039	-0.041657
-0.002594	-0.030671	-0.137789
0.112764	0.102388	0.129854
0.055695	0.054170	0.050202
0.036469	0.019074	0.027008
0.023041	0.005341	-0.019684
-0.035554	-0.068208	-0.163119
-0.062409	-0.087739	-0.130465
-0.151827	-0.177462	-0.168612
-0.092622	-0.130770	-0.029755
0.032807	-0.008392	0.039521
0.155184	0.142672	0.209506
0.153658	0.149386	0.304723
0.071260	0.079194	0.135042
0.022736	-0.000763	-0.009613
-0.028229	-0.084382	-0.110323
-0.065766	-0.128634	-0.112764
-0.064851	-0.114290	-0.121920
-0.000153	-0.011139	-0.142367
0.056001	0.003815	-0.092012
-0.006256	-0.036164	-0.152438
0.046845	0.025483	0.240635
0.092317	0.103609	0.302892
0.160372	0.187228	0.238804
0.153964	0.145418	0.132601
0.112459	0.089570	0.141451
0.020294	0.010224	0.044404
-0.032197	-0.055390	-0.003510
-0.085603	-0.091707	-0.039216
-0.121004	-0.117647	-0.101167
-0.092317	-0.041962	-0.030060
-0.005035	-0.070039	-0.160372
0.025483	-0.046540	-0.071565
0.107576	0.033417	0.071565
0.054170	0.043183	0.092927
0.004425	-0.006867	0.031891
0.043183	0.016327	0.027314
0.084077	0.075837	0.024872
0.126497	0.103914	0.107881
0.049592	0.052949	0.085908
-0.013275	0.025483	0.078279
-0.055390	-0.003204	0.038911
-0.103914	-0.024262	-0.046540
-0.080720	-0.028840	-0.080110
-0.060273	-0.049897	-0.178683
-0.034943	-0.032197	-0.157931
0.093233	-0.030671	-0.133211
0.117647	0.017548	0.099336
0.062409	-0.008698	0.189059
0.015412	-0.045319	0.085298
-0.019074	-0.067292	0.018769
-0.016632	-0.016632	0.049592
0.003510	0.019684	0.070039
0.014801	0.028229	0.106355
-0.016022	-0.008087	0.030060
-0.051118	-0.041352	0.034333
-0.015106	-0.052033	-0.013581
0.033112	-0.027619	-0.079194
0.035859	-0.019379	-0.119783
0.041047	-0.023346	-0.100557
0.013886	-0.023957	-0.029450
0.044404	0.036774	0.172274
0.014496	-0.011444	0.055390
-0.022126	-0.050507	-0.106661
0.019989	0.017548	-0.078584
0.116732	0.088045	0.152132
0.066987	0.066377	0.093538
0.021515	0.016327	0.030365
-0.004730	-0.001984	0.006256
-0.000458	-0.018158	0.036469
0.008087	-0.014496	0.026398
0.020905	0.016022	0.082551
0.041352	0.010529	0.056611
-0.020905	-0.046235	-0.046235
-0.049897	-0.043488	-0.050202
-0.059968	-0.073396	-0.004120
-0.018158	-0.081331	0.043183
-0.046235	-0.091096	-0.015106
0.012970	-0.033722	0.073701
0.070344	0.047150	0.052033
0.084077	0.106050	0.073091
0.070954	0.102693	0.056001
0.052338	0.072175	0.092622
0.068818	0.037690	0.043488
0.097505	0.006867	-0.072175
0.040131	-0.001678	-0.113680
0.027008	-0.034333	-0.025483
-0.001678	-0.043793	0.027314
-0.029145	-0.092317	0.001984
-0.030060	-0.070649	0.006256
-0.009613	-0.025483	-0.016022
0.031586	0.002289	0.073396
0.011444	-0.029145	-0.014191
-0.005341	-0.036164	-0.113680
-0.039826	-0.102998	-0.175326
-0.087129	-0.120699	-0.193637
-0.090181	-0.104219	-0.148775
-0.042573	-0.014801	0.043183
0.144503	0.171969	0.398108
0.156710	0.163424	0.218357
0.135348	0.132601	0.137484
0.077668	0.069123	0.048066
0.067597	0.077668	0.094759
0.035248	0.034638	-0.043793
0.021515	0.035554	0.007172
0.008698	-0.025788	-0.012970
-0.052338	-0.087739	-0.068513
-0.042573	-0.099641	-0.081636
-0.048371	-0.087739	-0.047456
-0.043183	-0.086213	-0.014801
-0.132296	-0.165255	-0.111543
-0.076753	-0.117342	0.040742
0.028534	-0.011139	0.290379
0.012665	-0.043488	0.030976
0.083467	0.086213	0.064851
0.154574	0.225071	0.239719
0.118563	0.210117	0.157626
0.009613	0.074311	-0.008392
-0.013275	-0.002594	-0.113985
-0.046235	-0.022126	-0.110323
-0.018463	0.003204	0.063020
0.106355	0.023651	0.125277
0.029450	-0.027314	-0.099947
0.008392	-0.050507	-0.154879
-0.012665	-0.077668	-0.203708
0.016938	-0.016938	-0.117037
0.037690	-0.001373	0.039521
0.046235	0.014496	0.121004
0.070954	0.045319	0.251621
0.056001	0.016632	0.147860
0.037690	0.003815	0.063325
0.058442	0.035859	0.064240
0.034943	-0.001068	-0.014496
-0.010529	-0.032197	-0.035248
-0.043488	-0.082856	0.026398
-0.052949	-0.105135	0.017853
-0.038605	-0.055695	-0.016022
0.049897	0.043488	0.045014
0.103609	0.097810	0.088350
0.027314	0.054780	0.066377
-0.042267	-0.006561	-0.017853
-0.086824	-0.077974	-0.121920
-0.102693	-0.113375	-0.250706
0.046540	-0.037690	-0.045319
0.084688	0.012360	0.074617
0.111849	0.062409	0.181430
0.162509	0.050202	0.101167
0.041352	0.021820	0.062104
-0.036469	-0.066682	-0.068208
-0.097200	-0.153964	-0.211337
-0.071870	-0.123445	-0.218051
0.019379	0.006867	0.040131
0.084382	0.086213	0.289464
0.081025	0.075837	0.146334
0.067597	0.066072	0.070039
0.050507	0.039826	0.100862
0.047761	0.006561	0.108492
0.005341	-0.026398	-0.011139
0.001984	-0.033417	-0.040131
-0.013275	-0.014191	-0.061799
0.021210	0.010529	0.044099
0.053864	0.047150	0.069734
0.070954	0.086824	0.129854
0.019074	0.039216	0.067597
-0.003510	0.001678	0.005646
0.003510	0.005951	-0.014496
-0.004730	-0.038911	-0.092927
0.011749	-0.028229	-0.108797
0.018769	-0.010224	-0.038911
-0.045624	-0.072480	0.005341
-0.078889	-0.095064	0.071260
-0.085908	-0.099947	-0.005341
-0.106661	-0.100252	-0.110018
0.033722	0.037995	0.005646
0.176852	0.152743	0.255894
0.120394	0.103914	0.174716
0.044099	0.025177	0.088350
0.047150	0.011139	0.050813
0.030365	-0.004120	0.062409
0.020600	-0.038911	-0.039521
-0.061494	-0.118257	-0.252537
-0.083772	-0.136873	-0.340734
-0.037385	-0.029450	-0.197299
0.028229	0.051423	0.034333
0.077363	0.084993	0.131380
0.144808	0.111543	0.352636
0.120394	0.108186	0.193637
0.012055	0.022736	0.029755
-0.014496	0.001068	-0.028229
-0.015106	-0.000153	-0.000153
0.023651	-0.011444	0.058442
0.045930	-0.000763	0.034028
0.022126	-0.011139	0.013581
0.033112	-0.003815	0.030365
-0.006256	-0.000153	0.030671
-0.031281	-0.041962	-0.015717
-0.090791	-0.103304	-0.156405
-0.090486	-0.114290	-0.081941
-0.080415	-0.078279	0.014191
0.045014	-0.003204	0.152132
0.074006	0.042573	0.086519
0.105440	0.059663	0.025177
0.079805	0.032807	0.009308
0.050202	0.042878	0.052033
0.076753	0.046845	0.090486
0.056306	0.009613	-0.079805
0.054780	0.012970	-0.024872
0.006867	-0.028534	0.041962
-0.050507	-0.126192	-0.034943
-0.137484	-0.211643	-0.238499
-0.141756	-0.175021	-0.188144
-0.017243	-0.034333	0.013275
0.081331	0.103914	0.257420
0.149081	0.173495	0.257115
0.165560	0.148165	0.204013
0.072175	0.033417	0.031281
-0.004730	-0.012970	-0.020905
-0.038605	-0.009918	0.003204
-0.028840	-0.006256	0.081941
-0.029755	-0.004425	0.049897
-0.047150	-0.013581	-0.070649
-0.010834	0.000763	-0.078279
0.020294	0.035859	0.035859
0.028229	0.032807	0.082246
-0.001068	-0.020294	0.040131
-0.012055	-0.038605	-0.000153
-0.008698	-0.049287	-0.021515
-0.028229	-0.020905	-0.088960
0.008698	-0.030365	-0.046845
0.027619	-0.024567	-0.000153
0.008698	-0.013886	0.048066
0.064240	0.034943	0.101167
0.058442	0.022431	0.009308
0.073091	0.017243	-0.001678
-0.002289	-0.037385	-0.067292
-0.049897	-0.103304	-0.147250
-0.086824	-0.157931	-0.253452
-0.142672	-0.190280	-0.372473
-0.113375	-0.123751	-0.349279
0.015717	0.034333	-0.061799
0.140536	0.146334	0.289158
0.123140	0.116121	0.241855
0.057832	0.062409	0.092012
0.089876	0.101167	0.310521
0.030671	0.016938	0.123751
0.035248	0.023346	0.007782
0.035859	0.041962	-0.002899
0.077363	0.086519	0.105135
0.077363	0.064240	0.089876
0.046845	0.030060	0.037079
0.033722	0.014801	0.046540
0.005646	0.001984	0.035859
0.021515	0.025177	0.041962
-0.037385	-0.068818	-0.066377
-0.079805	-0.139925	-0.119783
-0.130770	-0.165560	-0.202487
-0.099641	-0.120699	-0.161288
-0.023041	-0.050813	-0.079194
0.071870	0.055085	0.092927
0.074311	0.047761	0.159457
-0.019379	-0.023041	-0.004730
0.019989	0.036469	0.137179
0.036164	0.063020	0.110018
0.038300	0.109407	0.120699
0.074006	0.117037	0.113985
0.094148	0.068513	0.074311
0.138399	0.058747	0.151217
0.008392	0.003204	0.077974
0.030976	0.016022	0.084077
0.091707	0.019684	0.073396
0.060273	-0.006561	-0.019989
0.030365	-0.022126	-0.011749
-0.012970	-0.066377	-0.063020
-0.046235	-0.103304	-0.113985
-0.055085	-0.127413	-0.160372
-0.055390	-0.112764	-0.232090
-0.006867	-0.032197	-0.086519
0.046235	-0.006256	0.118563
-0.000763	-0.054170	-0.000153
-0.034638	-0.074006	-0.167391
-0.005035	-0.048981	-0.086824
0.046540	0.011749	-0.013886
0.013886	-0.004425	-0.064546
-0.003204	-0.021820	-0.002594
0.001068	-0.005951	0.059052
0.048981	0.063020	0.233310
0.156405	0.143587	0.366064
0.160983	0.131075	0.295872
0.072175	0.045624	0.096895
0.059663	0.035859	0.041657
0.034028	-0.003510	-0.042878
0.015412	-0.024262	-0.113985
0.020294	-0.036164	-0.112459
0.028229	-0.049897	0.045624
-0.047150	-0.085603	-0.015106
-0.055085	-0.078889	0.055695
0.006256	-0.011749	0.065766
0.005951	-0.009308	-0.024262
0.016938	0.004120	-0.040742
0.053559	0.027314	0.069123
0.048676	0.024567	0.157931
0.034333	0.026398	0.037079
0.015717	0.017243	-0.005951
-0.037690	-0.007477	-0.168612
-0.059052	-0.049897	-0.202182
-0.063935	-0.066682	-0.190280
-0.014191	-0.050507	-0.052338
-0.009613	-0.007782	-0.059968
0.070344	0.044404	0.010224
0.039826	0.008087	-0.050202
0.027924	0.016022	0.049897
0.020600	-0.013581	0.108492
0.051118	0.023346	0.133516
0.132601	0.076753	0.225376
0.096284	0.039216	0.151217
0.073701	0.054170	0.148165
0.029450	0.008698	0.106355
-0.047150	-0.077058	-0.075532
-0.043183	-0.078889	-0.063325
-0.019074	-0.080110	-0.049592
-0.000458	-0.047150	0.040436
-0.043183	-0.094453	0.023041
-0.081636	-0.133516	-0.125277
-0.069734	-0.068818	-0.177462
0.006867	0.085298	0.162814
0.038605	0.081941	0.265965
0.006867	0.070039	0.150912
-0.001068	0.046235	0.104829
0.034943	0.050202	0.000153
0.155489	0.066682	-0.029755
0.134737	0.045014	-0.055390
0.090181	0.010529	-0.028229
0.067903	-0.001678	-0.067597
-0.005035	-0.030060	-0.061189
-0.015412	-0.048371	-0.102693
0.030060	0.000763	0.101778
0.022736	-0.050202	-0.030060
-0.030671	-0.089265	-0.078889
-0.032197	-0.085298	-0.016632
0.036774	-0.002289	0.090791
0.056001	0.020294	0.090486
0.074006	0.066987	0.137789
0.037995	0.006561	0.088350
-0.000153	-0.010224	0.012665
0.016022	0.000763	-0.042878
0.023957	0.043793	-0.002899
0.043793	0.065156	0.125277
0.040742	0.022431	0.056001
0.019989	-0.012360	-0.003510
-0.004730	-0.049897	-0.084382
0.021515	0.000458	0.005341
0.027924	0.000763	0.049287
0.031281	0.029755	0.064240
0.034028	0.025788	0.066377
0.016022	-0.004120	0.048371
-0.006867	-0.014496	0.045014
-0.004120	-0.008087	0.086213
0.030365	0.020905	0.111238
0.021515	0.009003	0.066377
0.031586	0.014496	0.031891
0.036469	0.011444	0.020905
0.031281	0.009308	0.017548
0.042267	0.008392	0.069429
-0.003510	-0.029450	0.044099
-0.037690	-0.037690	-0.028229
-0.035859	-0.053254	-0.078889
-0.056001	-0.089876	-0.231479
-0.000458	-0.059358	-0.171969
0.102693	0.059968	0.092927
0.079500	0.049592	0.158236
0.047150	0.027314	0.150301
0.030671	-0.000153	0.060273
-0.004730	-0.027924	-0.003204
-0.053864	-0.087434	-0.123140
-0.118868	-0.153353	-0.214084
-0.166476	-0.232395	-0.293431
-0.177157	-0.211032	-0.353246
-0.027008	-0.034943	-0.125277
0.116732	0.140230	0.281529
0.221408	0.227512	0.588846
0.188449	0.160678	0.434424
0.153964	0.110628	0.253758
0.100252	0.075837	0.071870
0.060273	0.041047	0.008698
0.022431	0.003510	-0.030365
-0.004120	-0.019989	-0.023957
-0.018158	-0.040436	-0.039826
-0.006867	-0.029755	-0.028840
-0.053254	-0.082246	-0.066987
-0.096590	-0.120089	-0.033112
-0.161593	-0.186313	-0.091096
-0.144503	-0.165560	-0.087739
-0.028229	-0.026398	0.053559
0.112459	0.084993	0.063020
0.136263	0.131685	0.025788
0.159152	0.125887	0.073396
0.034638	0.030060	-0.128023
-0.030671	-0.026398	-0.176547
-0.050813	-0.048371	-0.105745
-0.019989	-0.029755	-0.026398
0.094453	0.036164	0.113375
0.025788	0.004425	-0.033722
0.019684	-0.012665	-0.048981
0.062409	0.018463	0.041352
0.074617	0.013581	0.104219
0.082246	0.042573	0.125277
0.090486	0.070954	0.260472
0.013886	0.006561	0.180819
-0.073701	-0.075837	0.021515
-0.058137	-0.056001	-0.008698
-0.049287	-0.034943	-0.028534
0.019684	0.022736	0.030671
0.100557	0.023041	-0.003510
0.076753	0.046845	0.087434
0.031586	0.017243	0.052644
0.043793	0.023957	0.010529
0.053864	0.024262	-0.039216
0.065766	0.036774	0.092012
0.059358	0.033112	0.130770
0.039521	0.005341	0.106966
0.004730	-0.049897	0.045014
-0.018158	-0.083467	0.002899
-0.029450	-0.076753	-0.052033
-0.006867	-0.029145	-0.017243
0.074311	0.073701	0.076448
0.104829	0.094759	0.102998
0.053254	0.024872	0.095979
-0.021515	-0.056306	0.001373
-0.053254	-0.091096	-0.005951
-0.049592	-0.067597	-0.044099
0.013886	0.031281	-0.050202
0.046235	0.071260	0.004730
0.088655	0.090791	0.058442
0.064546	0.067903	0.053864
0.025177	0.006256	0.005035
0.036469	-0.004120	0.005341
0.037995	-0.011749	-0.022431
0.034943	-0.010529	0.016327
0.004120	-0.048981	-0.047761
-0.014191	-0.047761	-0.033417
-0.071565	-0.138399	-0.189975
-0.084382	-0.186618	-0.211643
-0.098116	-0.147860	-0.162509
-0.030060	-0.037079	0.078279
-0.023346	0.007172	-0.010834
-0.031586	-0.014801	-0.243687
0.020600	0.056306	-0.028840
0.075227	0.081941	0.268711
0.064546	0.071565	0.202487
0.078889	0.074617	0.195163
0.054780	0.023957	0.121004
0.024872	0.009308	0.039826
0.037385	0.003204	-0.052644
0.024872	0.011444	-0.111849
0.035859	0.030365	-0.058137
0.003204	0.004120	-0.081636
0.012970	-0.001373	-0.041962
0.032807	0.022431	0.148470
-0.030671	-0.017853	0.141146
-0.064240	-0.034028	0.090791
-0.019074	-0.024262	0.086824
0.027314	0.020905	0.066072
0.125582	0.056611	0.062715
0.082551	0.052338	0.014191
0.003204	-0.034638	-0.061494
-0.027008	-0.088045	-0.082856
-0.054170	-0.100252	-0.156710
-0.022736	-0.045624	-0.043793
0.005035	0.001984	-0.027619
0.047456	0.064546	0.031281
0.056001	0.054170	0.073396
0.069429	0.065156	0.178683
0.036164	0.020294	0.090791
0.009003	0.004730	-0.020905
0.052033	0.039521	0.085298
0.054780	0.033722	0.090486
0.062409	0.047456	0.106966
0.053559	0.034943	0.106050
0.052949	0.037690	0.098421
0.008698	-0.009308	-0.023346
-0.007782	-0.048981	-0.015412
-0.032807	-0.085298	-0.081025
-0.057527	-0.104219	-0.101472
-0.058442	-0.092317	-0.095369
-0.037690	-0.068818	-0.160372
-0.013581	-0.018158	-0.030671
0.051728	0.032197	0.029450
0.030365	0.037995	-0.064546
0.072480	0.071565	0.016632
0.037995	0.023651	0.046235
-0.041657	-0.026093	0.036469
-0.030365	-0.019379	0.109407
-0.032502	-0.003204	0.124056
-0.050202	0.007172	-0.018158
0.005035	0.043793	0.084382
0.055695	0.027314	0.128023
0.049592	0.031281	0.050202
0.085908	0.020905	0.001678
0.079194	0.000458	-0.063020
0.048676	0.007477	-0.082246
0.026398	-0.012055	-0.070039
0.031891	-0.011139	-0.028534
0.050202	-0.039216	0.024567
-0.015717	-0.080110	-0.023957
-0.039521	-0.073396	-0.019379
-0.068818	-0.061189	-0.008392
-0.052949	-0.056001	-0.014496
-0.072480	-0.087739	-0.110323
-0.082246	-0.112459	-0.260166
-0.047456	-0.105440	-0.277867
0.094759	0.024872	0.141146
0.156710	0.124971	0.305638
0.147860	0.110628	0.186007
0.095979	0.077974	0.161593
0.030671	-0.003204	-0.000153
0.067903	0.030365	0.081331
0.097200	0.074311	0.151217
0.057832	0.048981	0.075227
0.030671	0.038605	0.054780
0.034028	0.044404	0.053559
0.014496	0.033112	-0.020294
-0.008698	-0.015106	-0.000458
0.004425	-0.028229	-0.062104
-0.009003	-0.021820	-0.096590
-0.011139	-0.058747	-0.126497
-0.086824	-0.101167	-0.152438
-0.049897	-0.083467	0.102083
-0.055085	-0.089265	0.113985
-0.020294	-0.066377	0.092317
0.126497	0.071565	0.183566
0.216831	0.141756	0.175021
0.139315	0.113985	0.129854
0.015106	0.052033	0.051728
-0.014801	0.002594	0.030060
-0.004425	-0.036469	-0.027008
0.003510	-0.061494	-0.106966
-0.044709	-0.079194	-0.180819
-0.022126	-0.019989	0.025177
0.006561	0.005341	0.106355
0.011444	-0.007782	0.045930
0.012055	-0.008698	-0.013275
0.030365	-0.000153	-0.125582
0.087129	0.029145	0.008087
0.047761	0.059358	0.065461
0.020905	0.040742	0.110018
-0.029450	-0.042878	-0.038605
-0.081025	-0.105745	-0.138094
-0.053559	-0.059968	0.004425
0.005035	-0.007782	0.034028
0.117647	0.066682	0.104219
0.095369	0.037995	0.059663
0.040742	0.014801	0.014496
-0.001373	-0.014496	-0.023346
-0.027924	-0.036469	-0.086519
0.005035	-0.020600	-0.058442
0.005646	-0.015717	0.013886
-0.006561	-0.030671	-0.001984
-0.022126	-0.036469	-0.007477
-0.074311	-0.086213	-0.138399
-0.080720	-0.055390	-0.089876
-0.039521	-0.023346	0.047150
-0.039826	-0.034028	0.049287
-0.004425	0.020294	0.077058
0.099336	0.102083	0.154574
0.167391	0.087739	0.095674
0.150607	0.085908	0.131991
0.106661	0.068818	0.142061
0.076753	0.052644	0.102083
0.041352	0.027619	-0.008392
0.016938	0.010834	-0.007477
-0.019684	-0.025177	-0.059968
-0.082551	-0.066377	-0.132296
-0.095369	-0.078279	-0.147860
-0.081941	-0.095064	-0.096590
-0.080415	-0.075227	-0.061799
0.066377	0.032197	0.198215
0.160983	0.067903	0.193332
0.053559	-0.001068	0.090181
-0.002289	-0.016938	0.004425
0.009918	-0.011444	-0.003815
-0.005341	-0.022126	0.012970
0.044404	0.005646	0.087434
0.042267	-0.010529	0.058442
0.009308	-0.026398	0.068818
-0.000153	-0.050813	-0.010224
-0.026093	-0.067597	-0.145113
-0.021515	-0.071565	-0.172885
0.049592	0.011749	0.050507
0.063935	0.050507	0.104524
0.057527	0.024262	0.030365
0.037079	0.017243	0.024262
-0.001678	0.009308	0.050202
-0.019989	0.012970	0.050202
-0.032197	-0.001984	-0.034333
-0.026398	-0.015717	-0.057221
-0.056001	-0.037385	-0.077058
-0.053864	-0.061189	-0.024567
-0.011749	-0.019074	0.027008
0.044404	0.004730	0.041962
0.079500	0.019379	0.106966
0.094453	0.046540	0.088045
0.115816	0.060273	0.078584
0.082551	0.056306	0.063630
0.078584	0.040436	0.088045
0.049592	0.020600	0.065156
0.003510	-0.029755	-0.020294
-0.012970	-0.063325	-0.001984
-0.044709	-0.090791	-0.019684
-0.043793	-0.061189	0.022431
-0.030976	-0.047150	-0.057832
-0.055085	-0.066682	-0.088960
-0.018158	-0.043793	-0.084382
-0.029450	-0.058137	-0.131685
0.038911	0.022431	-0.042878
0.099031	0.087129	0.067292
0.097810	0.100557	0.194247
0.074006	0.031586	0.144503
0.034638	-0.017548	0.157321
0.008698	-0.019074	0.106966
-0.018158	-0.048066	-0.059052
-0.024872	-0.035248	-0.120394
-0.040131	-0.028840	-0.091707
-0.009918	0.026093	-0.014801
0.029450	0.068513	0.106050
0.024567	0.074617	0.142367
0.030365	0.052338	0.118868
0.102998	0.040131	0.118257
0.076448	0.009613	0.088655
0.066072	-0.017853	0.001068
0.031891	-0.036164	-0.030671
-0.015717	-0.070039	-0.083772
-0.045930	-0.115816	-0.097505
-0.046540	-0.105440	-0.060578
0.013275	-0.035859	0.027619
0.036164	0.010224	0.075532
0.027008	-0.016022	-0.056916
-0.025483	-0.047456	-0.061494
-0.003510	-0.062715	0.020294
0.043793	0.057221	0.164034
0.035248	0.017243	0.012360
0.056916	0.067292	-0.044099
0.062409	0.064851	-0.001373
0.012055	0.027314	-0.024262
0.017243	0.006867	0.039216
0.019379	0.024567	0.083162
0.012360	-0.002594	-0.024567
0.025788	0.031281	-0.001068
0.039216	0.013886	-0.002289
0.038605	0.011444	0.052338
0.024872	0.036164	0.051118
0.016022	-0.005035	-0.024872
-0.005951	-0.020294	-0.084077
0.013886	-0.037385	-0.048981
-0.021515	-0.060273	-0.042573
-0.006561	-0.026398	0.038911
0.001984	-0.004730	0.052644
0.005035	0.009613	0.068208
0.049897	0.044709	0.169223
0.049287	0.044709	0.148470
0.068513	0.023346	0.111849
0.049897	-0.003815	-0.004120
0.005646	-0.039216	-0.110628
-0.005341	-0.025177	-0.119173
0.005951	-0.012055	-0.028534
-0.020294	-0.036469	-0.102693
0.023957	-0.020600	0.092927
-0.004730	-0.054780	-0.057527
0.005646	-0.043488	-0.149081
0.055390	0.022431	0.043793
0.060273	0.030365	0.212253
0.043793	0.019074	0.131380
