0.099031	0.012970	0.103914
0.023651	0.091096	0.019684
-0.026398	-0.026093	-0.032502
0.059968	0.081331	-0.086824
0.184482	0.145724	0.032807
0.047761	0.062409	0.036164
-0.095064	-0.012055	-0.044404
0.025788	0.080415	-0.030671
-0.070649	-0.028534	0.089876
-0.154574	-0.077058	0.065461
0.077363	0.377050	0.110628
0.026093	0.149081	0.071260
-0.270542	-0.181125	-0.008698
-0.199130	-0.212863	-0.009918
-0.052644	-0.132601	0.008698
0.263523	-0.123140	-0.024262
0.210422	-0.198825	-0.048066
0.055390	-0.195163	0.174716
0.066987	-0.013581	0.121614
0.159457	0.312963	0.116121
0.123140	0.477150	-0.098116
0.041047	0.452735	-0.013886
-0.038605	0.213474	0.068818
0.056611	-0.137789	-0.040436
0.006867	-0.285801	-0.202487
-0.080415	-0.378882	-0.225071
-0.018769	-0.187228	0.015412
0.051728	-0.040742	0.175937
0.000458	-0.091707	0.076753
0.012970	-0.012970	0.075532
0.019989	0.125887	0.109407
0.052033	0.158846	0.085603
0.106050	0.117952	0.114595
0.153964	0.048371	0.068208
0.031891	-0.044099	0.073701
-0.046845	-0.156100	0.068513
-0.049287	-0.219883	0.038300
0.136873	-0.204013	0.030365
-0.083162	-0.269017	0.041352
-0.209506	0.009918	0.047761
-0.076753	0.152743	-0.010224
0.153964	0.184787	0.031891
0.029450	0.316014	0.011444
-0.194247	0.261997	-0.080720
-0.163119	0.087739	-0.112154
-0.036469	-0.023041	-0.029755
0.158541	-0.205539	0.021210
0.111543	-0.225986	0.006256
0.023346	-0.106661	0.046235
0.117647	-0.087129	0.054170
0.142061	-0.004120	0.019989
0.161288	0.005646	0.025177
0.218051	-0.045930	0.171054
-0.008087	0.060578	0.047150
-0.155489	0.080720	-0.145418
0.115206	-0.084993	0.043793
0.177157	-0.156100	0.053559
0.117647	-0.078889	0.153353
-0.095369	0.029755	0.008392
-0.127718	0.139315	-0.017548
0.009003	0.112154	-0.018463
0.044099	0.052949	-0.180819
-0.088655	0.001373	-0.265660
-0.129244	0.058747	-0.046235
-0.057832	0.079500	0.191806
0.019989	-0.009918	0.109712
0.157015	-0.024262	0.218662
0.205539	0.142367	0.044404
0.088350	0.157626	-0.157626
-0.019379	-0.006867	-0.017853
-0.050507	-0.045319	-0.007782
0.068208	0.078584	0.096895
-0.035554	0.018463	-0.045014
-0.060273	-0.258640	-0.111238
-0.023957	-0.154574	-0.183261
-0.017548	0.010834	0.093538
0.006256	0.065156	0.168307
0.022126	0.056001	0.114595
-0.031891	0.009613	-0.003204
-0.027008	-0.017548	0.044709
-0.001678	-0.151217	0.096284
0.028840	-0.340429	0.022736
0.050507	-0.133516	0.110323
0.157015	0.103609	0.092317
0.078279	0.466773	0.013581
0.049287	0.607462	-0.070039
0.155795	0.439307	-0.020905
0.189059	-0.099031	0.042573
-0.106661	-0.505837	0.184176
-0.388342	-0.434730	0.251926
-0.341039	0.051728	-0.027008
0.043183	0.175631	-0.097810
0.345617	0.030060	-0.094759
0.205539	-0.189975	-0.057832
0.026398	-0.077058	-0.009613
-0.130465	-0.021820	-0.008698
-0.057832	-0.026398	-0.017243
0.063325	0.065461	-0.073396
0.161593	0.173190	0.013275
0.106355	0.149996	0.091096
0.106355	0.099947	0.097505
0.082856	-0.189364	-0.020905
-0.008698	-0.364843	-0.059663
-0.041352	0.244907	0.125582
-0.022431	0.205844	0.143587
-0.158236	0.169223	0.127108
-0.124361	0.343481	-0.045930
0.001373	-0.009613	-0.063935
0.335851	-0.182956	-0.025177
-0.076753	-0.158541	0.007782
-0.216220	-0.253452	0.058137
-0.264744	-0.132601	-0.051728
-0.057527	-0.077974	-0.093233
0.206149	-0.010224	0.039826
0.174716	0.034943	0.104829
0.091402	-0.034028	0.014801
0.053864	-0.094148	0.050507
0.066682	-0.153658	-0.155184
-0.016938	-0.041352	-0.017548
0.011139	-0.031281	-0.025788
0.080720	0.069123	-0.030365
0.061189	-0.017853	0.097810
0.123751	0.048981	0.269627
0.130770	-0.047150	0.151827
0.080110	-0.083162	-0.047150
0.017548	0.049287	-0.025788
-0.089570	0.016632	-0.001068
-0.101472	0.116732	-0.042267
-0.054780	0.212863	-0.056001
-0.016632	0.151522	0.008392
0.153048	0.088045	-0.099641
0.301061	-0.053559	-0.000763
-0.001984	-0.187228	0.065156
0.006256	-0.120394	0.131380
-0.036164	0.050813	0.045014
-0.174411	0.060273	-0.064851
-0.105745	0.149081	-0.023346
0.009613	0.160067	0.126192
0.074617	-0.072480	0.121920
0.179904	-0.289464	0.012055
0.157931	-0.438697	0.044709
0.177157	-0.197910	0.135042
0.081331	0.183871	0.104829
-0.149691	0.155489	-0.089570
-0.245518	-0.055085	-0.119783
-0.064240	-0.050202	0.066682
0.001068	0.108186	0.127718
0.018769	0.152743	0.115816
-0.050202	0.021515	-0.011444
0.060578	0.005341	0.014191
0.142672	0.043183	0.039521
0.062715	-0.116121	0.007172
-0.024567	-0.281224	-0.049592
0.016022	-0.121920	-0.134432
-0.002899	-0.110933	0.016632
-0.064851	0.023041	0.061189
-0.042878	0.139315	0.019074
-0.013886	0.034028	0.105135
0.156100	0.130159	-0.022431
0.217441	0.192416	0.003204
0.143587	0.077058	0.007782
-0.153353	-0.154879	-0.009003
-0.130159	-0.058442	-0.070954
-0.018463	-0.009003	0.062104
0.052644	-0.020905	0.038300
0.099031	0.067903	-0.012665
0.010834	0.101167	0.030365
-0.030060	0.094453	-0.033112
0.003510	-0.115206	0.011749
0.116121	-0.241550	0.108492
0.057221	-0.225071	0.014801
0.006256	-0.183871	0.005951
-0.015412	-0.089876	-0.026703
-0.190890	-0.009918	-0.008087
-0.128023	0.041657	0.153048
0.059052	0.179599	0.130770
0.156710	0.337987	-0.106355
0.015412	0.148165	-0.144808
-0.202487	0.179294	0.049592
-0.366369	0.074617	0.152132
-0.005646	0.097200	0.105135
0.187839	0.039521	-0.027314
0.110018	0.077363	0.048676
0.143282	0.188754	0.139010
0.017243	0.072786	0.066987
0.011444	-0.066987	-0.013581
-0.024872	-0.068513	0.045319
-0.010834	-0.055695	0.089570
0.180819	-0.190585	0.056001
0.235752	-0.318761	-0.024872
0.301671	-0.190890	0.042573
0.030365	-0.141146	0.024872
-0.083162	0.072480	0.037995
-0.067597	-0.002289	-0.134737
-0.090791	-0.008392	-0.047150
-0.121614	0.148775	-0.131991
0.048371	0.116732	0.059968
0.107881	0.036774	0.102388
0.174716	-0.060883	0.054170
0.106355	-0.275731	0.024872
0.091096	-0.074617	0.139010
0.008087	0.027619	0.068513
0.009308	0.300145	-0.065766
0.147860	0.782025	-0.127108
0.109712	0.487526	-0.083772
-0.011139	0.077668	0.077058
-0.050507	-0.271458	0.074617
-0.023651	-0.323644	0.081941
-0.013886	-0.157931	0.037079
0.060578	0.045930	-0.056306
0.064851	-0.229343	-0.062409
-0.091096	-0.465248	-0.157015
-0.076753	-0.313268	0.123140
0.001678	0.008087	0.156100
-0.085298	0.097200	-0.054170
-0.083162	-0.045624	-0.161288
-0.101778	-0.247349	0.019379
-0.121309	-0.265354	0.065766
0.029145	-0.233921	0.073701
0.063935	0.007782	-0.002594
0.026398	0.267796	-0.004730
0.102083	0.301366	0.014191
0.125582	0.130770	0.171664
-0.011444	-0.178073	0.129244
-0.021515	-0.182345	-0.068818
0.138094	-0.010834	-0.038300
-0.006867	0.030976	-0.086213
-0.017853	0.083467	-0.027314
0.039826	0.233005	-0.046235
0.149081	0.236362	0.085298
0.151827	0.107576	0.038605
0.125277	0.036469	-0.135042
0.122530	-0.134737	0.019989
-0.027924	-0.096895	0.052033
-0.049287	0.099641	0.100557
-0.109712	-0.089876	0.162509
-0.124056	-0.161898	0.030060
-0.060883	-0.159152	-0.016632
0.016632	-0.097200	0.032807
0.041962	-0.153658	0.061494
0.013886	-0.066072	-0.064851
-0.041657	0.084382	0.050507
0.016022	0.121309	0.070954
-0.051728	0.264439	-0.032502
-0.086213	0.146334	-0.002899
-0.012970	-0.011139	0.029755
0.128023	0.063935	0.118257
0.381628	0.024872	0.085603
0.312352	0.108492	0.035248
0.134127	0.078584	0.006256
0.009613	0.084382	0.038605
-0.009918	0.509499	0.001984
-0.027619	0.603799	0.028534
-0.332799	0.401160	-0.131380
-0.183261	-0.018158	-0.021820
0.237888	-0.560769	0.135958
-0.207370	-0.697795	-0.033722
-0.027008	-0.253758	0.000458
-0.051728	0.081636	-0.056306
0.032197	0.059052	-0.089265
0.084993	-0.038300	-0.086213
0.048676	-0.240940	-0.062104
0.127413	-0.160372	0.006256
0.119173	-0.058747	0.079194
0.083467	-0.188754	0.022736
0.046540	-0.063935	0.018463
-0.121920	0.044404	-0.011139
-0.041657	0.526589	-0.113375
0.012055	0.280919	-0.065156
-0.099336	0.075227	-0.026703
0.027008	0.023041	0.038300
0.160678	-0.164340	0.086213
0.013886	-0.293126	0.004730
-0.101778	-0.243381	0.063935
0.051728	-0.196994	0.120699
-0.013886	-0.129854	0.110933
-0.026398	-0.127718	0.049592
0.045930	-0.039521	0.072480
0.055390	0.062715	0.022126
0.022126	0.008698	-0.097505
0.144198	0.069429	0.076143
0.100862	-0.082856	0.076143
0.007782	-0.121920	-0.066682
-0.009918	-0.107271	-0.094148
0.082856	-0.063935	-0.029450
-0.008698	-0.087434	-0.034333
-0.013275	0.080110	-0.182345
0.036469	0.096590	0.000153
0.012360	0.252842	0.032197
-0.029145	0.230259	-0.039216
0.216220	0.073701	-0.015717
0.128634	0.016938	0.049287
-0.071260	0.010529	0.075837
-0.151827	-0.045319	-0.023346
-0.075837	0.000763	0.029755
-0.024567	0.019074	0.004730
0.041657	-0.013886	0.031586
0.021820	-0.017548	0.092317
-0.002899	-0.065461	0.017853
-0.056611	-0.307164	-0.003510
0.005341	-0.254063	0.077363
-0.013581	-0.026398	0.041047
-0.037385	0.109407	-0.036469
-0.054780	0.254063	-0.154574
-0.011749	0.113375	-0.067292
0.017243	-0.068513	0.080415
-0.028534	0.042267	0.133211
0.088350	0.285801	0.140536
0.243076	0.675212	-0.138094
0.070954	0.529335	-0.134432
0.077363	0.225986	-0.025788
0.194553	-0.065766	-0.000763
-0.033722	-0.482033	0.017243
-0.074617	-0.649577	-0.021820
0.022736	-0.217136	0.134127
-0.153964	-0.025177	0.027314
0.069734	0.174105	0.040436
0.082551	0.161898	-0.100252
0.085603	-0.240330	-0.102998
-0.088655	-0.355688	0.030976
-0.056306	0.042878	0.031281
-0.026093	0.703899	-0.008392
-0.058442	0.737163	0.019074
0.113680	0.541238	0.081941
0.459449	0.032197	0.243687
0.195163	-0.752728	0.012970
-0.130159	-0.678874	-0.081025
-0.133211	-0.383459	0.059663
-0.030060	-0.146029	-0.121920
-0.119478	-0.166171	-0.117037
0.149996	-0.079194	0.013275
0.229953	-0.069429	0.066072
-0.024262	-0.164340	0.126802
-0.122225	-0.046845	-0.150301
0.105440	0.295262	-0.129854
0.074617	0.201266	-0.006867
0.068818	0.099336	-0.036164
0.099336	-0.007477	0.074311
0.137179	-0.044099	0.054170
-0.011444	-0.128634	0.063630
-0.080110	-0.113985	-0.096590
-0.058747	-0.011139	-0.028534
-0.046235	-0.060273	0.005035
-0.052644	-0.053254	0.137484
-0.122835	-0.084688	0.070344
-0.090791	-0.052644	0.027924
0.079500	0.075227	0.057832
0.072480	0.144503	-0.070039
0.052338	0.105135	-0.048981
0.079194	0.101167	0.102693
0.063935	0.098421	-0.014496
0.052033	0.100557	0.007172
-0.020600	-0.020600	0.014191
-0.059358	-0.113375	0.093843
-0.010834	-0.004120	0.019074
0.080415	-0.035248	0.036164
0.003815	-0.080720	0.014801
0.005951	-0.217441	0.048371
-0.081941	-0.215000	0.038300
-0.058442	-0.134737	-0.002289
0.015717	-0.020294	0.100252
0.157626	0.075227	0.088350
0.115511	0.053559	0.088045
0.152132	0.093538	0.131380
0.151217	0.092622	0.041962
0.058747	0.028534	-0.092927
-0.000153	0.139925	-0.225986
-0.001373	0.168612	-0.120699
-0.042267	0.018158	-0.061799
-0.010529	-0.088045	0.038911
-0.010224	-0.036164	0.013275
-0.010529	0.061799	0.106050
-0.024872	0.031281	0.024872
0.042878	-0.022126	-0.112764
0.134432	-0.081941	-0.148470
0.089876	0.007477	-0.030976
-0.085908	-0.046845	0.101472
-0.138399	0.013275	0.102388
-0.002289	-0.011444	-0.039521
-0.044099	0.226902	-0.121614
-0.043488	0.235447	-0.203708
0.072786	0.169223	0.001984
0.015717	-0.160067	0.061189
0.047761	-0.196078	0.065156
0.002899	-0.049287	0.012055
-0.090791	0.070039	0.065461
-0.153964	-0.025483	0.111849
-0.060883	0.025788	0.001068
0.139925	-0.060273	0.036164
0.054475	-0.261692	-0.060578
-0.080415	-0.233616	-0.002289
-0.029145	0.152743	0.129549
0.023957	0.117647	0.111849
0.024872	0.280919	0.056306
0.182040	0.119173	-0.082551
0.317235	0.174411	0.026398
0.187228	0.258030	-0.061799
0.212558	0.157931	-0.057832
0.130770	0.010834	0.133516
-0.022736	-0.512245	0.170138
-0.088045	-0.443885	0.026093
-0.050813	-0.160678	0.017548
-0.121614	-0.005035	-0.099641
-0.161593	0.011139	-0.055390
-0.135958	0.150301	0.007477
-0.013581	0.381018	0.059052
-0.062104	0.157321	-0.011444
-0.034943	-0.027008	-0.073701
0.121309	-0.224460	0.039521
0.009918	-0.074006	0.097810
0.024567	0.048676	0.119173
-0.354772	-0.090181	0.147250
-0.029450	-0.095064	-0.065461
0.296178	-0.324254	-0.080720
0.316625	-0.241855	0.037385
0.289158	-0.051118	0.061189
0.113680	0.002594	-0.086213
-0.029450	0.016022	-0.053864
-0.103304	-0.154269	-0.025788
-0.059968	-0.101778	0.001068
0.050202	-0.069734	0.095674
0.106355	-0.041352	0.011749
0.079805	-0.103914	-0.018158
-0.059358	-0.007782	0.041047
-0.124971	0.069429	-0.061189
0.094148	0.177768	0.139925
0.263523	0.308690	0.026093
0.022126	0.101167	-0.186618
-0.113985	-0.070344	-0.102693
0.073701	0.017243	0.068513
0.155795	0.156405	0.055390
-0.037079	0.232395	0.002289
-0.143587	0.249485	0.055695
-0.002899	0.148775	0.022431
0.150301	0.033112	0.030060
0.156710	-0.323949	0.031281
0.061494	-0.207065	-0.075532
-0.006867	-0.046235	-0.060273
-0.080415	0.055390	-0.009003
-0.106661	0.055695	0.073701
0.122225	0.050813	0.163424
0.134127	0.068208	0.101472
0.132601	-0.085298	0.077974
-0.040742	-0.064851	-0.047761
-0.184787	-0.011444	-0.070954
-0.118868	0.025177	-0.004120
0.104524	0.004425	-0.055390
0.176242	0.063935	-0.063020
0.062715	0.071870	0.022126
0.009918	0.163729	0.041047
0.011139	0.357519	-0.059358
-0.073701	0.138094	-0.052949
-0.119783	-0.164645	0.028840
-0.090791	-0.348058	0.151827
-0.009003	-0.586099	0.102388
0.016327	-0.400855	-0.006256
0.026093	-0.197299	0.024872
0.081941	-0.043793	0.076143
-0.003815	0.103609	0.046235
0.038300	0.138399	-0.023651
0.073701	0.176852	-0.006867
0.051423	0.299840	-0.096284
-0.093233	0.104219	-0.121614
-0.112764	-0.020294	-0.086824
-0.128939	0.017853	0.008698
0.052949	0.108186	0.021820
0.126497	-0.000763	-0.024262
0.221408	0.009308	-0.007477
0.130465	-0.022431	0.083162
-0.087739	-0.003815	0.081636
-0.026093	-0.001984	0.037079
-0.010834	-0.004120	0.036774
-0.060578	-0.027924	0.002594
-0.038300	-0.008698	0.029755
0.029755	-0.021210	0.105745
0.061494	0.012970	0.122225
-0.019379	0.056306	0.102693
-0.031586	-0.032807	-0.006867
-0.087434	-0.051423	-0.092927
0.067903	0.091707	-0.003815
0.211948	0.453346	0.066072
0.206455	0.465248	0.067903
0.054475	0.193637	0.010224
-0.087129	-0.072175	0.019379
-0.124361	-0.501869	-0.045624
0.090486	-0.478065	0.025788
0.034943	-0.221408	-0.012665
0.133822	-0.055085	-0.016327
0.081636	0.009308	0.043488
-0.025788	0.037385	-0.121309
-0.045319	-0.044404	-0.157931
-0.034028	0.047456	-0.029450
0.076448	0.143587	0.055085
0.019074	0.079500	0.056611
0.008392	-0.048981	0.037995
0.144503	-0.049897	0.062409
0.305638	0.045930	0.191806
0.062715	-0.023041	0.036774
-0.219577	-0.128939	-0.103304
-0.154879	-0.166171	0.045930
-0.030060	-0.194247	0.012970
0.092927	-0.162509	-0.093538
-0.078584	0.003204	-0.055695
-0.039521	0.147250	-0.024872
0.126802	0.077363	-0.061494
0.114595	0.127108	-0.137179
-0.199130	-0.027619	-0.051728
-0.131991	-0.309300	-0.000458
0.067597	-0.214084	0.235142
0.128634	-0.229038	0.018463
0.125277	-0.067292	0.109712
0.003510	0.214084	0.096284
-0.114290	0.309606	-0.007782
-0.013275	0.169528	0.008392
0.081025	0.205844	0.048371
-0.118257	0.161593	0.014191
-0.042573	0.157015	-0.114595
0.233616	0.194247	-0.082856
0.303197	0.452430	-0.060883
0.200656	0.364233	0.146944
0.024567	0.020600	0.245518
-0.107576	-0.485695	0.009613
-0.075227	-0.573892	-0.009918
-0.135653	-0.325780	0.048371
-0.005951	0.146334	-0.068208
0.048371	0.622721	-0.103609
0.051118	0.289158	0.015717
-0.251926	-0.107271	0.153048
-0.344091	-0.421607	0.142367
-0.168917	-0.327916	0.194858
0.229953	-0.267796	-0.007477
0.216526	-0.269017	-0.220798
0.031891	-0.135958	-0.071565
0.206760	-0.099031	0.114595
0.113985	0.119173	-0.044404
0.101167	0.242466	-0.006867
0.105745	0.135958	0.047150
0.077974	0.155489	-0.087129
0.161898	0.441444	0.065766
-0.111543	0.383154	0.078889
0.031586	0.246738	0.089265
0.336767	0.098116	0.193942
0.281834	-0.464027	0.059052
0.121309	-0.445411	0.099947
-0.069734	-0.311437	-0.163729
0.034943	-0.095979	-0.105135
0.028840	-0.104829	-0.040742
-0.177768	0.008087	-0.044404
-0.084993	-0.057221	-0.003815
-0.059052	-0.101472	0.106355
-0.076143	-0.078584	0.076143
-0.004120	0.033112	0.024567
-0.009918	0.153658	-0.112154
0.003204	0.080415	-0.147250
0.020600	0.031891	-0.027314
0.048371	-0.069734	0.074006
0.036469	-0.151827	0.049897
0.078584	-0.103609	0.203708
0.058442	0.043793	0.121309
-0.022431	0.204929	0.136568
-0.078584	0.200961	-0.131685
-0.102388	0.033112	-0.122835
-0.165866	-0.161288	-0.019074
-0.094759	-0.237278	0.018463
0.017243	0.001984	-0.071870
-0.030671	0.001068	-0.122530
-0.025177	0.000763	-0.043488
0.056001	0.049287	0.014801
-0.014191	-0.029450	0.131380
-0.020600	-0.125887	0.102693
0.115206	-0.049592	0.151217
0.191196	0.084382	-0.006256
0.161898	0.204623	-0.045014
0.054170	0.087129	0.029145
-0.009308	-0.057832	0.029145
-0.114595	0.090486	-0.017243
-0.222629	0.059052	-0.041962
-0.048066	0.066682	0.044099
0.113375	0.104219	0.059358
0.079194	0.061189	-0.013581
0.108797	0.248264	-0.001984
0.079805	0.354162	0.051118
0.146334	0.157321	0.063325
0.215610	-0.166171	0.096895
0.117952	-0.225071	0.118563
-0.056611	-0.243076	0.147250
-0.204623	-0.029450	0.070649
-0.235447	-0.099947	-0.168612
0.072480	-0.140536	-0.133211
0.193942	-0.058747	-0.086824
0.081331	-0.063020	-0.037385
0.071260	-0.002594	0.149996
-0.059052	-0.095369	0.059052
-0.142367	-0.068208	-0.037079
0.039216	-0.111543	-0.147250
0.111543	-0.030671	0.033417
-0.048981	-0.045624	0.174105
-0.162814	-0.130465	-0.117647
-0.125887	-0.026093	-0.050507
0.132296	0.151217	0.027924
0.380102	-0.096590	0.089265
0.254368	-0.116732	0.077363
0.081941	0.118563	0.136568
-0.050507	0.174716	0.058442
-0.204929	0.370336	-0.099031
-0.119173	0.417029	-0.071870
-0.042878	-0.117342	-0.057832
0.217136	-0.160678	0.125277
0.445716	-0.186618	0.176852
0.123751	0.034638	0.080415
-0.037995	0.182956	0.132906
-0.052338	0.113680	0.003204
-0.039521	-0.166781	0.023651
-0.091402	-0.320287	-0.196384
-0.045319	-0.226291	-0.243381
-0.113069	-0.112459	-0.160983
-0.153048	-0.200351	-0.069734
-0.027924	-0.084382	0.068208
0.091096	-0.016938	0.228428
0.041352	0.054475	0.032502
0.041352	0.246738	0.002289
0.186007	0.087434	-0.055390
0.022126	-0.091402	0.052644
-0.182345	-0.149996	0.069734
-0.045014	-0.023957	0.095674
0.160678	0.053254	0.153964
-0.015717	0.048066	0.042878
0.055695	0.003204	0.049287
0.047456	-0.126802	0.074922
-0.071260	-0.050813	-0.044404
-0.097200	-0.000763	-0.075532
-0.051728	-0.138094	-0.042267
0.053254	-0.069123	-0.019074
0.146029	0.071870	0.009308
0.003815	0.105440	-0.015717
-0.031281	0.015412	-0.037995
-0.025788	0.007782	0.055390
-0.050813	-0.075227	0.107576
-0.015717	-0.238804	-0.036164
0.088350	-0.267796	0.142367
0.133516	-0.181735	0.109407
0.070649	0.063630	-0.020600
-0.198520	0.293431	0.011139
-0.031891	0.145113	-0.071260
0.266575	0.431678	-0.136568
0.210117	0.381018	-0.227207
-0.008698	0.046235	-0.013275
0.012665	-0.061494	0.196994
-0.025788	-0.095369	0.305943
0.031586	-0.243992	0.124056
-0.012970	-0.254978	-0.051728
-0.126192	-0.106355	-0.041352
-0.043183	-0.043488	0.097505
-0.151522	-0.040436	0.013275
-0.035248	0.070649	0.033722
-0.054170	0.142061	0.118257
0.105440	0.050507	0.112764
0.139010	-0.056001	0.084382
0.125582	-0.071260	0.025788
0.160372	-0.015106	-0.024262
0.093843	-0.072175	-0.000763
0.079194	-0.042573	0.003510
0.061494	-0.110323	-0.085298
-0.051118	-0.181125	-0.117342
-0.081331	-0.196689	-0.062409
0.088960	-0.170443	-0.043183
0.124971	-0.067597	0.028840
0.091096	-0.068513	-0.023651
0.184482	0.044709	0.173190
0.089265	0.076143	0.056916
0.046235	0.056306	-0.027008
0.161898	0.048981	0.040742
0.061799	0.247044	0.001373
-0.160678	0.082551	-0.021515
-0.136263	0.003204	-0.038605
-0.133516	0.066072	0.009613
0.007782	0.058442	-0.077363
0.001373	0.146029	-0.038605
-0.031891	0.148470	0.044404
-0.063935	0.061799	0.174411
-0.185397	-0.252842	0.103304
0.102083	-0.199741	0.108186
0.139620	-0.117647	0.124666
0.011139	-0.057527	-0.000763
0.153964	0.164645	0.008087
0.139315	0.271458	0.036469
-0.030976	-0.131991	-0.160678
-0.038911	-0.238804	-0.072175
-0.117952	-0.414282	-0.078889
-0.195773	-0.378271	-0.001984
-0.081941	-0.175326	0.146029
0.068208	0.124361	0.236362
0.153048	0.362097	-0.062409
0.045930	0.719463	-0.085298
-0.103609	0.622416	0.003510
0.020905	0.392920	0.101472
0.045624	-0.036774	-0.018463
-0.071565	-0.522621	-0.075227
-0.141146	-0.673075	-0.178073
-0.005035	-0.369726	-0.130770
0.109102	-0.078584	0.009613
0.216526	0.009003	-0.001984
0.188449	0.086824	0.193027
0.082856	-0.000153	0.135653
-0.068208	-0.079500	0.064546
-0.157321	-0.125582	-0.012970
-0.141146	-0.211643	-0.003204
-0.037079	-0.101778	-0.020600
0.088960	0.296788	0.016938
0.160067	0.507668	0.109407
-0.020600	0.262303	-0.074311
0.031891	0.142061	-0.074311
-0.035248	-0.355383	0.082856
-0.107271	-0.574807	0.050813
0.031281	-0.220188	0.081941
0.261082	0.214084	0.150912
0.209812	0.121920	0.079805
0.136568	-0.043793	0.018158
-0.009003	-0.123445	0.002899
-0.079500	-0.135958	-0.077668
0.039826	-0.017548	-0.171359
0.194858	0.202182	-0.090181
0.161593	0.252232	0.095674
0.036469	0.066987	0.030060
-0.314183	-0.163119	0.062104
-0.162509	-0.016632	0.110018
-0.211337	0.071870	-0.011139
-0.081331	0.086824	0.011749
0.184176	0.064546	-0.052033
0.227512	0.029450	0.039216
0.317845	0.045930	0.076448
0.390478	0.237583	0.134737
0.379492	0.407568	0.156100
-0.052644	-0.089876	-0.089265
-0.158236	-0.115511	0.044099
-0.152132	-0.254368	0.001984
-0.206455	-0.302281	0.104829
-0.162509	-0.238804	-0.062104
-0.066377	-0.131075	-0.204013
-0.043488	0.035248	-0.098726
-0.027619	0.142977	-0.073396
0.059968	0.092317	0.048066
0.094453	0.037079	0.089570
0.062104	-0.111849	0.061189
-0.097505	-0.057221	0.079500
0.054475	0.105745	0.146334
0.193637	0.076753	0.012665
0.130159	0.010224	-0.001678
0.025483	-0.036164	0.146944
-0.067597	-0.030060	0.023041
-0.096895	-0.086213	-0.017243
-0.094759	-0.109712	-0.058747
-0.121004	-0.099947	-0.108186
-0.129549	-0.045319	0.018463
0.003510	-0.170138	0.102388
-0.035859	-0.272068	0.035859
-0.068208	-0.216831	0.062104
-0.048676	-0.087129	-0.025788
0.115206	0.265965	-0.067597
0.197910	0.251316	-0.086213
0.064546	-0.052644	0.007782
0.013581	-0.161898	0.090791
0.006867	-0.121920	0.024567
-0.048066	0.080720	0.054170
0.033417	0.267185	0.043183
-0.002289	0.170138	-0.164034
0.139925	0.037690	-0.085603
-0.048066	-0.092317	-0.011444
0.074311	0.001373	-0.003510
0.078279	0.104829	0.002899
0.040742	0.284581	0.025177
0.082246	0.371862	0.101778
0.204623	0.226596	0.090486
0.426795	0.127413	0.182345
-0.118257	-0.144808	-0.082856
-0.194553	0.041962	-0.218357
-0.074617	-0.012970	-0.117342
-0.024872	-0.225376	0.129244
0.206760	-0.243687	0.290379
0.116426	-0.495766	0.052644
-0.089876	-0.280613	0.010529
-0.133516	0.011444	-0.092012
-0.056611	0.002899	-0.192721
-0.010834	-0.017853	-0.214389
0.018158	-0.205539	-0.066072
0.264744	-0.015717	0.194247
0.519570	-0.089265	0.495155
0.113069	-0.218967	0.423438
-0.270848	0.183566	0.153048
-0.164340	0.118868	0.030365
-0.155489	-0.127108	-0.269627
-0.052033	0.250401	-0.163729
-0.153964	0.527810	-0.126192
-0.027008	0.616617	0.114595
-0.017243	0.462501	0.124361
-0.004120	0.018463	-0.178988
-0.156100	-0.692302	-0.157931
0.121920	-0.669413	-0.012055
0.280613	-0.105135	-0.011444
0.312352	-0.016632	-0.000763
0.162203	-0.100862	0.000458
-0.243076	-0.088960	0.128328
-0.056001	-0.141146	0.190890
0.016327	-0.091402	0.063020
-0.005646	-0.011139	-0.017243
-0.017853	0.049897	-0.160372
-0.000763	-0.049592	-0.059358
0.011749	-0.085603	0.070344
-0.025177	-0.078889	0.079500
-0.014496	0.042267	-0.014496
0.050813	0.146029	-0.070039
0.126802	0.119173	-0.046845
0.045624	-0.040742	-0.044099
-0.047456	0.059358	-0.000458
-0.115206	0.073701	0.072175
-0.083772	-0.090486	0.103304
0.043488	-0.090791	0.129854
0.098116	-0.155795	0.038911
0.054475	-0.034638	0.039826
0.111543	0.259251	0.066377
0.006867	0.122530	0.038605
-0.075532	0.043183	0.060578
-0.051728	-0.027619	-0.005951
0.111238	-0.012970	0.004120
0.034638	-0.033722	-0.067903
0.080110	-0.024262	0.002594
-0.007782	-0.039826	0.071565
-0.135653	0.009918	0.056306
-0.178683	0.033112	-0.016022
-0.071870	0.005646	-0.122530
0.166476	0.168612	0.003815
0.198215	0.111238	0.052949
0.158846	0.007172	0.051118
0.150301	-0.047150	0.051118
0.010224	0.041657	-0.013275
0.076448	0.263218	-0.078889
0.110323	0.309606	0.050507
-0.046540	0.144503	0.007172
-0.131075	-0.068513	0.044404
-0.049287	-0.308385	0.152132
-0.086519	-0.167697	0.028229
-0.016938	0.239414	0.071565
0.156100	0.234836	-0.012055
0.101778	-0.085603	0.024262
0.092622	-0.195468	-0.111543
0.023041	-0.319066	-0.041962
0.072480	-0.184787	0.031891
0.021210	-0.111849	0.015717
0.106661	-0.113069	0.108492
0.041657	-0.174716	0.099641
-0.017548	-0.182650	0.023346
-0.029450	-0.086824	-0.062104
0.034028	0.152438	-0.081941
0.012665	0.150912	-0.074311
-0.038605	0.086519	-0.017853
-0.053864	0.010834	0.054780
-0.158846	0.143282	0.106661
0.120394	0.295872	0.146944
0.247959	0.261997	0.146334
0.267491	0.121920	-0.057832
0.027008	-0.264134	-0.120089
-0.371252	-0.445106	-0.087434
-0.197299	-0.267491	0.095369
0.040742	-0.186007	-0.005341
0.116732	-0.201877	0.020600
0.093233	-0.045624	0.001984
0.025788	0.111849	-0.009918
0.097505	0.175937	-0.116732
0.158541	-0.126192	-0.012970
0.012055	-0.403906	0.068208
-0.059968	-0.285496	0.147250
-0.191196	0.095369	0.096284
0.129244	0.462806	0.125582
0.021515	0.197910	-0.078889
-0.123140	0.099031	-0.172580
-0.046845	0.098116	-0.082856
0.070344	-0.127413	-0.009918
-0.006256	-0.303807	0.089570
-0.009003	-0.219272	0.036164
0.080720	-0.008087	0.046540
0.043793	0.140536	0.053254
-0.028534	0.217441	-0.108186
-0.005951	0.121004	0.005341
-0.045624	-0.033112	0.070039
-0.035248	-0.168612	-0.048981
0.135042	-0.060273	0.012665
0.202792	0.018463	0.072175
-0.120089	-0.037079	0.052033
-0.080415	0.054475	-0.011444
-0.037079	0.093538	-0.000763
0.042878	0.134127	-0.092927
0.073701	0.250401	-0.092927
0.157626	0.215915	0.060273
0.217746	0.168612	0.034333
0.231785	0.033417	0.009918
0.042573	0.094148	0.041047
-0.049592	0.339818	0.051423
-0.085908	0.014496	-0.001068
0.100252	-0.082551	0.094759
0.003510	-0.247349	0.038911
-0.156405	-0.524758	0.021515
-0.072480	-0.373999	-0.033112
0.047761	-0.055695	-0.001068
0.039826	-0.027008	0.068818
-0.007782	0.048676	0.010529
-0.090181	0.089265	-0.133822
0.112154	0.255894	-0.065461
0.081941	0.384070	0.034333
0.046235	0.181735	0.025788
-0.005951	-0.068513	0.019684
-0.036774	-0.230259	0.038300
-0.043488	-0.406043	0.043488
-0.033417	-0.201266	0.001984
-0.008087	-0.074006	0.005035
0.184787	-0.022431	0.052949
0.117647	-0.009308	0.032502
0.158846	0.278477	-0.010834
0.093538	0.345312	-0.088045
-0.052033	0.219577	-0.056611
-0.011444	0.201572	-0.053254
0.094148	-0.025483	0.012360
0.016022	-0.089876	0.018158
-0.065766	-0.030976	0.042573
-0.341650	-0.430457	0.007172
-0.215000	-0.363928	-0.020600
0.100862	-0.041352	-0.044099
0.157931	0.058442	-0.043488
-0.037385	-0.001068	0.066377
-0.092317	-0.084382	0.169223
0.004425	-0.132296	0.062409
0.031281	-0.082551	-0.041657
-0.078279	-0.004425	-0.001068
-0.090791	-0.103609	0.092012
0.065766	-0.110018	0.054780
0.214389	-0.258030	0.033722
-0.068208	-0.095979	0.031891
-0.176242	0.139010	-0.018769
-0.075532	0.052949	0.017853
0.164034	-0.014191	0.028534
0.209506	0.058442	0.024262
0.128634	0.229343	0.016022
0.016632	0.136263	0.019379
-0.028840	0.101167	0.010834
0.022126	0.035248	-0.004120
0.016022	0.014191	-0.022736
0.017548	0.052949	0.085298
0.144503	0.063935	0.117037
-0.013581	-0.045624	0.148775
0.112459	-0.055695	-0.009918
0.036774	0.051118	-0.055695
-0.167697	0.240635	-0.117952
-0.083772	0.331884	-0.076143
0.305943	0.204929	0.137179
0.249485	-0.026703	0.145724
0.254063	-0.143282	0.059358
-0.321813	-0.039826	0.069123
-0.650187	-0.291600	-0.170443
-0.247959	-0.153048	-0.113375
0.139315	-0.039826	-0.040742
0.254978	-0.000763	0.044404
-0.051118	-0.021210	0.054780
-0.026398	-0.016632	-0.063935
0.017853	0.086519	-0.054780
-0.004730	0.085603	0.083162
-0.005951	0.017548	0.006256
0.056611	0.057221	0.100252
-0.017243	-0.127718	0.068208
0.001068	-0.235142	0.066072
0.003204	-0.107271	0.013581
0.100252	0.075532	-0.062409
0.113985	0.027008	-0.006256
0.193637	0.141146	-0.028229
0.144808	0.106050	-0.015717
0.047150	-0.129549	0.072786
-0.151827	0.226902	-0.017243
-0.139620	0.328832	0.051728
-0.142672	0.099947	-0.086824
0.110628	-0.086213	-0.060578
0.135653	-0.280919	0.209506
0.018769	-0.256809	0.121309
-0.069429	-0.139010	-0.056001
0.069123	-0.097200	-0.003815
0.026398	-0.201877	-0.062715
-0.031891	-0.210422	0.115511
0.026398	-0.126192	0.166781
-0.002289	-0.082246	0.006256
-0.183871	-0.101778	-0.092622
-0.154879	-0.071260	0.011444
0.033417	0.073396	0.209201
0.144808	0.217441	0.108492
0.064851	0.120089	0.049897
-0.034028	0.080110	0.036469
0.024567	0.138094	0.078279
0.137179	0.027619	0.095674
0.045930	-0.042573	-0.112154
0.027008	0.033722	0.006256
-0.011444	0.068208	-0.060578
-0.091707	0.059663	-0.126497
-0.088655	0.105745	-0.125277
-0.051118	0.432593	0.029450
0.068208	0.326390	0.099336
-0.027924	0.059663	0.027619
-0.017853	-0.191196	0.030365
-0.120394	-0.339513	0.015412
-0.031891	-0.164034	0.027924
0.262913	0.045014	0.048981
0.165866	-0.059968	0.074617
-0.074006	-0.094148	0.053559
-0.122835	0.388952	0.067597
-0.034638	0.124056	0.019684
0.055085	-0.052033	-0.000153
0.004425	-0.164034	-0.037995
-0.045624	-0.401770	0.016327
0.028840	-0.391699	-0.075532
0.091707	-0.066682	-0.058137
0.092012	0.146639	0.049897
0.060578	0.309300	0.167391
-0.139010	0.371862	0.207370
-0.172274	0.229648	-0.093538
0.020600	-0.065461	-0.161593
0.208286	-0.069429	0.026093
-0.007477	-0.316930	-0.031891
-0.027619	-0.162814	-0.083162
-0.002289	-0.081636	0.028229
-0.045014	-0.204318	0.002289
0.013886	-0.311742	-0.024872
-0.059052	-0.277256	-0.054170
-0.047150	-0.142061	0.125277
0.089876	0.052644	-0.030976
0.118868	0.049897	0.051118
0.071260	0.116426	0.162814
-0.010529	0.228428	0.103914
-0.053864	0.045014	0.001984
0.068513	0.047761	-0.024567
0.108186	0.180514	-0.011749
0.181735	0.489052	0.092927
-0.000458	0.329442	0.015717
-0.003204	0.195468	-0.045319
-0.034333	-0.144198	0.070649
-0.032197	-0.462806	0.043183
-0.142367	-0.362402	0.058747
-0.091096	-0.079500	-0.001373
0.067597	0.137484	-0.092317
0.085603	0.136568	0.081636
0.084688	0.032197	0.027619
-0.005646	0.049592	-0.066682
-0.118563	-0.050507	-0.112764
-0.095064	-0.117037	-0.071870
-0.222934	-0.086213	-0.066987
-0.004120	0.060578	0.207370
0.063325	-0.151217	0.018463
0.169528	0.010529	0.084077
0.183261	0.098726	0.010224
0.132601	0.053864	-0.048981
-0.016632	-0.165255	-0.071870
-0.447547	-0.355077	0.023346
-0.359045	-0.327611	0.075227
0.001984	-0.119783	0.056306
-0.011749	0.150607	0.104219
0.103304	0.327001	0.059663
0.075227	0.168002	-0.114595
0.068818	-0.063020	-0.089570
0.057527	-0.068818	0.018158
0.189364	0.055390	0.127413
0.158236	-0.017853	-0.002899
-0.038911	0.000153	-0.103914
0.004730	0.023651	-0.052338
0.025788	-0.012665	-0.019074
0.031281	0.028840	0.183566
-0.067292	-0.022126	-0.023041
-0.021820	0.010834	-0.046235
0.177157	0.018769	0.061189
0.234836	0.109102	0.110323
0.064546	0.015717	0.053559
0.001678	0.057832	0.047456
0.005646	0.128634	-0.005035
0.025483	-0.053254	-0.045014
-0.062409	-0.108797	0.034638
-0.052949	-0.062409	-0.033722
-0.097810	-0.016632	-0.040742
-0.097505	0.011749	-0.028534
-0.003204	0.052338	0.083162
-0.026398	0.039216	0.111543
-0.073091	0.047761	-0.005341
0.048371	-0.039216	-0.059052
0.083772	-0.057832	-0.085298
0.145113	0.005951	0.081331
0.153048	0.070039	0.202487
0.075227	0.018158	0.059052
0.051728	0.007782	0.034943
-0.051728	0.135653	0.051118
-0.054780	0.048676	0.050202
0.034943	-0.077363	0.050202
0.135042	0.034638	0.040131
0.078279	-0.237278	-0.087739
0.041047	-0.265660	-0.097200
0.041962	-0.196078	-0.054475
0.040436	-0.142061	0.072480
0.115206	-0.138094	0.150607
0.027619	-0.087739	0.104524
-0.021210	-0.070344	0.014191
-0.082246	-0.023041	-0.047456
0.013275	0.121309	0.127108
-0.090181	0.073396	-0.065461
-0.121309	0.134737	-0.161593
-0.069734	0.229953	-0.132906
0.016632	0.204929	-0.039216
0.032807	0.243381	-0.001373
0.056611	0.379797	0.036469
0.154879	0.083467	-0.105745
0.112459	-0.060883	-0.033112
-0.194858	-0.166476	-0.034943
-0.232090	-0.261692	-0.056611
0.006867	-0.096895	0.203708
0.249485	-0.069123	0.173190
0.043183	-0.182345	-0.037690
-0.094148	-0.049287	-0.009918
-0.093843	-0.031891	-0.029450
0.076753	0.079500	-0.047150
0.009003	0.600137	-0.040131
-0.017243	0.545205	0.093233
-0.016022	0.157626	0.061799
-0.037690	-0.206149	0.141756
-0.058747	-0.570535	0.108492
-0.185397	-0.410315	0.032197
-0.280919	-0.169223	0.037995
0.208286	-0.125277	-0.029145
0.303807	-0.163119	0.043183
0.229953	0.055695	0.056916
0.147555	0.182650	0.057832
0.126192	0.200961	0.013581
0.083467	-0.015412	-0.043488
-0.081941	-0.353246	0.014801
-0.195163	-0.329137	0.111543
-0.093233	-0.339818	0.079500
-0.000153	-0.070649	0.041047
0.039826	0.152438	0.037690
0.160678	0.193027	-0.030060
0.193637	0.354162	-0.106661
0.044099	0.181735	-0.114290
-0.102083	-0.164950	0.016938
-0.018463	-0.184176	0.023346
0.104829	-0.114290	0.182040
-0.004120	-0.019074	0.222019
-0.025483	-0.037690	-0.041962
-0.006867	0.054170	-0.082856
-0.001678	0.117037	-0.048981
0.013886	0.200961	-0.021210
-0.031586	0.109712	-0.046845
-0.087739	-0.077668	0.022126
-0.035554	-0.220798	-0.031586
0.167697	-0.168917	0.074006
0.300450	-0.012970	0.204929
0.071565	-0.074006	0.075837
-0.030671	-0.059663	0.044099
-0.024262	0.071870	-0.034638
0.000458	0.126802	-0.001068
-0.049592	0.042267	-0.014801
0.017853	0.182345	-0.018463
0.102693	0.463111	-0.126192
0.020905	0.306554	-0.197604
-0.015412	0.192111	-0.095369
-0.120394	0.029450	0.149081
-0.397192	-0.333715	0.002289
-0.134127	-0.156100	-0.030365
0.174105	-0.107881	0.066072
0.059663	-0.077974	0.181125
0.040436	-0.092317	0.041047
-0.009003	-0.268406	-0.088350
-0.004425	-0.008698	0.012970
-0.094453	-0.004120	-0.024872
-0.059052	-0.024262	0.027924
0.071565	-0.047761	0.037690
0.153964	-0.033722	0.004425
0.219883	0.027924	0.022736
0.157015	0.063935	0.140841
-0.053864	-0.004730	0.043488
-0.098421	0.064240	-0.014496
-0.106966	0.021210	0.007477
-0.163119	0.001678	0.027924
-0.065766	-0.012970	-0.000458
0.118868	-0.023957	0.038911
0.077668	0.016022	-0.004425
0.044404	-0.015106	-0.081941
-0.121309	-0.098726	-0.229343
-0.116732	-0.012055	-0.070344
0.042573	0.007782	0.179904
0.268101	0.062715	0.410010
0.252537	0.021210	0.154269
-0.048981	0.112459	0.011749
-0.141756	0.029450	-0.028534
-0.022736	-0.032502	-0.058137
0.125887	-0.061799	0.042267
0.039521	-0.013275	-0.074617
0.071565	-0.020600	-0.037079
0.064240	-0.074006	0.032502
-0.000153	-0.033417	0.023346
-0.028534	-0.024872	0.059052
0.044709	-0.010224	0.021820
0.110628	0.092317	0.055390
0.137789	-0.183261	-0.140536
-0.021210	-0.127718	0.046845
-0.090791	0.022431	0.057221
0.021820	-0.040131	-0.037079
0.109102	-0.205539	-0.034028
0.089876	-0.162509	0.028534
-0.056916	-0.019074	0.163729
-0.089570	0.083467	0.154574
-0.052644	0.356909	-0.077974
0.018463	0.147860	-0.026093
0.003510	-0.047150	-0.003204
0.017243	-0.038911	-0.095979
-0.102693	0.118868	-0.025788
0.062409	0.053254	0.033417
0.081331	-0.091096	-0.053559
0.119478	-0.204623	-0.021820
0.171054	-0.194553	0.115816
0.073701	-0.131075	0.131685
-0.007477	0.207065	0.070039
0.036774	0.796368	0.113680
-0.035554	0.452430	-0.083162
0.017243	0.195163	-0.084382
-0.063325	-0.182345	-0.061494
-0.007782	-0.347143	-0.001068
0.006867	-0.241550	-0.012665
0.027008	0.030060	0.037079
0.086519	0.086519	0.137484
0.039521	-0.050202	-0.018158
0.010834	-0.089570	-0.037079
-0.073701	-0.174716	0.011749
-0.199130	-0.329747	-0.046235
-0.202182	-0.191501	0.018463
-0.121309	-0.147250	0.009003
-0.000458	-0.162814	0.045930
0.291295	0.119173	0.063935
0.157931	0.033112	0.039826
0.121920	0.150912	-0.049592
0.197910	0.431678	-0.016938
0.161288	0.569924	0.021820
0.128328	0.714885	0.097200
0.094759	0.318151	0.006561
-0.092012	-0.504311	-0.026398
-0.193637	-0.636759	-0.100557
-0.216526	-0.384985	0.010834
-0.167086	-0.257115	0.005341
0.066682	-0.055085	0.049287
0.268406	-0.066987	0.090486
-0.003204	-0.162814	0.148775
0.000458	-0.199435	0.052949
-0.065156	-0.046235	-0.016327
-0.088045	-0.037079	0.042267
-0.053254	-0.069429	0.092012
0.141146	0.057832	0.023957
0.127718	0.165866	0.019989
0.004425	0.047150	-0.070039
-0.048066	0.068513	0.036164
-0.027924	0.030976	0.051728
0.133516	-0.021515	-0.028229
0.214084	-0.127108	0.056306
0.110323	-0.223239	0.089876
0.072480	-0.195468	0.029450
0.002899	0.112764	-0.020294
0.111849	0.410315	0.068208
0.142061	0.178683	-0.064546
0.099031	-0.045930	-0.025177
-0.058442	-0.084077	-0.056611
-0.175631	0.021820	-0.020600
-0.166781	0.013275	-0.026703
-0.028534	0.053254	-0.046540
-0.075227	-0.030671	-0.166171
-0.132906	-0.107881	-0.094148
-0.082246	-0.024262	0.056001
-0.070344	0.041962	0.125277
-0.222629	-0.025177	0.071260
-0.092317	-0.092012	0.096284
0.039826	0.003815	0.172274
0.059663	0.063630	0.127108
0.002289	-0.107881	0.029145
0.204013	-0.027008	-0.022126
0.362707	-0.020600	0.018769
0.109712	0.089876	-0.027314
0.132296	0.175937	-0.059968
-0.008392	0.046845	-0.117647
0.017548	-0.051423	-0.030976
0.024567	-0.116732	-0.044404
-0.078584	0.117647	0.116426
-0.102083	0.153964	0.146944
0.037690	0.135042	0.004730
-0.045319	-0.012055	0.025177
0.092012	-0.096590	0.060273
0.032807	-0.082246	-0.000458
0.042573	0.033112	0.019074
0.073091	0.003204	0.037995
0.064851	-0.067597	0.017548
0.092317	0.024567	-0.010834
0.116121	0.123445	0.110933
-0.039826	0.108797	0.012665
0.090181	0.142367	0.004120
0.221408	0.039216	-0.011139
0.056611	-0.051118	0.014801
0.038911	0.063325	0.088350
0.055390	0.218051	0.151522
-0.022431	0.125887	0.210422
0.045014	0.000153	0.020905
0.019379	-0.188144	-0.041352
-0.078279	-0.426795	0.175021
-0.125887	-0.425269	0.108186
-0.059358	0.132601	0.033722
-0.001373	0.380407	-0.130159
-0.120089	0.173800	-0.132296
-0.207065	-0.141146	0.011749
0.008392	-0.482033	0.010224
0.110323	-0.535744	-0.060273
0.073396	-0.334325	-0.037995
-0.008087	-0.224155	0.002899
0.135348	0.027924	0.021210
0.081636	0.058747	0.064546
0.041962	-0.020905	0.133822
-0.090181	0.048371	-0.079805
-0.023041	0.105745	-0.072786
0.034333	0.224155	0.043183
0.107271	0.351415	0.020294
0.098421	0.810407	-0.042267
0.093843	0.631876	0.011444
-0.052644	0.222629	0.072175
0.146334	-0.107576	0.188754
0.131685	-0.557717	0.119478
-0.099336	-0.628519	-0.014191
-0.110323	-0.317845	-0.066682
-0.108797	-0.183261	-0.189670
-0.125277	-0.105135	-0.144503
-0.011444	0.095369	-0.005951
-0.049897	0.135348	0.049287
-0.024262	0.063020	0.149386
0.100252	0.014801	0.004730
0.062715	-0.008698	-0.037385
-0.016632	-0.026703	-0.130159
0.011444	0.044404	-0.011444
-0.012970	0.083772	0.122835
0.032807	0.016632	0.116426
0.051728	-0.139620	0.071565
-0.070649	-0.373388	0.032807
-0.095064	-0.436866	0.042573
0.059358	-0.164034	0.049592
0.064851	0.154879	-0.010224
0.155795	0.464942	0.077363
0.167697	0.440528	0.049287
0.005951	0.001373	-0.035554
0.060578	-0.039826	-0.106355
-0.016632	-0.060883	-0.064851
-0.073091	0.000763	0.005646
0.011139	0.022126	-0.024262
0.118868	0.051423	0.061189
0.093538	0.070344	-0.013581
-0.033722	0.044099	-0.007477
-0.015412	0.032502	-0.030976
0.057832	0.141756	-0.022736
0.017243	0.230869	0.193332
-0.046845	-0.044709	0.032197
-0.092927	-0.106661	-0.092927
0.005646	-0.229953	-0.032502
0.051423	-0.056001	0.013275
0.085603	0.027008	-0.086519
0.164950	-0.001678	-0.100862
0.068513	-0.085603	0.034333
0.199130	0.062104	0.230869
0.419471	0.139620	0.115511
0.197910	0.094453	0.119783
0.017853	0.066377	-0.093538
-0.167391	0.081025	-0.099031
-0.292821	0.164034	-0.073396
-0.037079	0.109712	0.006561
0.004120	0.045930	0.054170
0.020294	-0.142061	0.103304
-0.061799	-0.288853	0.073701
-0.058747	-0.386816	-0.067903
0.001984	-0.243687	-0.011749
0.017243	-0.085908	0.116121
0.033722	-0.082856	0.050507
-0.093233	0.025483	-0.020905
-0.079805	-0.086519	-0.092622
0.003204	-0.057527	-0.088350
0.028534	0.027314	-0.047150
-0.013275	0.014496	-0.037995
0.056001	0.017853	0.007477
0.185397	0.028229	0.017243
-0.087739	-0.075227	-0.019074
-0.068208	-0.147250	-0.068818
0.012970	-0.030976	0.079194
0.036774	0.052949	0.088655
0.080110	0.139315	0.135348
0.146639	0.304723	0.033722
0.147555	0.174411	0.026093
0.132601	0.027924	0.020600
0.056611	-0.066072	0.002594
0.067597	-0.099031	0.022431
-0.037079	-0.102693	-0.058442
-0.256504	-0.041352	0.006867
-0.214694	0.051728	0.241550
0.035248	0.310521	0.076753
0.088960	0.309300	-0.016022
0.018769	0.283665	0.002899
0.112764	0.155184	0.032197
-0.020905	-0.215000	-0.100557
-0.000763	-0.475624	0.035248
0.069123	-0.328832	0.153964
0.074922	-0.218357	0.051118
-0.007477	-0.036469	0.073701
-0.028534	0.071260	-0.070649
-0.027008	0.017548	-0.035248
-0.002899	-0.059358	-0.048371
-0.021515	-0.066072	0.014191
-0.010529	0.042878	0.100557
0.012055	0.029450	0.040436
0.041352	-0.050202	-0.009308
-0.033722	-0.307469	-0.000153
-0.149081	-0.310216	0.034943
-0.164034	-0.139620	0.066072
-0.079500	-0.004425	0.041352
0.011444	0.252232	0.034943
0.071565	0.247044	-0.041352
0.007477	-0.028840	-0.034943
-0.048371	0.161288	-0.028229
0.153353	0.202182	-0.019074
-0.024872	0.067597	-0.031586
-0.099641	0.027008	-0.047456
0.090181	-0.008392	0.093233
0.145724	-0.052338	0.094148
0.190890	-0.083162	0.103914
0.127718	-0.235752	-0.060273
0.133516	0.018769	-0.039521
0.033722	0.110018	-0.023957
-0.015717	0.220798	-0.182956
0.015106	0.073091	-0.092317
0.019989	-0.001678	0.044099
0.017243	0.039826	0.061189
-0.039826	0.012360	0.063935
-0.071260	-0.059663	0.113375
0.099031	-0.086824	0.122225
-0.026093	-0.168002	0.097200
-0.171359	-0.157931	0.060578
-0.104524	-0.052949	-0.103609
0.038911	0.122835	-0.012970
0.143282	0.226291	0.010224
0.111849	0.079500	0.051118
0.103304	0.135348	0.054170
0.191806	0.288243	0.086824
0.201572	0.133822	0.143587
0.069429	-0.059358	-0.000458
-0.016632	-0.098116	0.011444
-0.102388	-0.326085	-0.045014
-0.126497	-0.258030	-0.121920
-0.091707	-0.091402	-0.046845
0.028229	0.054170	0.046540
0.061494	0.090181	0.032807
0.086824	0.069123	0.027008
0.101472	-0.061494	0.043488
0.066987	-0.206455	0.035248
-0.075837	-0.219883	0.032197
-0.170138	-0.083772	0.027314
-0.107576	0.076143	-0.059358
-0.096284	0.124056	0.001373
0.042267	-0.001373	0.068208
0.083467	-0.047456	-0.012055
-0.027008	-0.055695	-0.006256
-0.012360	-0.012665	0.011444
0.009918	-0.032807	0.147555
0.105135	0.106966	0.214389
0.028534	0.019989	-0.078279
-0.044709	0.099947	-0.147250
0.074006	0.077363	-0.031891
0.091096	0.011749	0.048676
0.097810	0.011749	0.147555
-0.057832	-0.026703	0.023346
-0.068208	-0.046540	-0.062715
0.104219	-0.023651	-0.160372
0.032502	-0.053864	0.120394
-0.310216	-0.208896	0.019379
-0.353857	-0.166781	0.074922
-0.117342	0.132906	0.071870
0.279088	0.626993	0.030671
0.342565	0.466468	-0.070649
0.313573	0.218051	0.057832
0.066682	-0.211337	-0.028229
-0.121920	-0.313573	0.086213
-0.112764	-0.377050	0.061799
-0.094453	-0.465858	0.027314
-0.012055	-0.377356	0.052338
-0.077668	-0.284581	0.093843
0.022126	0.429541	0.092622
-0.029145	1.086900	0.027314
0.133822	1.049058	-0.097200
0.268711	0.395972	-0.094759
0.054170	-0.196384	-0.116121
-0.025177	-0.619974	-0.129244
0.027924	-0.738079	0.018158
0.042573	-0.347143	-0.022736
-0.030976	-0.073396	0.010834
-0.089876	-0.088045	0.086213
-0.164340	-0.067597	0.073701
-0.085908	-0.062409	0.017243
0.130465	-0.045930	0.012665
0.112459	-0.049592	-0.024872
0.022736	-0.046845	-0.001068
0.088655	0.002899	0.013886
0.018463	-0.009918	0.037079
0.018463	-0.052949	0.027619
-0.002594	-0.038300	-0.000763
-0.026093	0.020905	0.073701
0.016632	0.061189	0.075227
0.063630	0.055695	0.001068
0.001373	0.095369	0.050813
0.018463	0.055085	0.065156
0.065156	0.066072	-0.051728
0.164340	0.023651	-0.050202
0.183261	-0.013581	0.023346
-0.048371	-0.157626	0.044709
-0.119478	-0.117647	0.058747
-0.239414	-0.178988	-0.024262
-0.193637	-0.208286	0.068818
0.088350	-0.170748	0.147555
-0.118563	-0.314488	0.078584
0.052338	-0.136263	0.155795
0.195163	0.244602	0.170748
-0.031281	0.095674	0.014496
0.050813	0.287327	-0.051423
0.016022	0.219577	-0.065156
0.043488	0.111543	-0.069123
0.073701	0.106966	0.044404
0.060273	0.048676	-0.017548
0.007172	0.030060	0.009308
0.023041	0.015106	-0.012360
0.036469	0.063020	-0.006561
0.007477	-0.014191	-0.025483
0.024872	-0.027619	-0.065766
-0.012665	-0.035248	-0.049592
-0.122835	-0.068208	-0.079500
-0.027619	0.023651	0.030365
0.093233	0.032807	0.058747
0.126192	0.091707	0.010224
-0.122225	0.117037	-0.034333
-0.033112	0.073396	-0.095674
0.066072	-0.078889	-0.198825
0.081025	-0.113680	-0.097810
-0.057527	-0.179294	0.107271
-0.185397	-0.012665	0.142367
-0.145418	0.209201	0.108797
-0.023041	0.153658	0.058747
0.229038	0.004730	0.054780
0.081941	-0.109407	-0.081025
-0.129854	-0.015106	-0.044709
-0.193637	0.065156	0.026398
0.145724	0.152743	0.142367
0.539712	0.171054	0.139925
0.591897	0.153353	0.122530
0.180209	-0.231785	0.204623
-0.262608	-0.296178	0.001678
-0.131380	-0.103304	-0.103914
-0.073091	-0.037385	-0.083162
0.017548	0.005341	0.013581
0.005951	-0.036774	-0.124361
-0.058747	-0.018769	-0.139620
-0.036774	0.020294	-0.110628
0.023957	0.138705	-0.037690
0.021515	0.261387	0.150912
0.126192	0.787823	0.035554
0.154269	0.844282	-0.038300
0.183566	0.370031	0.000458
0.099336	-0.280613	0.048981
0.023346	-0.750896	0.057221
-0.168002	-0.998398	-0.045319
-0.158236	-0.496986	0.018769
-0.164034	-0.098116	-0.038605
-0.070039	0.002289	-0.055085
-0.013581	-0.002899	-0.031281
-0.124361	-0.104829	-0.101778
-0.058442	-0.088045	0.004120
0.183566	-0.076448	0.113069
0.171664	-0.201877	0.063630
0.189364	-0.272068	0.154269
-0.021820	-0.120089	0.154574
-0.061189	-0.059358	0.000763
0.040742	0.124056	-0.002899
0.077363	0.149081	-0.061799
0.043488	0.022736	0.019684
0.090181	0.033112	0.164340
-0.056916	0.009308	0.062409
-0.085298	0.186618	-0.052338
-0.048066	0.250401	-0.065766
-0.087129	0.017853	-0.085298
0.041352	0.062409	0.022431
-0.010834	0.009308	-0.102083
-0.046845	-0.009613	-0.005341
-0.035859	0.023957	0.103304
-0.030365	0.049897	0.088045
-0.061189	-0.011749	-0.043793
0.034333	-0.107881	-0.050202
0.057832	-0.105745	0.037079
0.094148	0.018158	0.227207
0.010529	0.000153	0.151827
-0.070954	0.070649	0.146639
-0.113069	0.157321	0.026398
-0.004730	-0.000458	-0.080110
0.141756	-0.063325	-0.085298
0.140230	-0.025483	-0.044099
-0.001068	0.072786	-0.024567
-0.098421	-0.013581	-0.058747
0.019684	0.010224	-0.001984
-0.067903	0.040742	0.064240
0.124971	0.049287	0.043793
0.069123	-0.033417	0.093843
0.059358	-0.049897	0.016327
0.052338	-0.069734	-0.000763
-0.009613	0.037995	0.062409
-0.075227	0.105135	-0.000763
0.008392	0.074617	0.037690
0.133516	0.013275	0.032197
0.059358	-0.160983	-0.021210
0.040742	-0.017243	0.052949
0.063935	0.056001	-0.000458
0.095369	0.079194	0.066987
-0.033112	0.030671	0.195773
-0.041657	-0.081636	0.142977
-0.041962	-0.140841	0.147250
-0.067597	-0.123751	0.028840
0.040742	0.084077	0.032807
0.130159	0.120699	-0.177157
0.113985	0.002594	-0.205539
0.006256	-0.034333	-0.110933
-0.038300	0.021820	-0.018463
0.004425	0.073701	0.074311
-0.033722	0.042878	0.023041
-0.104829	0.002594	0.047150
-0.052644	-0.057832	0.069123
0.310216	0.187228	0.098421
0.102693	-0.059968	0.013275
0.114290	-0.307469	0.117952
-0.105440	-0.246738	0.039521
-0.012055	-0.056916	0.019989
0.150607	0.069123	-0.037079
0.095674	0.290684	-0.051118
0.023651	0.078584	-0.062715
-0.123140	0.195773	-0.035248
-0.076448	0.018463	0.050813
0.125887	-0.184787	0.144808
0.180514	0.014801	0.204013
-0.079194	-0.188754	0.035554
-0.121920	-0.172885	-0.133211
-0.067292	0.111543	-0.095369
-0.084688	0.136263	0.043488
0.012665	0.624857	0.088045
-0.074617	0.377661	-0.215305
-0.027008	-0.113985	-0.082246
-0.012665	-0.422827	0.048066
0.146944	-0.363317	0.151217
0.391699	-0.378882	0.139315
0.066072	-0.249180	0.052033
-0.089570	0.125582	0.044709
-0.086824	0.047150	-0.084077
0.075837	-0.172580	-0.100252
0.093233	-0.169833	0.015412
0.101167	0.036774	0.135348
-0.004120	0.019074	0.092927
-0.102693	0.303807	0.115511
-0.129244	0.282444	-0.083772
-0.058747	-0.221408	-0.159152
0.078584	-0.352941	-0.204929
0.150301	-0.090486	-0.025788
0.073091	-0.008698	0.215305
0.005646	0.025788	0.081025
-0.015717	0.053864	0.171359
-0.079805	-0.049897	0.083162
0.001068	-0.077363	0.043183
-0.031891	-0.066072	0.022736
-0.045624	0.153048	0.029755
0.009613	0.248875	-0.066682
-0.190585	0.173495	-0.069123
0.072480	0.172580	0.015412
0.267185	0.108492	0.153048
0.036469	-0.067292	0.147860
0.123140	-0.080720	0.021515
0.055695	-0.043183	0.023041
-0.103609	-0.124666	-0.070039
-0.220798	-0.158846	-0.072480
-0.192416	-0.102693	0.012970
0.128023	-0.070954	-0.011749
0.156710	0.013275	0.094148
0.005646	-0.075532	0.142367
0.070344	-0.259251	0.075532
0.120089	-0.241855	0.080110
0.152132	-0.076448	0.083467
0.033112	0.262608	0.075227
-0.019989	0.547036	-0.164645
-0.139315	0.310826	-0.196689
-0.156710	0.103304	-0.011444
-0.030365	-0.172580	0.006256
-0.132296	-0.319066	-0.030976
0.089265	-0.142367	0.032502
0.062409	-0.027314	-0.074006
-0.001678	-0.045319	0.019074
0.071870	-0.030671	0.066377
0.138705	0.039521	0.035554
0.159762	0.089570	0.115816
0.131075	0.005035	0.042878
0.096895	0.000458	-0.049287
0.146029	0.042573	-0.006256
0.091096	-0.070344	-0.038300
-0.098726	-0.217746	0.017243
-0.155795	-0.090791	0.106050
0.110628	0.114595	0.219577
0.047456	0.155489	0.035248
0.074311	0.061189	-0.052033
0.074617	0.070649	-0.037690
-0.056001	-0.096284	-0.004730
-0.072786	-0.155795	-0.003815
0.004425	-0.130770	-0.045014
-0.033722	-0.068818	-0.111543
-0.127108	-0.005341	-0.012055
-0.137179	0.226902	0.151522
-0.059968	0.279088	0.142367
0.117952	0.090791	0.037385
0.179904	0.086824	0.051423
0.192416	0.047150	-0.067292
0.013886	-0.081331	-0.101778
-0.065766	-0.126192	-0.001068
-0.057832	-0.030060	0.043793
-0.004730	0.029755	0.014496
0.023041	0.001068	0.001068
0.008392	-0.120394	-0.017853
0.014496	-0.191196	0.084077
-0.021515	-0.315404	0.011139
0.019989	-0.316320	-0.005341
0.043488	-0.288243	-0.048066
0.049287	-0.129244	0.000458
-0.036164	-0.066682	-0.085908
-0.058442	0.150607	0.054780
-0.088045	0.308995	-0.003204
0.001068	0.233310	-0.020600
0.058442	0.201572	-0.020294
0.223545	0.120394	0.091096
0.057221	0.072175	0.073091
-0.106050	0.089570	0.061189
-0.095064	0.152743	-0.020905
-0.003815	0.204929	-0.086824
0.229343	0.244602	0.012970
0.096895	0.081025	0.021210
0.036774	-0.119478	0.034333
0.039521	-0.139315	0.086519
-0.122530	-0.265049	0.032502
-0.067597	-0.159762	-0.028229
-0.067292	-0.105440	-0.049287
0.024567	-0.070649	-0.071260
-0.084688	0.002899	-0.227207
0.175631	0.128328	-0.006867
0.117037	0.182650	0.154269
-0.018158	0.119783	0.049592
-0.034028	0.014801	-0.063020
0.027314	-0.043183	0.055390
0.005646	-0.154269	0.072480
-0.006561	-0.117037	0.001068
0.125582	0.033112	0.044709
0.000153	0.024262	-0.006867
0.194247	0.036469	-0.042573
0.062409	0.003815	-0.082856
-0.027619	-0.034943	-0.035248
-0.097505	-0.174411	-0.081941
-0.051728	-0.053864	-0.004120
0.246433	0.072480	0.228733
0.153353	-0.075227	0.092622
0.014496	-0.214389	-0.056001
-0.011444	-0.169833	0.059358
-0.016632	0.028840	0.064851
-0.045930	0.426184	0.144503
0.061189	0.580911	0.073396
0.119478	0.277867	0.030365
-0.005646	-0.054475	0.055390
-0.025788	-0.237888	0.045319
-0.063020	-0.619059	-0.068208
0.083772	-0.240635	-0.113985
0.234226	0.138094	-0.029755
-0.019074	0.185397	-0.057221
-0.137179	0.051423	-0.035248
-0.148165	-0.011139	-0.072786
-0.123445	-0.313573	0.042573
-0.015106	-0.261082	0.082246
0.086213	-0.070344	0.110933
0.094759	0.306554	0.077668
0.043183	0.176242	-0.008087
0.091096	0.268711	0.066987
0.159152	0.021820	-0.038605
0.016632	-0.179599	-0.161593
0.003510	-0.092927	-0.046540
-0.044099	-0.081331	0.041352
-0.006256	0.105440	0.086824
-0.081636	0.118563	-0.035248
-0.102693	0.121309	0.037690
-0.160678	-0.044404	-0.074311
0.059663	-0.084993	0.031586
0.066377	-0.046845	0.046235
0.038300	-0.060578	-0.102693
0.077974	0.020600	-0.070649
0.203403	0.071260	0.098421
0.088960	0.037690	0.086824
-0.082856	-0.048676	0.122225
-0.090791	-0.158846	0.025177
-0.231174	-0.119478	0.036774
-0.196384	0.038605	0.115511
-0.136263	0.310216	0.019074
0.094148	0.182650	0.084077
0.210727	-0.034028	0.119173
0.159457	-0.123445	-0.099031
0.084688	-0.419776	-0.161898
-0.105745	-0.623636	-0.045624
-0.095979	-0.219272	0.243381
0.041352	-0.173495	0.210422
0.059663	0.092317	0.072786
0.077058	0.308080	0.150912
-0.033112	0.201877	-0.034028
0.133516	0.076143	0.021210
0.111543	-0.027008	-0.124361
-0.019379	0.044099	-0.104524
0.023957	0.072175	0.060578
0.095674	0.394446	0.047761
0.036164	0.708782	0.036164
0.052033	0.404822	0.012970
0.095674	0.092317	-0.053864
-0.097810	-0.269627	-0.005951
-0.182345	-0.555886	-0.025483
0.045930	-0.411536	0.106050
0.156405	-0.197299	0.112764
0.051118	-0.191196	-0.019989
0.000763	-0.088960	-0.020600
-0.019074	-0.053864	-0.048371
0.035248	0.057221	-0.019684
0.096284	-0.032197	0.002289
0.121309	-0.045624	0.202182
0.052033	0.012970	0.277867
0.013581	0.046235	0.030060
0.045624	0.109712	-0.055390
-0.065156	0.216526	-0.169833
-0.022126	0.490272	-0.164034
0.042267	0.367895	-0.064546
0.224765	-0.016327	0.136873
0.079194	-0.326390	0.034943
-0.013581	-0.359960	0.027619
0.004120	-0.264744	0.020294
-0.164645	-0.049592	-0.071565
-0.172580	0.027619	0.039826
0.102388	0.082856	0.043793
-0.062715	0.032197	0.008392
-0.029755	0.096284	0.064546
0.061189	-0.028534	0.047456
0.071565	0.010529	-0.106966
0.047761	0.112459	-0.099947
0.002289	0.091096	-0.095369
0.036164	0.020600	-0.103609
0.089265	0.030671	0.046235
0.116426	-0.036469	0.051423
0.098726	-0.042267	0.014496
0.130159	0.069734	0.140841
0.146639	0.039826	0.103609
-0.012970	-0.136568	0.031891
-0.140536	-0.182345	0.003204
-0.122225	-0.121920	0.114290
-0.095979	-0.081636	0.062104
-0.046540	0.037690	0.083467
0.009003	0.024567	0.099641
0.046235	-0.015106	0.037690
0.034943	0.009613	-0.045930
-0.012360	0.075837	-0.026093
0.030365	0.218967	-0.025483
0.052338	0.219883	-0.039826
0.063935	0.200351	-0.012055
0.070344	0.070039	0.151217
-0.052338	-0.081941	0.075837
0.016938	-0.122835	0.073701
0.027619	-0.190890	0.023346
-0.081025	-0.281529	-0.059358
-0.008392	-0.291600	-0.011749
-0.073091	-0.276646	-0.049287
-0.097810	-0.059358	-0.056611
-0.027008	0.111543	-0.187533
0.115206	0.051118	-0.052338
0.097200	0.021820	0.149691
0.119478	0.024567	0.071565
0.081025	0.263523	-0.019074
0.003815	0.306554	-0.014191
-0.034028	0.101167	0.098116
-0.111238	-0.111543	0.115206
0.156100	-0.216526	0.133822
0.028229	-0.404211	0.098726
-0.064546	-0.377661	-0.070649
-0.164034	-0.274815	-0.085298
-0.039826	-0.218051	0.001068
0.207370	0.153658	0.170748
0.116426	0.146944	0.073091
0.063020	-0.064546	0.040742
-0.042267	-0.016022	0.129549
0.046845	0.178378	0.029450
0.225071	0.272679	0.036774
0.030671	0.038911	-0.106050
-0.011749	-0.050813	-0.054475
0.031891	-0.118868	0.052644
-0.066377	0.074006	0.091402
-0.187839	0.337682	0.038605
-0.272374	0.483558	-0.100252
-0.006256	0.534524	0.025177
0.408179	0.359045	0.064851
0.315709	-0.081025	-0.092622
-0.037690	-0.563516	-0.060273
-0.057221	-0.468605	0.044099
-0.092622	-0.271153	-0.070344
-0.059968	-0.073701	-0.009918
0.027008	-0.132296	0.041962
0.061189	0.017548	-0.024872
0.091096	-0.013275	-0.023957
0.054170	0.014496	-0.051118
0.012970	0.168002	-0.073091
-0.003204	0.228428	-0.004730
-0.015717	0.229343	0.262303
-0.113680	0.100862	0.013581
0.016938	0.007477	0.012665
0.021820	-0.024567	0.082551
0.132906	-0.204623	0.046235
0.079194	-0.134432	0.032502
0.022431	-0.025483	-0.019379
0.085298	0.028534	0.009308
-0.200351	-0.060883	0.024567
-0.185397	-0.095064	0.024567
-0.071565	-0.027008	0.050507
-0.001678	0.062104	-0.012970
-0.032807	0.485389	-0.033417
0.058442	0.730755	-0.012970
0.183566	0.310521	0.146944
0.107576	-0.092927	0.000153
-0.084688	-0.235752	-0.047150
-0.084993	-0.325475	0.120394
0.250706	-0.086519	0.152132
0.317540	-0.059663	0.113375
0.258946	-0.221714	0.021515
0.136568	-0.162509	0.040742
-0.014801	-0.315099	-0.012055
-0.248264	-0.232700	-0.028840
-0.217441	-0.003815	0.020600
-0.207675	-0.034638	-0.083467
-0.058747	-0.042573	-0.001068
0.007477	-0.007477	0.021210
0.025788	0.025788	-0.009003
-0.039216	-0.020294	0.002899
0.004120	0.031891	-0.026398
0.156405	0.060273	-0.087434
0.156100	-0.023651	-0.047150
0.101472	0.021820	-0.025483
0.028840	-0.083162	0.112764
0.016938	-0.094453	0.134127
0.021820	0.023651	0.110018
-0.056001	-0.287022	0.105440
-0.154574	-0.485084	0.045930
-0.087739	-0.417945	-0.130159
-0.032197	-0.114290	-0.080415
-0.149691	0.231785	-0.002899
-0.019989	0.455177	-0.060578
0.242466	0.452125	-0.111543
0.160983	0.372778	-0.064546
0.093233	0.277562	-0.094148
0.179599	0.302281	0.093233
0.117952	0.104829	0.120699
0.031281	-0.152743	0.111238
-0.176547	-0.168612	-0.111849
-0.092927	0.281224	-0.031281
-0.084382	0.129854	-0.036774
-0.011139	0.063630	-0.035859
0.253758	0.057527	0.217746
0.131075	-0.273289	0.079805
0.015412	-0.266880	-0.013581
-0.015717	-0.223545	0.003204
-0.126497	-0.189059	0.004730
-0.139315	-0.132906	0.035554
-0.001068	-0.056001	0.039216
0.044404	-0.087739	0.074006
0.080110	-0.112154	-0.010834
0.022126	-0.182345	-0.043793
0.074922	0.009308	0.110628
0.023041	0.136568	0.059968
-0.110933	0.061799	-0.048066
-0.129549	0.023041	0.021515
-0.065461	0.027314	0.114290
0.097810	0.232395	0.091096
0.027619	0.258946	-0.055085
0.152132	0.258946	-0.065156
0.202792	0.179294	-0.037690
0.126192	-0.106966	0.147860
0.023041	-0.161288	0.027924
-0.011444	-0.066072	0.113069
-0.068513	-0.014801	-0.008087
-0.084077	-0.021515	-0.044099
-0.012970	-0.026398	0.045319
0.030671	0.031891	-0.004730
0.117342	0.056611	0.000153
0.082551	-0.019074	-0.029145
